0,3840.4394,1112.3074
1,3838.8341,985.9877
2,3842.5869,965.9173
3,3836.9571,1063.2778
4,3834.6249,938.8501
5,3840.3023,1081.5482
6,3842.1594,994.7308
7,3831.2073,1258.8912
8,3832.4877,831.2723
9,3841.0635,1186.4679
10,3834.7613,1196.3301
11,3841.7374,813.1836
12,3826.4986,1230.4822
13,3838.8787,1096.2016
14,3835.0457,1210.3764
15,3825.0724,1045.3837
16,3835.6215,1249.51
17,3836.2231,1211.0554
18,3839.8845,1247.7983
19,3837.7496,1161.6784
20,3832.2848,1232.624
21,3834.8289,929.6646
22,3826.4916,883.8302
23,3823.8951,1231.5493
24,3836.2749,907.3198
25,3824.8083,861.2271
26,3840.3267,1226.3781
27,3834.1675,855.7371
28,3831.4342,1206.0077
29,3839.5042,785.5214
30,3837.8217,805.8545
31,3824.7387,1067.3214
32,3825.1162,1192.594
33,3825.991,866.1329
34,3825.1578,1097.4006
35,3828.7192,958.9074
36,3822.6662,1017.656
37,3835.2363,905.5813
38,3829.5753,1004.4002
39,3822.4681,1194.3903
40,3836.6874,1148.6054
41,3837.0097,814.0364
42,3823.5417,1145.3547
43,3838.1522,1222.9157
44,3828.8061,834.09
45,3834.2041,853.9911
46,3830.8641,1034.8588
47,3833.8829,959.4732
48,3830.2903,926.6329
49,3832.426,1031.708
50,3824.8466,1136.9468
51,3831.2397,974.3656
52,3829.4235,1103.2706
53,3824.9238,942.204
54,3836.7993,1183.9084
55,3823.7328,989.3366
56,3818.9043,836.0722
57,3832.537,1079.5782
58,3821.8304,896.6094
59,3823.1862,1170.2574
60,3833.0591,1005.1252
61,3826.9795,1009.3213
62,3821.7165,1056.9797
63,3822.3256,1200.3288
64,3823.6629,1152.1903
65,3835.9868,1006.7691
66,3827.7886,1186.4464
67,3826.6443,849.5978
68,3827.5002,1021.2458
69,3832.1637,1086.6977
70,3826.8555,1067.2021
71,3825.9626,1092.0597
72,3819.9251,1078.5323
73,3830.9702,861.2723
74,3833.8813,1116.9966
75,3818.1386,1186.5517
76,3817.1447,1095.0169
77,3832.0535,1214.0324
78,3826.6349,1121.6337
79,3818.3369,1180.3176
80,3827.808,1234.3127
81,3821.992,903.2696
82,3816.9161,777.7194
83,3824.0183,1256.1601
84,3817.1665,782.2772
85,3827.1593,781.1381
86,3815.138,894.7584
87,3824.3388,1127.0479
88,3822.7944,904.4053
89,3820.1083,1225.0629
90,3820.5466,1103.008
91,3821.2546,1059.3738
92,3818.9691,1024.2253
93,3826.2489,1060.3694
94,3825.8829,968.3502
95,3824.1401,1027.0319
96,3828.0454,823.5857
97,3823.681,1117.3584
98,3813.8354,1198.5368
99,3820.015,1105.8633
100,3814.7091,875.4624
101,3812.2849,945.7884
102,3828.9255,991.0471
103,3816.1558,1211.0224
104,3823.6627,1195.7338
105,3826.6326,1022.9006
106,3817.0486,978.1697
107,3825.2756,905.6738
108,3827.6649,1149.6447
109,3824.1519,787.2719
110,3817.2166,777.99
111,3813.5616,782.5143
112,3818.9855,1096.6072
113,3817.4565,1244.3874
114,3815.1551,1108.4115
115,3810.4087,1158.2146
116,3828.4435,1235.3
117,3823.9772,1238.8107
118,3825.1329,813.3121
119,3820.0304,1061.5088
120,3812.7528,1230.1782
121,3810.8179,1195.6324
122,3810.3821,1125.6978
123,3827.2254,1027.2317
124,3808.8899,1025.6884
125,3812.7515,1023.6217
126,3819.4259,836.2575
127,3808.4533,1210.6471
128,3820.6324,992.3141
129,3818.4073,926.0829
130,3818.5581,1033.5566
131,3813.5364,1143.4858
132,3808.2464,790.6353
133,3814.0611,1176.4409
134,3824.4978,1104.6927
135,3819.7895,1219.4105
136,3810.7573,1208.5103
137,3812.8814,988.3092
138,3816.0539,1113.4134
139,3819.6066,1239.5641
140,3815.675,916.7885
141,3823.3995,1130.1411
142,3807.4485,876.5337
143,3806.7304,1203.5861
144,3815.4095,989.253
145,3821.876,1017.6275
146,3818.58,1234.1015
147,3815.9752,823.6506
148,3809.5788,931.1236
149,3810.9858,1031.3857
150,3821.2088,1060.837
151,3810.5757,791.1511
152,3803.931,807.8088
153,3805.2541,1207.8276
154,3806.9938,1087.1211
155,3812.1202,1225.5835
156,3815.8915,1103.5329
157,3805.4537,1191.4084
158,3817.191,1070.6795
159,3821.4855,871.2622
160,3803.1541,1017.0092
161,3804.1844,1027.103
162,3803.1993,1133.2169
163,3807.6472,1117.3717
164,3819.6278,1191.2407
165,3807.64,901.5599
166,3817.4848,1005.325
167,3803.0596,900.3109
168,3810.1721,1172.0998
169,3808.3901,954.6997
170,3819.0916,966.5827
171,3816.7681,894.6367
172,3806.5437,881.7737
173,3805.3414,949.3649
174,3816.8652,1104.9439
175,3812.7703,1136.2545
176,3812.312,1164.5531
177,3806.9837,988.7487
178,3807.6368,1071.7609
179,3811.7101,1169.5905
180,3817.7309,1207.649
181,3801.0892,1108.2269
182,3805.7184,1019.5283
183,3799.0383,1213.3443
184,3812.8954,1135.4937
185,3810.0853,794.6853
186,3815.5739,904.5919
187,3808.1517,836.2681
188,3803.996,806.6816
189,3802.7444,962.7524
190,3798.1754,920.2091
191,3815.2341,1115.3626
192,3797.7328,805.1003
193,3797.2792,864.0158
194,3808.3727,905.404
195,3801.5772,1134.3974
196,3799.4333,1136.1615
197,3804.8639,1225.4544
198,3806.9793,972.8592
199,3812.3918,1247.6643
200,3799.7022,971.9153
201,3804.2467,1028.898
202,3806.9055,1179.8999
203,3797.0397,935.5343
204,3806.0225,1033.2221
205,3812.6051,1149.0027
206,3804.4021,1016.502
207,3794.7524,1195.4274
208,3803.453,897.3782
209,3809.1437,1076.3703
210,3809.1646,811.1676
211,3811.9919,856.609
212,3797.5216,1015.4109
213,3809.8065,826.4049
214,3808.8487,1119.2866
215,3808.2719,1025.4867
216,3797.0053,1036.5705
217,3793.4168,1157.286
218,3807.6458,902.1459
219,3808.684,844.8313
220,3801.0562,1140.9156
221,3803.8803,1224.9216
222,3800.1434,776.0596
223,3797.6339,846.8463
224,3802.1994,821.0152
225,3805.8018,1060.0158
226,3790.9279,1194.3936
227,3803.9052,992.9137
228,3806.1588,1045.5027
229,3791.7497,1152.8533
230,3790.5552,1113.4652
231,3806.4164,1130.739
232,3799.916,1169.6888
233,3805.0194,854.7412
234,3789.4329,782.4727
235,3790.4239,1147.2032
236,3807.4943,1125.8007
237,3801.8852,1024.5667
238,3806.5742,980.9012
239,3806.3307,971.8222
240,3796.4684,1099.6322
241,3788.103,922.1054
242,3792.3191,1015.4569
243,3804.7012,946.959
244,3805.723,1054.6705
245,3788.3101,801.3834
246,3802.4799,1002.0536
247,3789.1223,923.9514
248,3805.5777,1169.6727
249,3791.0179,912.374
250,3797.4467,982.0085
251,3787.4059,848.1718
252,3798.4459,1163.0411
253,3791.3007,925.352
254,3802.7637,937.8653
255,3800.4185,1107.5018
256,3785.8776,972.4712
257,3801.1735,796.665
258,3788.3728,930.6135
259,3789.3579,1051.3559
260,3800.613,926.3103
261,3791.7414,941.5359
262,3791.6707,1096.1597
263,3795.1753,1220.8315
264,3790.7842,1216.0773
265,3797.4808,937.5388
266,3788.4364,790.1474
267,3790.3086,896.3155
268,3786.6963,1075.3016
269,3799.3551,1129.425
270,3800.3098,1122.6926
271,3798.4865,1062.2628
272,3782.3786,1014.82
273,3795.7682,816.5396
274,3788.3244,1170.9278
275,3783.1922,885.2147
276,3786.5988,1025.3525
277,3782.2358,835.3495
278,3789.1403,1041.2042
279,3797.1669,1007.6637
280,3788.1952,854.2274
281,3792.94,826.5503
282,3799.0096,1195.0792
283,3788.0964,1234.0607
284,3783.446,1128.2227
285,3790.8805,1208.3486
286,3781.4983,1208.1357
287,3791.5492,1112.8501
288,3796.7808,1062.3452
289,3786.6799,780.9522
290,3789.668,922.2192
291,3785.4351,831.758
292,3787.8016,771.6947
293,3790.2929,1142.7529
294,3785.4014,1160.3303
295,3780.8834,1095.647
296,3795.8873,1201.7889
297,3779.7176,1006.452
298,3783.3081,1034.1495
299,3780.3988,1119.6017
300,3777.3666,1198.3419
301,3780.9946,889.7712
302,3776.9161,872.2649
303,3783.3138,1221.8705
304,3776.7347,1041.8202
305,3789.7711,970.8049
306,3786.4865,1139.4364
307,3783.8928,980.8744
308,3789.4983,843.517
309,3776.5104,972.8752
310,3782.2242,1010.2782
311,3780.3253,1148.6764
312,3790.718,819.6816
313,3777.3078,970.4511
314,3790.3626,934.2118
315,3775.6165,1166.0773
316,3786.4111,1231.7878
317,3774.6186,768.4782
318,3773.9224,1192.8094
319,3774.7594,1236.1528
320,3789.1815,791.5634
321,3781.2098,844.2556
322,3783.5242,1216.1513
323,3777.5593,1073.4754
324,3780.6171,1237.6413
325,3788.8064,1050.0731
326,3781.7807,771.1867
327,3774.1957,957.2267
328,3776.3293,1006.4586
329,3777.8636,1147.0709
330,3776.8506,992.4293
331,3773.7605,1107.3839
332,3771.117,868.0972
333,3771.0655,941.79
334,3775.6138,980.2646
335,3775.3331,1031.5624
336,3774.104,823.9614
337,3773.6206,989.4356
338,3784.6271,944.9144
339,3784.1919,801.5984
340,3784.6457,1096.3068
341,3782.6788,908.1869
342,3777.2035,1161.121
343,3770.0726,822.7837
344,3781.3771,873.4692
345,3773.1958,1141.824
346,3773.7163,794.4886
347,3768.3326,1071.0555
348,3775.3123,1169.7685
349,3773.4851,933.7268
350,3775.8252,861.2073
351,3782.3358,1234.2351
352,3778.473,772.972
353,3768.1323,912.232
354,3778.7566,877.9688
355,3770.0138,1165.832
356,3781.5802,1056.7313
357,3770.5977,858.8459
358,3779.2121,943.8149
359,3773.3265,969.8131
360,3774.4159,1232.3697
361,3778.8382,794.619
362,3780.8737,1037.0429
363,3770.241,1007.8473
364,3770.9955,1094.9882
365,3771.2353,1178.9328
366,3777.9777,792.8729
367,3770.0003,819.1519
368,3763.4237,888.5175
369,3766.9758,1098.6962
370,3773.0054,979.5502
371,3773.1157,936.5428
372,3768.2689,784.7089
373,3770.1405,1091.232
374,3774.6366,1149.6538
375,3777.3273,1038.7463
376,3774.3547,1074.4064
377,3767.6669,990.0793
378,3763.5893,867.5643
379,3777.072,818.5345
380,3763.9451,1233.2221
381,3760.8096,911.0739
382,3773.3361,1070.0795
383,3777.2782,1127.0654
384,3773.6082,857.558
385,3765.8368,877.1932
386,3777.2853,1228.1732
387,3761.4427,1165.5503
388,3775.5235,803.8142
389,3768.2854,1111.6659
390,3772.9471,1059.2434
391,3774.5429,1058.5913
392,3765.433,858.9218
393,3759.3756,1001.3184
394,3759.562,1230.1213
395,3773.9726,1090.4325
396,3769.5851,1061.7192
397,3757.6545,893.1617
398,3757.6563,1085.7735
399,3759.175,1225.0285
400,3766.1438,1070.0548
401,3757.116,1069.7152
402,3756.3392,1226.1879
403,3758.925,942.4324
404,3771.7353,1040.9203
405,3772.9313,1097.5957
406,3761.8103,1036.3448
407,3764.9721,1224.6585
408,3761.3235,1210.3414
409,3768.4494,1216.2922
410,3764.8582,787.4257
411,3764.5603,1064.0084
412,3767.5644,944.4962
413,3755.7259,1115.0682
414,3768.2154,840.9929
415,3769.4625,793.5857
416,3753.7335,983.5598
417,3759.6733,842.0825
418,3757.9464,874.9822
419,3762.8712,798.8926
420,3762.845,1054.7993
421,3770.1623,828.4327
422,3760.6173,1013.1971
423,3764.1699,1206.8631
424,3762.5458,813.414
425,3751.3161,865.1663
426,3757.5792,1144.5906
427,3763.483,1141.5286
428,3758.047,856.4871
429,3758.3937,1026.5237
430,3750.0878,901.49
431,3759.8621,1067.7921
432,3752.0411,851.5373
433,3761.0916,777.1378
434,3762.9725,857.6711
435,3758.3465,987.561
436,3750.232,917.3295
437,3763.0201,1105.7034
438,3758.1933,894.5731
439,3762.334,1119.2322
440,3751.0367,1032.3887
441,3762.1626,1163.4712
442,3755.1442,1043.8552
443,3765.1579,963.2488
444,3759.0397,811.2193
445,3756.1363,1223.3377
446,3754.0911,1004.4192
447,3749.0198,1019.5335
448,3751.2908,950.1783
449,3754.281,955.6822
450,3748.5535,817.942
451,3745.0627,1016.5697
452,3761.5426,1001.2613
453,3748.9146,1089.3243
454,3756.3072,1173.082
455,3747.5724,916.138
456,3756.2088,950.964
457,3754.6993,862.6636
458,3760.3739,1082.8323
459,3760.516,950.5316
460,3755.0156,1074.5454
461,3748.6781,1183.785
462,3750.3871,1099.1547
463,3742.1816,1089.9984
464,3758.5484,811.4903
465,3752.4049,1079.2114
466,3754.0559,793.231
467,3744.7621,1180.8011
468,3758.939,860.4818
469,3751.9434,1188.1793
470,3741.5544,1174.2107
471,3744.5951,954.6272
472,3744.2852,889.814
473,3747.0466,1131.0367
474,3746.8051,926.4529
475,3740.929,1212.4332
476,3740.8333,1221.863
477,3745.0578,1121.0756
478,3750.5311,937.4401
479,3744.7889,1056.8345
480,3751.722,1083.7933
481,3754.1769,1177.3715
482,3754.3542,1191.4299
483,3746.3159,991.3655
484,3739.3204,818.402
485,3737.0754,1002.0932
486,3743.8031,1115.7541
487,3750.0111,1047.2596
488,3752.8448,1168.009
489,3741.9275,795.6409
490,3741.5802,1009.5623
491,3747.9367,857.3551
492,3735.8492,1147.036
493,3736.6303,885.9279
494,3743.2446,1205.7527
495,3744.8481,1104.7389
496,3749.43,1193.1239
497,3736.7588,1065.1859
498,3749.4339,863.1032
499,3747.3786,1143.4243
500,3749.4849,913.0951
501,3737.5075,1083.4917
502,3740.706,1071.5398
503,3748.5028,847.6813
504,3746.7791,772.9023
505,3737.0151,1143.9883
506,3747.9788,1046.2789
507,3749.3411,1049.5774
508,3749.5523,863.5413
509,3733.5417,793.9647
510,3738.2254,1058.9393
511,3732.764,823.4345
512,3735.4278,1172.9465
513,3735.542,962.2996
514,3734.221,1073.4899
515,3743.6337,1022.8756
516,3735.8667,1205.9847
517,3742.5011,1187.1337
518,3736.7651,1013.9569
519,3734.9114,822.8723
520,3746.3114,890.4008
521,3739.0536,1221.7157
522,3740.152,919.5364
523,3745.0835,856.8171
524,3739.8178,1151.9481
525,3744.5838,1158.7902
526,3744.1695,831.6331
527,3740.0687,931.975
528,3730.9865,1124.9578
529,3741.138,878.4815
530,3743.2448,1196.1226
531,3731.3811,1106.5821
532,3741.5843,990.4982
533,3732.4652,1189.4021
534,3735.2286,1204.6092
535,3731.1684,791.7365
536,3736.7881,1183.2084
537,3739.1587,902.5875
538,3732.0609,891.2995
539,3741.2145,902.9111
540,3730.7948,1185.1119
541,3731.3809,1112.6305
542,3736.0452,1147.9111
543,3739.6811,769.5205
544,3741.7149,1061.8645
545,3735.2512,1152.885
546,3723.4871,1108.6311
547,3729.9784,874.9719
548,3730.0971,1070.3957
549,3738.4744,809.0383
550,3726.3872,931.6313
551,3738.0953,908.6796
552,3732.4602,1197.204
553,3737.4759,1051.2211
554,3722.1866,1184.0896
555,3729.2477,1141.8383
556,3727.6828,905.9804
557,3738.8516,1228.512
558,3728.7261,1002.7245
559,3732.9009,1088.4895
560,3735.2843,1207.4401
561,3729.6479,941.8785
562,3734.7309,829.182
563,3722.4788,810.5733
564,3736.6035,1169.9161
565,3728.5619,991.4326
566,3736.1776,889.7123
567,3732.7317,1212.4932
568,3723.7868,807.9311
569,3730.6714,1132.2322
570,3717.7726,971.2687
571,3722.2705,1144.6342
572,3732.7918,1148.0159
573,3734.1726,1047.4628
574,3730.1032,1020.0285
575,3719.8828,1087.7096
576,3730.968,1122.9099
577,3728.3625,1055.8605
578,3726.7408,831.7593
579,3716.0021,885.829
580,3723.7257,1216.6652
581,3720.48,1013.984
582,3731.0173,1034.075
583,3716.7575,968.8952
584,3723.2292,883.4044
585,3717.9018,1176.7749
586,3720.7889,1008.4906
587,3722.477,913.2226
588,3714.7382,1036.8522
589,3716.9393,1110.5783
590,3715.1186,1016.1375
591,3714.9141,864.5147
592,3714.7269,970.129
593,3728.4561,764.8676
594,3715.7564,755.2787
595,3724.1659,1146.9294
596,3724.7625,1078.295
597,3712.8123,879.7245
598,3728.1899,1119.2901
599,3715.8335,934.2861
600,3722.3527,782.6247
601,3718.2588,1144.3333
602,3718.9733,833.8398
603,3720.8049,1173.1199
604,3715.5378,1054.6189
605,3714.7046,762.9394
606,3723.1647,1073.6872
607,3715.6262,894.1189
608,3715.1242,1093.3784
609,3715.4537,877.8251
610,3721.6884,872.5588
611,3715.3917,1110.0475
612,3719.9056,1168.5218
613,3711.7056,1156.446
614,3710.1399,817.8244
615,3717.3336,1033.9984
616,3707.7913,1070.7943
617,3711.4197,973.6521
618,3715.7507,1049.2997
619,3709.0917,1020.6432
620,3706.6995,877.4069
621,3709.8243,955.6434
622,3721.2665,1193.9428
623,3712.5906,1161.4961
624,3709.7445,1048.8979
625,3704.7054,1008.818
626,3720.8119,1026.8756
627,3717.9715,964.7428
628,3714.4387,937.5807
629,3711.5224,1209.2732
630,3717.5889,945.6405
631,3711.3919,1202.2091
632,3708.0232,1107.0625
633,3717.7798,1143.7933
634,3719.9541,1135.0448
635,3709.1102,1164.9481
636,3701.6497,762.1499
637,3702.682,824.0561
638,3711.1697,1017.3991
639,3702.2466,1031.9116
640,3714.0706,959.3888
641,3716.3981,852.4075
642,3704.8239,1123.6839
643,3711.6774,756.6407
644,3714.3764,759.5526
645,3704.6916,791.527
646,3717.0248,1194.1436
647,3701.9069,999.082
648,3709.2757,847.8393
649,3708.9879,1062.0858
650,3709.414,773.0361
651,3712.2732,1141.5716
652,3714.3956,1191.3249
653,3697.3085,1156.0181
654,3715.0036,1216.1422
655,3702.4869,1194.5615
656,3710.7705,1102.0648
657,3711.664,1164.5033
658,3696.9413,919.65
659,3695.9762,1144.4489
660,3711.0372,793.2709
661,3702.6927,1057.989
662,3704.0518,783.6991
663,3711.9639,1026.1367
664,3710.0082,1008.8175
665,3695.3292,1051.7119
666,3707.9637,1189.2429
667,3704.7635,835.3456
668,3709.5086,1124.0166
669,3702.6254,1111.3831
670,3711.2821,791.9577
671,3709.0553,886.4302
672,3699.8231,884.0673
673,3703.8857,812.1265
674,3707.6475,1038.9271
675,3703.2027,1202.7545
676,3707.4725,1160.5209
677,3706.5096,887.1581
678,3696.3392,891.4613
679,3697.6368,1140.138
680,3703.3994,901.3862
681,3705.3368,1161.5426
682,3702.0911,809.3263
683,3705.2798,897.0272
684,3693.9822,1154.1502
685,3690.7314,1123.7812
686,3689.7801,878.466
687,3699.2863,818.7782
688,3697.4398,918.6682
689,3704.6632,975.7084
690,3692.2429,887.8785
691,3692.5747,911.225
692,3689.6369,947.4485
693,3704.2939,1135.9482
694,3699.24,993.2177
695,3695.6168,1012.1757
696,3702.4154,1123.8908
697,3686.3783,817.4714
698,3695.7037,1063.9413
699,3692.6078,1019.8659
700,3698.6683,1192.7198
701,3700.8902,1209.5856
702,3695.2324,997.6072
703,3696.2654,772.2732
704,3693.1759,1128.0643
705,3696.1729,787.8998
706,3690.4219,1024.742
707,3690.8679,1014.8442
708,3687.0866,786.2711
709,3689.8268,1072.8315
710,3693.8988,804.3589
711,3690.5525,1066.4388
712,3684.002,938.1897
713,3693.2167,1187.4368
714,3683.0828,1113.0789
715,3683.115,903.9287
716,3683.675,945.5988
717,3694.6359,796.7849
718,3686.6546,1111.2214
719,3690.218,953.9217
720,3696.6206,1084.6955
721,3694.4753,1063.1795
722,3689.0104,885.8042
723,3684.8835,837.4869
724,3690.5644,1033.5485
725,3683.1308,834.3365
726,3693.68,1066.1655
727,3685.959,906.5918
728,3683.2277,860.3227
729,3685.719,1054.5853
730,3682.2188,936.5461
731,3683.9551,1011.1569
732,3683.8999,1171.4176
733,3685.1735,1178.6261
734,3679.3773,1085.0275
735,3692.5035,1060.2469
736,3692.1403,966.6959
737,3679.9647,1165.2881
738,3690.4304,772.7179
739,3682.7244,1135.4238
740,3682.6464,1189.8105
741,3685.0953,789.1342
742,3676.9732,989.4279
743,3682.5645,956.6456
744,3684.913,914.1735
745,3688.6709,771.7114
746,3685.2421,808.2332
747,3684.8851,916.5514
748,3673.7302,752.557
749,3683.965,990.1706
750,3690.9801,1065.4743
751,3678.332,755.7135
752,3689.2954,1014.1192
753,3688.5542,1162.9354
754,3688.7849,758.658
755,3682.1969,1095.4405
756,3688.3108,1092.462
757,3673.0103,919.9325
758,3674.3488,902.9134
759,3676.6137,850.1302
760,3670.9097,1098.4786
761,3676.3545,800.9615
762,3671.0528,795.7399
763,3672.3713,1051.1494
764,3674.0792,791.812
765,3685.813,836.7439
766,3681.0613,1057.7814
767,3669.6019,1075.5758
768,3675.2442,1160.5174
769,3682.5638,815.7437
770,3683.8215,1196.4817
771,3672.398,834.7691
772,3684.0641,1037.882
773,3681.2863,1133.7177
774,3668.4901,922.3792
775,3669.7369,1052.0257
776,3676.6701,915.8923
777,3675.6929,988.2934
778,3679.3544,1009.6082
779,3670.8345,760.5676
780,3668.8237,877.8038
781,3678.7819,762.0438
782,3678.1171,1155.081
783,3675.5846,936.2494
784,3676.0033,1180.684
785,3669.459,805.6565
786,3668.7835,1003.3429
787,3669.2552,881.3278
788,3676.5158,1097.8295
789,3679.8188,778.6523
790,3678.4082,920.6205
791,3678.5886,991.8982
792,3666.9412,1192.7851
793,3672.2066,897.7059
794,3662.606,796.9749
795,3672.2095,1200.5853
796,3671.7833,1173.4858
797,3668.2273,772.3342
798,3669.1924,1106.661
799,3677.336,1087.1892
800,3667.2338,838.2827
801,3665.8284,866.2683
802,3668.3901,905.9736
803,3661.1134,1059.9647
804,3666.3585,788.1667
805,3661.7048,1135.0789
806,3658.4428,1035.9632
807,3662.8155,1126.0309
808,3662.8848,893.5261
809,3674.7778,853.0975
810,3663.5336,1084.4731
811,3662.0909,1051.0092
812,3666.7504,962.0036
813,3668.2425,1117.4109
814,3667.2575,778.4576
815,3671.868,785.1346
816,3672.0069,981.0785
817,3662.5634,1032.0039
818,3657.4175,792.0473
819,3666.0138,796.5877
820,3668.3063,998.9691
821,3660.7373,1112.5179
822,3663.6163,1162.9952
823,3666.5018,912.6193
824,3661.2377,853.2307
825,3660.2972,1169.8928
826,3666.785,924.2262
827,3659.3612,806.44
828,3659.7262,981.3405
829,3663.9568,1101.6318
830,3660.0804,948.3396
831,3663.7326,1155.7889
832,3658.763,973.009
833,3652.4378,1176.0999
834,3661.1064,1189.2135
835,3661.3306,848.586
836,3657.5655,1104.5414
837,3655.4958,962.8703
838,3654.2738,1170.7886
839,3660.7158,1066.7138
840,3665.9435,952.2354
841,3664.7619,1069.6969
842,3657.615,936.7057
843,3651.0997,919.3163
844,3662.1608,796.5288
845,3649.4426,1155.5169
846,3653.1655,1193.477
847,3659.6609,808.9606
848,3655.9326,960.5454
849,3654.5602,842.5937
850,3650.366,848.2083
851,3655.9303,766.3558
852,3659.1333,825.8666
853,3655.2378,971.7478
854,3655.1052,786.1135
855,3663.2817,881.392
856,3647.6897,1157.6988
857,3647.0462,1034.4239
858,3645.6558,1045.9719
859,3647.0391,745.0818
860,3644.5305,847.1546
861,3651.6609,1189.7
862,3657.6513,970.1511
863,3660.2707,817.9766
864,3660.5149,747.4249
865,3651.4602,1006.2474
866,3661.1149,944.9902
867,3646.6164,1058.2941
868,3654.7446,963.3852
869,3651.9537,1063.8038
870,3657.5012,1182.0002
871,3652.6911,999.9296
872,3656.3435,979.226
873,3650.1544,1029.0458
874,3648.5781,1154.5142
875,3642.5722,934.9477
876,3649.1062,945.2988
877,3651.8801,853.5262
878,3654.8639,825.4456
879,3644.4053,1116.9339
880,3650.7391,964.5274
881,3644.33,1047.4503
882,3650.3271,995.6981
883,3653.5269,1017.3684
884,3639.752,1080.507
885,3640.9635,1140.5579
886,3639.9199,758.597
887,3645.7842,857.3752
888,3646.1158,1160.1999
889,3639.5812,1159.4374
890,3653.0502,1198.9262
891,3636.7047,905.0324
892,3648.9377,1001.8676
893,3636.8087,1002.5039
894,3644.6629,878.0118
895,3635.4209,765.8773
896,3636.0505,783.1041
897,3649.4437,974.2362
898,3645.2348,870.54
899,3638.3754,793.3457
900,3642.7665,1184.5494
901,3648.5792,893.7251
902,3642.3221,856.2623
903,3641.9519,841.0709
904,3637.823,833.7875
905,3637.2671,838.9115
906,3639.4944,1074.8193
907,3638.2582,953.0883
908,3634.4982,758.7723
909,3642.851,1041.7135
910,3640.0904,752.8294
911,3636.4979,924.3953
912,3649.0615,825.499
913,3643.8026,1194.878
914,3635.3471,784.0175
915,3634.9015,854.6541
916,3631.5787,997.7311
917,3646.366,927.0731
918,3640.434,1139.2701
919,3640.7718,1174.3629
920,3636.1457,794.6269
921,3646.6887,805.1605
922,3642.1876,894.8799
923,3629.2073,922.2693
924,3635.5815,977.0247
925,3641.2727,1138.4118
926,3637.0734,1135.4186
927,3632.6706,912.0506
928,3641.8423,976.7501
929,3638.9186,1093.803
930,3632.881,971.5933
931,3636.5309,932.1784
932,3628.1295,1174.6155
933,3643.5598,1070.7009
934,3640.5913,916.274
935,3632.6949,1116.4484
936,3631.7794,1142.556
937,3637.5929,912.363
938,3627.0311,1009.5242
939,3642.1481,1158.1505
940,3629.4885,758.0574
941,3637.825,1014.563
942,3637.3626,987.274
943,3626.9418,1162.7184
944,3630.5364,1024.806
945,3627.2207,787.4033
946,3632.3059,1185.2426
947,3634.6217,985.0048
948,3633.7303,743.2789
949,3634.3121,884.7616
950,3635.7652,1161.7785
951,3638.0016,862.6051
952,3632.9849,1116.3835
953,3633.7057,929.1419
954,3623.0236,802.257
955,3620.6513,825.2659
956,3629.3022,1162.7959
957,3632.6699,1006.9693
958,3620.7492,855.276
959,3622.0555,894.748
960,3633.6708,1025.6693
961,3628.574,967.8513
962,3632.0242,834.3499
963,3623.4954,1137.5123
964,3630.718,1119.2515
965,3621.0985,1039.89
966,3623.9602,757.2504
967,3620.7778,1023.6529
968,3626.2778,1066.3097
969,3620.5398,881.6181
970,3619.9921,1067.7026
971,3632.3538,767.4064
972,3630.3526,782.4895
973,3630.7522,1001.8322
974,3626.4749,855.3857
975,3617.2394,842.3584
976,3631.288,1040.974
977,3625.0429,819.7
978,3622.8067,1051.3859
979,3631.632,792.7569
980,3626.3582,818.9436
981,3623.241,1079.978
982,3623.8968,892.2425
983,3625.8344,948.35
984,3612.4914,764.0617
985,3620.3422,1119.691
986,3625.9354,1126.9462
987,3612.1425,883.7409
988,3628.0195,1002.5766
989,3619.3328,1059.084
990,3621.8279,821.7309
991,3622.4039,991.1296
992,3610.7154,971.6851
993,3627.1252,1185.9879
994,3612.6996,1126.6231
995,3613.5548,1163.4591
996,3626.151,1079.6343
997,3624.2821,1154.2415
998,3617.126,998.8256
999,3616.491,974.1646
1000,3613.9663,872.7409
1001,3617.1851,870.2325
1002,3611.0101,1162.8213
1003,3622.6354,751.9544
1004,3621.6884,887.9863
1005,3621.7765,1065.8406
1006,3607.2693,1156.0538
1007,3619.7047,1045.0156
1008,3616.855,894.9375
1009,3610.4378,1157.5147
1010,3613.8082,1032.3708
1011,3616.634,1153.851
1012,3621.0749,790.3751
1013,3615.9838,1114.0839
1014,3613.8469,965.5756
1015,3614.841,797.2596
1016,3619.1205,786.966
1017,3604.5923,952.2772
1018,3614.1091,955.483
1019,3609.5092,1106.1236
1020,3608.0133,807.5461
1021,3611.7694,744.9953
1022,3615.1679,926.716
1023,3618.9846,1043.1993
1024,3604.0677,750.0858
1025,3610.2221,1166.5341
1026,3616.8514,1115.2401
1027,3613.0562,992.9116
1028,3610.9559,1028.5538
1029,3603.2361,951.6177
1030,3615.0582,1015.1102
1031,3606.489,847.1082
1032,3610.9499,858.57
1033,3614.1017,800.9947
1034,3602.69,810.3512
1035,3603.7707,770.4778
1036,3615.2822,917.1893
1037,3608.2866,755.217
1038,3604.308,1015.1528
1039,3608.7453,1153.2618
1040,3615.3516,876.3934
1041,3601.1891,1020.6522
1042,3614.3048,801.5351
1043,3610.1485,993.0938
1044,3610.2378,1157.7566
1045,3611.9951,747.2911
1046,3612.7129,1172.9922
1047,3612.6743,1037.648
1048,3598.6948,1124.8933
1049,3601.9522,1166.906
1050,3610.4685,833.5409
1051,3607.8871,1029.8329
1052,3607.915,925.8379
1053,3601.9211,1173.5609
1054,3612.1042,950.6913
1055,3595.8314,1009.9538
1056,3595.9514,862.5267
1057,3600.9237,1175.7348
1058,3604.5047,1115.5121
1059,3610.9957,963.6629
1060,3609.0481,986.2747
1061,3595.4154,1030.2612
1062,3593.793,976.5464
1063,3608.5763,1132.304
1064,3596.9613,1102.5093
1065,3597.6839,1004.1995
1066,3594.0298,992.6501
1067,3600.0353,759.2952
1068,3604.7949,1128.0351
1069,3606.6118,1077.8243
1070,3599.6918,740.8512
1071,3597.0882,969.7574
1072,3603.8899,1119.5241
1073,3600.8825,819.611
1074,3604.5667,967.8323
1075,3604.5535,1124.9433
1076,3599.1927,798.6586
1077,3601.7548,806.0813
1078,3605.8703,1071.4889
1079,3591.5203,809.2221
1080,3595.4366,1024.0113
1081,3602.2928,1147.0886
1082,3599.3335,915.598
1083,3589.3214,1108.5882
1084,3601.6489,897.3482
1085,3596.4377,788.5826
1086,3598.7008,1063.0447
1087,3596.4661,1015.8151
1088,3588.9921,960.8457
1089,3589.0606,1023.3822
1090,3601.8244,1092.9575
1091,3593.5933,1117.9004
1092,3586.8742,1131.7572
1093,3585.8058,813.4377
1094,3587.5761,903.5937
1095,3589.8519,1066.2126
1096,3591.7727,973.518
1097,3590.0002,882.8323
1098,3600.2771,820.0756
1099,3583.8653,773.8705
1100,3591.7286,760.7627
1101,3584.4165,792.1638
1102,3593.6794,785.46
1103,3587.7285,1029.1762
1104,3583.2914,1005.8022
1105,3587.9787,852.6616
1106,3590.3892,921.2571
1107,3588.2164,1154.6612
1108,3582.8598,1074.8019
1109,3597.2127,744.3489
1110,3596.7966,766.1932
1111,3596.1861,826.5142
1112,3589.6532,760.6799
1113,3592.5483,1160.9461
1114,3594.5089,1124.7
1115,3594.0559,1002.3128
1116,3585.4363,1057.0656
1117,3578.7905,1128.2343
1118,3589.368,865.6031
1119,3579.7669,919.8676
1120,3578.6663,877.2084
1121,3581.5591,982.8471
1122,3589.4567,1110.0003
1123,3577.5455,1051.2644
1124,3586.1146,998.5503
1125,3592.1866,1123.396
1126,3581.0233,788.5603
1127,3592.2957,1034.6614
1128,3592.9815,996.3469
1129,3588.8639,1042.8838
1130,3582.3902,944.8764
1131,3591.3374,737.64
1132,3575.9282,763.4453
1133,3576.772,1017.8128
1134,3576.2655,955.4174
1135,3579.0841,924.5317
1136,3585.6559,861.1813
1137,3589.4021,953.1589
1138,3578.4685,1102.6179
1139,3588.6845,993.1481
1140,3583.6189,1017.863
1141,3585.0577,1017.069
1142,3585.7458,801.4194
1143,3579.9567,927.7464
1144,3576.8948,988.4488
1145,3585.2452,850.8314
1146,3577.5838,945.2617
1147,3571.1048,1021.0792
1148,3572.0284,1052.7167
1149,3579.5376,1064.2549
1150,3576.2676,831.8584
1151,3582.4695,895.762
1152,3581.1967,936.3406
1153,3580.2136,1117.9005
1154,3577.8605,784.6545
1155,3570.3627,1002.6431
1156,3584.629,1112.5392
1157,3570.9457,1036.8213
1158,3583.137,1019.4609
1159,3579.3932,1110.1826
1160,3580.706,1038.2639
1161,3581.2253,908.2512
1162,3571.5092,1047.3505
1163,3575.1087,1119.6951
1164,3582.3285,871.8783
1165,3577.7467,746.6372
1166,3577.2723,1110.7766
1167,3576.9867,1123.7928
1168,3567.5461,964.5618
1169,3565.0412,932.2054
1170,3564.8465,834.4816
1171,3579.962,1130.9488
1172,3573.4446,972.1764
1173,3571.4423,787.1169
1174,3575.8038,1108.7897
1175,3573.2691,922.7048
1176,3574.8574,820.5369
1177,3565.4242,1144.4235
1178,3567.0026,767.8407
1179,3564.4784,855.3652
1180,3565.0871,1020.2934
1181,3568.951,1159.5611
1182,3573.4866,1142.004
1183,3567.5836,1169.2187
1184,3574.3064,1083.4308
1185,3565.3675,928.1216
1186,3563.2556,893.7034
1187,3562.2963,985.6793
1188,3565.5136,993.7511
1189,3571.3509,1080.2004
1190,3560.8658,859.875
1191,3570.6863,1095.918
1192,3567.3505,902.9576
1193,3568.2093,960.1715
1194,3560.0291,779.7796
1195,3561.5478,915.3516
1196,3575.8193,879.8327
1197,3562.9973,866.4158
1198,3565.5291,817.9441
1199,3567.1314,883.0299
1200,3566.8846,960.6228
1201,3559.4412,877.6794
1202,3562.3092,1001.3756
1203,3563.9349,896.331
1204,3566.9282,984.4139
1205,3568.735,845.7547
1206,3561.6875,967.351
1207,3556.1875,969.7756
1208,3562.6119,847.9978
1209,3570.4769,750.1643
1210,3568.8395,791.9213
1211,3556.5531,1035.9901
1212,3565.7914,1122.5568
1213,3556.877,980.0342
1214,3562.4349,1070.211
1215,3558.6423,1104.581
1216,3556.4028,1106.9661
1217,3567.3957,850.3928
1218,3566.8241,763.5724
1219,3565.5357,1029.1463
1220,3566.9192,1110.2993
1221,3562.4412,1168.7138
1222,3566.0593,941.8052
1223,3569.2738,976.4863
1224,3561.7391,1132.2867
1225,3556.283,949.0551
1226,3564.8935,1020.8266
1227,3555.5411,980.3146
1228,3566.5529,925.1358
1229,3559.44,792.6171
1230,3563.5715,776.8678
1231,3561.3281,1007.036
1232,3566.297,1157.6539
1233,3562.448,729.4491
1234,3566.5137,1022.7706
1235,3562.3225,1091.2631
1236,3548.9071,1074.07
1237,3555.906,965.8007
1238,3561.1164,1018.1756
1239,3548.6684,1029.5207
1240,3551.5093,881.2854
1241,3559.1795,955.4813
1242,3561.1797,854.4779
1243,3554.1893,1052.5156
1244,3560.8482,1096.8669
1245,3557.4969,1087.8641
1246,3548.5687,1131.5006
1247,3560.843,758.1634
1248,3557.076,858.3821
1249,3549.9574,1161.3733
1250,3546.9721,1091.9048
1251,3551.4511,762.2454
1252,3549.4627,868.3777
1253,3546.3859,1048.3148
1254,3561.434,1097.7867
1255,3556.0965,1018.5126
1256,3551.1495,998.3336
1257,3555.0699,831.4471
1258,3543.1129,1127.0738
1259,3553.1796,1146.8942
1260,3557.5422,952.6693
1261,3557.9899,1050.844
1262,3545.8914,850.5919
1263,3544.9196,1116.0527
1264,3553.2669,853.9091
1265,3548.1497,797.4033
1266,3555.7965,836.7539
1267,3548.0466,1005.7611
1268,3543.6423,1075.8066
1269,3557.7015,1071.9519
1270,3555.5372,1033.3787
1271,3545.8364,951.0993
1272,3540.2239,861.1549
1273,3554.5431,900.5166
1274,3554.8625,721.8694
1275,3556.0921,1085.7161
1276,3543.7186,1068.517
1277,3554.0436,1155.8243
1278,3554.5715,1145.7254
1279,3552.5129,914.3337
1280,3543.022,1014.0703
1281,3551.0539,1050.8634
1282,3548.086,776.8914
1283,3554.2763,881.0548
1284,3542.2588,991.0883
1285,3544.7241,945.5173
1286,3544.6365,924.6518
1287,3546.3281,1004.8273
1288,3541.4264,1005.8545
1289,3537.011,902.6032
1290,3548.6901,1056.0206
1291,3546.2701,785.4973
1292,3536.7556,1009.1013
1293,3539.0984,876.2546
1294,3546.4272,852.3298
1295,3549.7903,998.6303
1296,3543.7535,941.8743
1297,3535.8056,1119.0417
1298,3534.6228,1116.3437
1299,3546.1852,962.3805
1300,3540.4869,771.6239
1301,3538.7198,789.5451
1302,3547.464,820.3248
1303,3545.3557,1131.3022
1304,3535.8482,783.6181
1305,3540.2415,1158.4413
1306,3544.9805,1006.0667
1307,3547.308,873.6027
1308,3540.6253,784.8725
1309,3540.6785,930.3086
1310,3531.0192,838.4698
1311,3540.5451,750.5876
1312,3533.8835,899.0072
1313,3537.1482,1011.8685
1314,3543.052,1159.483
1315,3537.9026,1096.076
1316,3544.7711,745.888
1317,3546.2042,1091.2327
1318,3528.8111,1019.7869
1319,3534.0421,883.5322
1320,3539.1898,924.2416
1321,3528.7938,1145.8992
1322,3533.158,727.0282
1323,3531.008,1104.4132
1324,3539.3692,1122.1994
1325,3542.8539,864.1105
1326,3535.2562,1073.8045
1327,3527.5646,1159.4486
1328,3543.5161,1007.6063
1329,3537.5687,1026.9249
1330,3535.0661,974.895
1331,3536.1279,1156.8985
1332,3541.951,1108.7868
1333,3538.6795,984.5332
1334,3534.9431,874.1909
1335,3538.5144,1050.3701
1336,3530.3816,890.143
1337,3539.8393,745.3952
1338,3527.6413,915.3818
1339,3539.7721,807.0249
1340,3530.1774,782.0152
1341,3537.8522,884.3151
1342,3536.9271,933.4874
1343,3540.3408,786.7595
1344,3531.678,1031.3826
1345,3524.2123,913.7712
1346,3528.1735,944.9708
1347,3526.6773,929.3904
1348,3530.9451,1034.7432
1349,3529.4644,916.4711
1350,3533.4346,1057.602
1351,3526.6961,974.3561
1352,3530.2877,1058.3403
1353,3523.1409,777.1449
1354,3521.873,787.0387
1355,3521.4325,829.2489
1356,3522.4106,750.1215
1357,3530.1239,1125.6558
1358,3524.4652,933.8359
1359,3523.3586,1094.9628
1360,3529.9115,886.2834
1361,3528.3579,909.8727
1362,3523.6031,971.1085
1363,3535.5044,967.3894
1364,3528.9116,968.7144
1365,3533.0944,769.7465
1366,3525.3817,953.117
1367,3520.8189,954.2754
1368,3524.2327,924.7116
1369,3523.5168,918.0523
1370,3522.7402,889.0012
1371,3529.6427,782.8012
1372,3516.2519,732.7049
1373,3525.6891,1075.936
1374,3531.0428,988.1761
1375,3526.3778,800.4726
1376,3532.5165,1058.4742
1377,3532.1171,1104.806
1378,3524.1114,926.0589
1379,3528.038,1081.3721
1380,3525.9699,988.7968
1381,3521.3766,1075.8639
1382,3524.6435,925.043
1383,3524.506,1003.5605
1384,3522.4052,981.9416
1385,3529.5691,872.9397
1386,3523.9472,999.3438
1387,3526.3655,827.4016
1388,3518.0954,1046.6721
1389,3519.4076,889.1799
1390,3520.808,1092.4034
1391,3527.3857,884.9302
1392,3519.2982,1033.5428
1393,3520.5447,806.562
1394,3518.994,1047.7617
1395,3519.4797,1135.9684
1396,3527.5159,879.4205
1397,3525.2334,1144.4188
1398,3512.4689,933.5835
1399,3521.3037,925.464
1400,3519.6812,809.8337
1401,3509.6959,1074.851
1402,3515.6061,733.9858
1403,3525.7614,1134.4564
1404,3510.4552,1003.7879
1405,3522.5245,1109.7067
1406,3518.4611,803.7768
1407,3512.9001,1042.7724
1408,3516.2683,928.9744
1409,3522.5654,721.4735
1410,3520.2474,828.4979
1411,3511.3681,1064.5666
1412,3521.9254,1114.6405
1413,3510.7519,952.7361
1414,3509.3745,712.6594
1415,3518.124,815.8953
1416,3510.905,745.9677
1417,3513.542,806.2711
1418,3510.1158,1053.7423
1419,3512.7944,926.19
1420,3522.4407,1037.4059
1421,3519.0914,802.5165
1422,3520.5035,1084.6083
1423,3516.3321,1045.7513
1424,3517.9103,782.6417
1425,3508.4493,1044.9462
1426,3511.0945,1146.325
1427,3510.5777,1034.4486
1428,3510.1749,1103.7434
1429,3511.8996,1113.893
1430,3505.1318,831.5519
1431,3518.9178,1135.7481
1432,3507.3067,1064.7209
1433,3511.6417,833.794
1434,3508.0356,870.4578
1435,3511.9938,894.1697
1436,3517.4726,1135.7158
1437,3517.0197,1097.6045
1438,3505.1093,950.8976
1439,3501.1861,916.5476
1440,3508.1772,1046.3483
1441,3510.5555,1021.2279
1442,3504.8908,1079.1113
1443,3517.4427,1018.1754
1444,3516.9739,1003.878
1445,3512.5486,924.2659
1446,3515.0648,1035.6648
1447,3512.9964,1038.9712
1448,3512.7523,1079.4562
1449,3510.0832,805.3624
1450,3501.3216,926.1682
1451,3502.0171,782.4792
1452,3511.6109,1071.2521
1453,3505.5501,904.5309
1454,3505.0743,1078.288
1455,3506.3409,835.385
1456,3502.4173,849.2001
1457,3497.2994,985.7763
1458,3512.9492,888.9428
1459,3511.0198,805.6302
1460,3502.39,902.2617
1461,3507.6309,897.1354
1462,3495.8542,1014.6596
1463,3507.0373,760.3792
1464,3508.2204,821.5443
1465,3511.5942,1145.3946
1466,3510.2282,1020.3597
1467,3504.8764,933.1841
1468,3506.4629,1036.7054
1469,3494.7429,1081.258
1470,3502.024,845.5683
1471,3507.5411,907.5529
1472,3495.7216,1108.9104
1473,3499.6099,789.1909
1474,3498.4064,1147.7026
1475,3509.9625,1030.3194
1476,3508.4122,945.388
1477,3501.5245,759.5766
1478,3501.2738,1113.0723
1479,3505.6811,752.6973
1480,3503.2853,1142.1382
1481,3495.6842,756.2931
1482,3507.1428,995.6243
1483,3492.5368,989.6558
1484,3493.4142,1117.0084
1485,3500.4853,1037.4019
1486,3492.5098,1097.8622
1487,3507.8706,907.5573
1488,3491.9851,1037.0478
1489,3499.9691,811.0296
1490,3506.0515,853.6151
1491,3501.3629,1126.0039
1492,3497.0717,1040.3136
1493,3492.9267,1118.3159
1494,3495.6356,999.4129
1495,3495.2298,710.7587
1496,3499.4187,976.5571
1497,3496.9361,896.8799
1498,3490.5435,1046.8925
1499,3494.9105,1141.6939
1500,3498.3956,957.1533
1501,3495.6707,1132.9928
1502,3492.1452,1002.0506
1503,3504.1238,798.7523
1504,3501.3145,840.4272
1505,3496.5711,1031.4151
1506,3493.6156,1081.1166
1507,3501.4668,948.6581
1508,3492.5375,1014.9511
1509,3496.1475,1022.5039
1510,3491.8165,901.7328
1511,3491.3648,931.9486
1512,3489.3101,1036.7015
1513,3495.402,937.3126
1514,3494.0873,854.6459
1515,3490.9145,1115.8108
1516,3485.1474,869.1332
1517,3494.4837,991.712
1518,3497.2622,944.918
1519,3493.9218,1081.4594
1520,3487.327,761.8739
1521,3494.3614,978.1613
1522,3485.8271,750.5541
1523,3494.3286,1064.2173
1524,3488.7219,1128.4929
1525,3487.3256,803.0522
1526,3490.2966,1007.4811
1527,3491.9316,1112.1173
1528,3489.1498,754.9784
1529,3482.249,1055.254
1530,3496.3397,760.2425
1531,3484.3101,803.8992
1532,3490.1835,970.9415
1533,3481.3948,771.5778
1534,3481.7008,933.2917
1535,3484.7513,794.9519
1536,3487.0121,847.8734
1537,3482.6035,825.2234
1538,3484.9054,1138.3211
1539,3495.9886,923.9659
1540,3488.7498,983.4469
1541,3490.5581,740.1355
1542,3495.4243,1129.9496
1543,3491.6484,1124.4225
1544,3491.3963,970.6665
1545,3485.3139,864.3401
1546,3491.9174,1031.564
1547,3480.3169,966.2423
1548,3483.3955,932.1104
1549,3492.5778,737.2328
1550,3483.9151,717.6467
1551,3489.1027,1046.3855
1552,3483.9646,754.494
1553,3477.4353,1132.7947
1554,3479.7324,1115.0401
1555,3483.632,726.0415
1556,3478.6347,729.4378
1557,3486.5284,783.1914
1558,3481.8966,982.6594
1559,3483.1446,908.3523
1560,3486.0974,1014.7339
1561,3479.437,1004.5076
1562,3477.7805,820.21
1563,3489.7094,816.626
1564,3487.8653,1065.9162
1565,3485.6263,1130.4197
1566,3489.2894,1023.6862
1567,3479.5804,912.3311
1568,3487.2228,1056.0304
1569,3475.7715,806.4329
1570,3487.3881,1050.9678
1571,3488.8007,843.8212
1572,3474.4974,1087.245
1573,3481.4576,1128.1
1574,3478.4861,812.9104
1575,3477.5154,983.5709
1576,3488.8819,926.2274
1577,3484.9694,953.3988
1578,3475.1508,920.2004
1579,3488.7039,1021.5396
1580,3477.5949,816.1005
1581,3483.3754,958.0744
1582,3482.9983,1134.0794
1583,3473.7457,825.1548
1584,3470.9359,928.7493
1585,3487.263,845.7461
1586,3478.8878,908.4276
1587,3471.1639,802.7452
1588,3480.0399,947.4671
1589,3480.1711,743.9821
1590,3482.1927,805.6716
1591,3483.345,1124.8213
1592,3483.8778,947.8413
1593,3483.8721,902.3744
1594,3479.9528,1134.3823
1595,3477.4404,917.2379
1596,3479.1513,1103.6497
1597,3473.5497,829.9585
1598,3468.7563,867.8554
1599,3478.2214,748.9635
1600,3480.8432,805.1587
1601,3471.2729,927.6549
1602,3481.1678,944.1427
1603,3472.543,1077.9954
1604,3474.2531,986.4662
1605,3473.3745,1135.1299
1606,3478.1674,764.3636
1607,3478.8196,832.3064
1608,3472.9576,1096.0699
1609,3467.6154,843.4752
1610,3479.7217,831.3999
1611,3477.7725,739.6852
1612,3471.3453,1033.7233
1613,3474.4567,1004.8784
1614,3473.7871,1005.4962
1615,3471.0807,874.5104
1616,3480.7545,713.3864
1617,3466.2194,789.5952
1618,3464.5824,760.7203
1619,3469.9214,1101.3031
1620,3469.8818,896.9264
1621,3466.0551,990.3472
1622,3476.284,1099.5286
1623,3479.6878,1022.0109
1624,3474.2379,772.1477
1625,3474.4312,989.7269
1626,3479.8521,951.4199
1627,3462.5785,1030.9334
1628,3468.8166,938.4051
1629,3469.9192,782.2671
1630,3465.5254,1098.8328
1631,3478.3177,869.6095
1632,3477.5593,872.069
1633,3474.675,904.1565
1634,3465.2066,1105.9845
1635,3476.1922,905.3561
1636,3469.0311,987.5891
1637,3474.1625,710.1306
1638,3475.0773,1056.5215
1639,3464.2835,704.2191
1640,3461.0206,1064.2608
1641,3461.3258,1034.1265
1642,3475.7486,891.9839
1643,3468.1256,724.4514
1644,3465.2095,1085.9548
1645,3474.9855,787.7743
1646,3474.0901,761.5031
1647,3468.3378,830.6666
1648,3465.4588,1134.8994
1649,3462.4542,1036.5474
1650,3465.5702,915.4847
1651,3459.9856,778.6165
1652,3463.5308,984.6787
1653,3461.6672,1000.8836
1654,3474.0417,824.2659
1655,3459.0472,1028.2657
1656,3461.219,851.1025
1657,3460.6179,725.2983
1658,3464.6606,1000.4418
1659,3457.6555,1029.3017
1660,3458.6969,895.3707
1661,3473.5121,968.6396
1662,3462.9032,1089.8405
1663,3471.0285,945.3693
1664,3469.3358,1000.8086
1665,3458.9388,1074.0513
1666,3457.5986,713.2177
1667,3471.8127,706.7793
1668,3464.6749,965.2582
1669,3469.2883,877.822
1670,3458.264,863.6841
1671,3464.4802,925.124
1672,3462.5443,946.1899
1673,3457.4517,907.3015
1674,3462.0432,840.9072
1675,3464.4776,1130.9754
1676,3456.8474,912.9001
1677,3459.0712,779.2615
1678,3459.4238,823.9629
1679,3466.2772,968.2595
1680,3462.5186,736.7658
1681,3457.5567,1042.7802
1682,3457.8901,856.0502
1683,3461.4704,1091.2156
1684,3453.6169,946.4934
1685,3468.0286,928.5524
1686,3462.467,1125.688
1687,3451.7883,831.2188
1688,3461.9657,1058.5312
1689,3462.313,811.0396
1690,3461.6885,937.3542
1691,3466.5937,762.628
1692,3456.2066,1092.1795
1693,3451.3565,732.61
1694,3453.952,758.1229
1695,3464.524,889.4933
1696,3464.9362,1123.4649
1697,3461.1634,905.9377
1698,3452.8611,960.5253
1699,3454.1347,764.6508
1700,3466.385,988.0166
1701,3453.0285,825.6559
1702,3451.165,881.9806
1703,3449.7682,966.0873
1704,3455.804,1112.3052
1705,3458.0934,851.0218
1706,3452.9804,1122.5484
1707,3459.5428,951.9375
1708,3460.1743,1042.684
1709,3460.8029,1047.1807
1710,3455.471,1078.1686
1711,3456.1411,946.3608
1712,3448.4532,817.2438
1713,3456.1364,858.4868
1714,3463.2074,925.3304
1715,3459.1848,1093.3856
1716,3454.1036,903.4033
1717,3453.0314,733.665
1718,3462.7557,866.4276
1719,3449.2472,1081.0667
1720,3451.1341,711.2066
1721,3454.6552,972.3639
1722,3447.5677,880.4672
1723,3459.1594,1072.02
1724,3449.6413,1072.7861
1725,3450.6607,872.8119
1726,3460.3432,708.4035
1727,3448.1366,727.1219
1728,3461.9866,1100.2772
1729,3446.8863,1010.358
1730,3456.4783,981.4809
1731,3447.9032,833.5279
1732,3457.3505,1006.1637
1733,3446.4928,1078.4033
1734,3448.4321,1038.6832
1735,3448.5629,726.5658
1736,3454.1209,729.519
1737,3455.4627,954.3791
1738,3453.8701,830.0805
1739,3443.589,871.5046
1740,3456.6063,1089.3481
1741,3459.1797,749.502
1742,3450.783,730.2236
1743,3445.7323,1121.8003
1744,3446.7753,737.3393
1745,3450.2309,958.8628
1746,3454.3085,961.2964
1747,3441.8546,973.8935
1748,3453.6896,946.6677
1749,3447.7931,900.938
1750,3456.58,798.0376
1751,3450.4064,717.0837
1752,3449.5809,1074.1198
1753,3456.883,1096.212
1754,3449.6186,1056.7761
1755,3443.726,927.2981
1756,3450.5029,1062.9172
1757,3448.0664,1114.1964
1758,3446.9935,880.4672
1759,3453.4271,992.0598
1760,3444.6093,1015.9131
1761,3440.5631,946.4688
1762,3449.3239,984.4979
1763,3449.6057,775.731
1764,3451.7268,923.7413
1765,3455.7995,1000.6031
1766,3447.5196,928.4614
1767,3448.8573,743.2038
1768,3451.1938,956.8821
1769,3440.4936,910.8064
1770,3450.3407,1089.5307
1771,3442.4628,1131.3776
1772,3444.9131,820.4954
1773,3440.7973,1094.6729
1774,3442.3468,782.627
1775,3444.1286,813.0859
1776,3441.3615,1122.1823
1777,3451.6235,1001.7028
1778,3437.8458,820.1745
1779,3443.6128,1114.3165
1780,3453.3641,1094.4093
1781,3437.1395,947.8813
1782,3442.2087,895.4126
1783,3444.127,852.298
1784,3450.4203,808.0171
1785,3444.1178,1073.911
1786,3446.2091,959.3405
1787,3439.9833,944.5447
1788,3438.0529,1062.241
1789,3448.3205,888.9398
1790,3437.307,1031.2873
1791,3448.5518,900.9355
1792,3437.9279,840.5409
1793,3445.5918,1108.323
1794,3447.2158,967.9083
1795,3450.5448,873.6303
1796,3439.8541,1075.7145
1797,3441.0454,996.3189
1798,3445.3899,706.6399
1799,3435.6561,900.9995
1800,3440.406,770.2203
1801,3444.0606,924.2728
1802,3443.0374,841.8
1803,3441.3199,885.6035
1804,3436.5626,798.5577
1805,3441.0525,1125.5816
1806,3446.1802,790.2532
1807,3442.9713,1102.2689
1808,3448.737,1058.8478
1809,3448.5427,790.8859
1810,3434.908,819.0689
1811,3432.4748,723.3282
1812,3446.4687,894.1417
1813,3432.0283,957.8812
1814,3444.188,1094.3404
1815,3447.1052,771.3062
1816,3448.1178,1071.7412
1817,3448.2024,841.6773
1818,3446.2438,787.1072
1819,3446.1829,710.946
1820,3434.2896,1056.6769
1821,3445.7337,905.2527
1822,3442.0875,907.3565
1823,3433.9609,1037.1031
1824,3438.9558,1099.8919
1825,3433.2511,882.0793
1826,3432.6076,1101.2596
1827,3434.8652,705.186
1828,3435.5149,917.686
1829,3432.4507,850.8657
1830,3438.0125,818.9301
1831,3440.5092,798.2841
1832,3433.658,871.4278
1833,3442.8085,886.8104
1834,3438.3349,908.2973
1835,3440.7811,1029.9634
1836,3444.5434,1109.2702
1837,3434.8756,990.2456
1838,3436.5885,842.089
1839,3434.6906,1082.51
1840,3444.2347,914.1485
1841,3444.5195,926.4122
1842,3429.9613,1085.492
1843,3437.2707,1000.2282
1844,3431.4886,980.9346
1845,3443.8366,733.3979
1846,3441.7201,983.5182
1847,3429.8145,871.875
1848,3434.7866,990.1938
1849,3436.0842,1113.808
1850,3434.3387,1000.7649
1851,3437.8558,845.7534
1852,3426.7403,763.666
1853,3434.9154,832.4679
1854,3430.2391,1116.324
1855,3434.1233,1045.4483
1856,3426.2659,736.5891
1857,3436.6785,989.3412
1858,3438.2136,872.7623
1859,3441.6921,1013.752
1860,3434.3697,1064.8703
1861,3437.3594,779.5686
1862,3438.3947,984.9497
1863,3438.8804,849.1276
1864,3434.6605,951.6715
1865,3431.4988,916.2215
1866,3429.9174,944.7993
1867,3434.4274,829.0738
1868,3434.6655,802.2056
1869,3429.0108,1063.4191
1870,3436.7416,1019.9833
1871,3426.6865,1023.1735
1872,3439.5356,870.4745
1873,3440.2867,743.4147
1874,3425.8976,1113.3217
1875,3427.395,768.7057
1876,3433.4895,767.1832
1877,3427.5049,1056.5008
1878,3435.5656,926.3042
1879,3438.4011,823.3113
1880,3432.0467,864.5731
1881,3427.8431,960.4086
1882,3434.6033,865.1483
1883,3424.4306,947.1512
1884,3437.066,1069.3758
1885,3430.8456,846.2877
1886,3427.4466,887.8999
1887,3432.3649,775.8473
1888,3437.556,949.0997
1889,3425.4676,1029.6
1890,3427.4117,817.162
1891,3423.5091,713.6542
1892,3426.0811,865.32
1893,3433.8832,842.6453
1894,3431.7555,758.7201
1895,3436.1798,1078.3256
1896,3437.6759,1051.061
1897,3430.183,822.6582
1898,3426.5585,787.8507
1899,3423.1268,910.7844
1900,3427.6869,807.5914
1901,3427.5969,1007.9935
1902,3433.8419,1080.8486
1903,3423.7947,795.1938
1904,3432.4378,828.3549
1905,3434.8697,885.6024
1906,3424.3336,716.1936
1907,3428.0887,1070.4547
1908,3430.226,1017.3248
1909,3432.1779,862.2045
1910,3433.1948,1019.2227
1911,3422.2986,993.2295
1912,3428.8273,777.5553
1913,3433.2881,1102.7706
1914,3427.5153,767.4767
1915,3433.955,1097.9749
1916,3424.0562,928.403
1917,3422.1866,726.1368
1918,3420.813,1003.3831
1919,3427.8718,720.6014
1920,3434.3621,791.777
1921,3433.9212,1099.6726
1922,3421.8353,985.5632
1923,3424.9924,1103.5321
1924,3422.7369,1049.9062
1925,3421.4685,1015.9313
1926,3425.8795,722.6069
1927,3429.869,958.8063
1928,3418.8455,995.8311
1929,3429.9488,1005.7086
1930,3422.9635,1027.0597
1931,3431.4828,799.5266
1932,3432.2344,906.8788
1933,3431.1906,841.7582
1934,3431.4575,711.456
1935,3417.0795,787.9968
1936,3428.2858,718.2262
1937,3422.1927,835.8611
1938,3426.1626,721.8717
1939,3425.9821,830.6185
1940,3426.9552,904.0112
1941,3431.3747,906.585
1942,3420.3187,953.7959
1943,3422.6953,969.2293
1944,3416.7608,821.8059
1945,3424.3447,920.5338
1946,3429.5338,698.3193
1947,3416.8879,1057.342
1948,3423.6571,977.1653
1949,3418.269,874.6082
1950,3420.5955,974.0434
1951,3430.15,1008.4007
1952,3428.0003,948.7117
1953,3425.3459,921.0853
1954,3425.5089,1054.8008
1955,3425.8575,717.9939
1956,3428.9631,1115.946
1957,3423.8493,914.546
1958,3419.4577,1004.0294
1959,3420.6541,1017.9557
1960,3419.0867,924.4588
1961,3428.1951,950.2204
1962,3413.7156,909.4727
1963,3425.4206,891.7795
1964,3420.0309,937.0012
1965,3421.2989,813.9104
1966,3417.9319,695.5197
1967,3429.0083,862.954
1968,3427.9856,881.7355
1969,3428.0211,976.135
1970,3414.8701,987.3716
1971,3422.2316,1018.4116
1972,3425.6513,1086.3783
1973,3417.1115,957.0166
1974,3424.1815,914.2913
1975,3424.9372,1090.4463
1976,3416.4117,970.1009
1977,3428.1163,1029.5666
1978,3421.8018,1062.9053
1979,3425.1711,887.7036
1980,3416.6928,1023.65
1981,3419.4561,783.6975
1982,3414.4151,827.8712
1983,3412.9735,817.9391
1984,3417.9958,1012.4482
1985,3424.1666,774.1694
1986,3427.0451,800.3591
1987,3425.7651,1082.2715
1988,3410.2475,1062.9227
1989,3415.1859,869.1035
1990,3423.6711,926.5788
1991,3415.8465,949.5879
1992,3425.6761,818.5409
1993,3417.4528,1101.1219
1994,3420.0656,804.0489
1995,3421.5022,861.4046
1996,3413.6731,1081.8824
1997,3421.3753,823.5895
1998,3412.898,875.9645
1999,3423.5418,1043.3179
2000,3422.9779,953.5627
2001,3414.4738,736.788
2002,3415.2567,1117.888
2003,3415.7202,1062.5945
2004,3416.77,840.7125
2005,3416.7862,706.7673
2006,3414.8607,1090.2259
2007,3417.964,1078.3092
2008,3420.8707,708.9836
2009,3423.9172,901.7626
2010,3418.7166,899.7436
2011,3417.6466,1058.7375
2012,3416.3742,761.321
2013,3409.6722,861.9397
2014,3407.3728,719.1609
2015,3421.7524,967.4203
2016,3409.3915,1028.9011
2017,3413.3678,743.1709
2018,3408.0701,758.1985
2019,3409.85,874.517
2020,3416.4549,1026.8628
2021,3415.4298,925.2417
2022,3413.0315,778.1839
2023,3416.4485,1022.1778
2024,3407.2353,908.5233
2025,3416.2549,837.2124
2026,3412.9383,1014.0435
2027,3418.6575,764.581
2028,3420.8706,728.9889
2029,3405.4347,1092.1079
2030,3420.2765,990.8201
2031,3412.004,909.3668
2032,3419.1782,716.8133
2033,3418.3887,1109.013
2034,3421.2739,957.0432
2035,3410.329,1062.5319
2036,3405.3222,929.8511
2037,3407.2509,894.3736
2038,3416.0487,1056.6513
2039,3407.4053,1102.3082
2040,3414.2971,1022.3746
2041,3417.5598,924.1026
2042,3412.4731,960.8638
2043,3412.4369,877.1625
2044,3407.412,1004.5674
2045,3408.648,1047.3511
2046,3411.3294,847.4705
2047,3407.4591,916.7844
2048,3417.1508,993.318
2049,3420.0293,697.7254
2050,3416.5995,938.9909
2051,3404.9731,719.7394
2052,3404.9508,829.031
2053,3408.5703,973.3025
2054,3412.3652,941.7837
2055,3413.55,817.9044
2056,3413.5846,938.1466
2057,3404.6992,952.6709
2058,3409.1921,893.1863
2059,3407.2081,997.0814
2060,3413.8392,1002.7038
2061,3402.163,782.3968
2062,3412.9922,821.7692
2063,3402.0422,943.4838
2064,3415.662,878.6443
2065,3416.2927,819.0729
2066,3414.2507,1074.9412
2067,3411.1208,1051.2346
2068,3403.0288,956.6091
2069,3406.9192,1099.5288
2070,3403.6332,751.3782
2071,3411.9872,711.4728
2072,3406.3967,1073.4925
2073,3411.6582,743.8117
2074,3403.9368,708.1466
2075,3401.7856,944.7129
2076,3405.6415,856.0604
2077,3407.2742,921.1376
2078,3410.9639,1112.0897
2079,3411.7629,1063.971
2080,3408.1507,780.8928
2081,3404.0324,973.7561
2082,3404.1049,849.6436
2083,3401.4476,889.8355
2084,3405.566,791.791
2085,3410.2056,831.3464
2086,3402.7335,1004.639
2087,3415.3505,973.505
2088,3401.6727,1056.721
2089,3411.7976,948.9255
2090,3405.3307,1000.7159
2091,3404.3147,942.9982
2092,3413.304,801.3496
2093,3404.8836,783.1764
2094,3408.0229,1034.4766
2095,3411.3607,865.7383
2096,3401.6806,1034.872
2097,3410.3013,783.9311
2098,3413.3886,842.4319
2099,3399.6667,1075.0969
2100,3407.6813,931.6664
2101,3408.579,932.9874
2102,3400.8081,1058.662
2103,3399.3599,1033.8674
2104,3409.1245,914.6257
2105,3410.2259,997.8707
2106,3399.3638,942.1887
2107,3413.9013,933.7942
2108,3398.6384,1067.8406
2109,3413.7092,940.172
2110,3412.226,732.3878
2111,3413.4426,844.436
2112,3409.4454,753.279
2113,3404.959,960.1441
2114,3413.1114,917.1147
2115,3405.5369,885.977
2116,3411.0832,1057.9622
2117,3396.2974,1072.5328
2118,3397.1365,1091.9463
2119,3403.4313,978.622
2120,3403.7403,953.0812
2121,3409.4702,1007.6207
2122,3409.064,721.9753
2123,3399.722,834.3894
2124,3403.3103,929.4062
2125,3396.5548,968.9659
2126,3411.2848,997.0725
2127,3401.5814,859.6674
2128,3398.0125,1085.2733
2129,3396.9402,801.6437
2130,3395.3738,1111.6163
2131,3399.1265,968.0687
2132,3403.942,1065.8755
2133,3403.797,1004.3555
2134,3402.2256,944.1892
2135,3409.0628,931.3538
2136,3399.1111,811.1838
2137,3397.5604,842.1897
2138,3403.1941,1007.6842
2139,3406.5293,701.8938
2140,3406.7968,823.4215
2141,3395.0891,952.6241
2142,3398.39,1062.5697
2143,3399.5216,1012.7347
2144,3394.7447,772.5608
2145,3395.6232,1005.1281
2146,3402.5285,930.7612
2147,3398.2616,1065.9203
2148,3394.1485,1084.998
2149,3401.9036,727.3321
2150,3396.5236,1049.8097
2151,3394.9314,1039.4478
2152,3408.66,797.6167
2153,3396.953,860.4913
2154,3404.1987,755.8123
2155,3404.474,1075.0288
2156,3393.0231,938.4925
2157,3403.3854,1073.0905
2158,3393.1871,844.8135
2159,3396.3173,844.126
2160,3396.4945,809.992
2161,3393.5287,842.0738
2162,3402.8893,868.4868
2163,3403.9449,978.8383
2164,3392.0784,979.8818
2165,3407.3716,1094.6467
2166,3392.6511,1055.9198
2167,3396.6543,989.3229
2168,3395.1791,1069.6276
2169,3395.0732,998.859
2170,3400.925,840.0812
2171,3399.9018,1077.8775
2172,3404.7795,711.6101
2173,3403.054,877.4447
2174,3395.4341,1023.5571
2175,3401.1356,786.8178
2176,3405.5646,852.0219
2177,3404.8625,853.4762
2178,3400.5591,879.8616
2179,3397.6737,1098.2528
2180,3394.7081,962.5721
2181,3394.814,1112.1406
2182,3399.102,731.3064
2183,3393.4464,980.2826
2184,3390.9629,1011.5086
2185,3391.4866,857.1615
2186,3399.69,987.0101
2187,3392.5484,748.9775
2188,3401.2221,1078.632
2189,3399.514,746.7745
2190,3388.7594,1031.7231
2191,3397.3186,956.2063
2192,3393.7878,891.411
2193,3398.6095,897.6526
2194,3395.9591,740.4107
2195,3399.5821,725.8474
2196,3394.9498,823.8742
2197,3399.25,966.5277
2198,3399.7873,1014.3292
2199,3395.9135,732.1038
2200,3390.2699,1033.6633
2201,3403.2823,784.6711
2202,3395.7893,912.9371
2203,3386.5227,1065.3304
2204,3390.1023,748.9696
2205,3393.0421,722.3449
2206,3398.0671,868.7698
2207,3395.5387,789.4379
2208,3387.5171,920.1984
2209,3391.4036,811.9977
2210,3401.6612,843.7827
2211,3387.2897,881.0209
2212,3393.1719,950.1931
2213,3388.6284,873.2813
2214,3401.7872,1102.4128
2215,3395.5637,1075.4097
2216,3398.7408,901.5819
2217,3396.7971,800.7869
2218,3389.1768,1042.2846
2219,3385.6993,858.7389
2220,3390.2049,821.1817
2221,3400.528,784.3513
2222,3390.0097,798.3551
2223,3395.5785,1113.2847
2224,3391.3456,978.9482
2225,3386.4328,1096.0425
2226,3387.954,997.3395
2227,3386.2987,1004.3774
2228,3395.6322,842.5643
2229,3386.9714,845.8855
2230,3395.0478,1036.331
2231,3387.3763,1067.3739
2232,3385.5407,1081.3976
2233,3386.2094,997.0386
2234,3386.2646,700.8084
2235,3398.4653,1078.4182
2236,3388.4177,933.2436
2237,3390.1394,953.0846
2238,3387.1934,930.5217
2239,3383.7206,890.637
2240,3394.8143,835.7277
2241,3389.9353,929.3603
2242,3388.1561,769.5581
2243,3384.2657,803.9806
2244,3388.3656,1066.2501
2245,3386.0628,709.9387
2246,3393.8406,762.4826
2247,3396.3525,781.1603
2248,3392.1992,847.7833
2249,3389.7739,936.2441
2250,3385.4913,1030.4143
2251,3390.309,711.8937
2252,3384.3402,884.2591
2253,3394.0847,769.9011
2254,3383.5276,964.3967
2255,3384.0144,724.4886
2256,3397.1995,877.7653
2257,3380.9157,770.2259
2258,3386.6815,807.4054
2259,3396.1611,924.8025
2260,3394.6005,938.5226
2261,3384.491,706.2472
2262,3385.1881,779.0757
2263,3385.0449,777.4269
2264,3384.6648,937.0924
2265,3390.521,1003.6233
2266,3381.4958,846.3487
2267,3383.7783,762.7391
2268,3381.8418,1049.0984
2269,3385.2796,922.5065
2270,3379.5858,1048.8817
2271,3387.9707,1111.104
2272,3385.0589,963.3304
2273,3380.5828,857.9256
2274,3380.5304,769.2952
2275,3389.8891,883.9606
2276,3389.7399,1052.7438
2277,3388.8235,994.4766
2278,3383.7241,929.2927
2279,3394.2005,996.5253
2280,3393.2008,848.1341
2281,3391.8073,933.3555
2282,3381.7757,914.205
2283,3393.7678,1095.9617
2284,3378.3738,724.4379
2285,3385.0067,931.0661
2286,3391.983,972.5914
2287,3385.9885,881.0854
2288,3382.8453,1102.8203
2289,3391.5757,882.8293
2290,3392.9327,1056.9347
2291,3381.2926,988.6504
2292,3378.8348,961.2768
2293,3391.5541,889.9475
2294,3381.1506,828.3179
2295,3392.0834,951.0672
2296,3376.145,917.9907
2297,3383.7214,979.9128
2298,3383.4077,732.615
2299,3385.893,990.7646
2300,3379.6592,831.1835
2301,3377.9698,882.3569
2302,3389.0198,1049.7716
2303,3382.0641,740.671
2304,3381.003,761.822
2305,3377.3993,1010.0437
2306,3374.5394,1047.3977
2307,3376.9224,785.6382
2308,3380.2667,1043.4784
2309,3385.5127,852.3858
2310,3385.666,884.1185
2311,3385.8138,890.9841
2312,3385.1369,992.0988
2313,3380.7908,763.5419
2314,3389.6314,698.3133
2315,3380.6775,815.8235
2316,3378.5975,702.2379
2317,3376.4303,1086.3809
2318,3378.4999,1015.5148
2319,3384.0001,856.4579
2320,3381.0625,1110.8726
2321,3381.3027,1007.2125
2322,3388.8587,1010.417
2323,3376.2133,784.911
2324,3382.6275,709.8367
2325,3375.6556,860.6413
2326,3385.6864,974.7341
2327,3380.895,1029.4648
2328,3381.252,953.1045
2329,3381.7902,848.265
2330,3373.8236,910.7452
2331,3385.2293,749.2952
2332,3385.1007,1033.7365
2333,3379.4453,973.0435
2334,3375.6956,886.7591
2335,3377.6026,696.1403
2336,3374.6748,915.5644
2337,3377.3404,712.8295
2338,3384.9882,777.9961
2339,3381.303,712.1503
2340,3385.3385,961.5002
2341,3373.5834,880.1235
2342,3372.3591,846.8945
2343,3374.0978,966.235
2344,3372.4395,967.2093
2345,3371.3941,865.0629
2346,3385.4996,1067.7392
2347,3373.4806,737.3242
2348,3381.9223,1036.0378
2349,3377.924,1085.5561
2350,3372.9505,1079.7038
2351,3375.5161,941.3413
2352,3376.3107,1022.336
2353,3384.3565,1014.5558
2354,3379.5616,690.0666
2355,3380.5109,979.244
2356,3382.4066,878.862
2357,3382.1885,850.2651
2358,3382.3033,759.0641
2359,3370.191,888.9756
2360,3368.1222,953.8709
2361,3377.2289,988.9888
2362,3375.361,866.9144
2363,3379.3852,762.4413
2364,3366.7856,1019.3774
2365,3373.4923,917.6917
2366,3378.3765,761.8809
2367,3371.1235,977.4154
2368,3368.7498,715.3121
2369,3369.5654,702.8398
2370,3366.7167,1018.7137
2371,3376.4345,1011.2954
2372,3375.45,1052.9101
2373,3372.9427,945.5995
2374,3377.9404,830.1423
2375,3366.4269,842.57
2376,3367.0483,981.72
2377,3364.6658,1001.5341
2378,3377.3394,1077.8881
2379,3376.458,899.9725
2380,3366.7074,973.0805
2381,3369.5804,1029.93
2382,3378.4517,708.6291
2383,3373.8401,1012.4257
2384,3375.8523,1043.5524
2385,3371.4209,911.5084
2386,3376.8571,1096.5279
2387,3374.8132,919.011
2388,3363.5647,1082.9252
2389,3365.7177,1006.555
2390,3378.8894,990.3014
2391,3364.48,715.7657
2392,3369.7236,737.4649
2393,3374.2375,923.3768
2394,3376.5358,883.2904
2395,3365.706,798.4808
2396,3375.6114,755.3409
2397,3369.8336,696.4331
2398,3368.6202,757.944
2399,3365.0498,964.8352
2400,3373.0942,964.3045
2401,3369.9459,897.2711
2402,3371.8732,936.7503
2403,3374.9854,962.0968
2404,3361.4211,1001.4415
2405,3363.5808,971.4511
2406,3365.2537,706.6545
2407,3371.5482,820.3807
2408,3374.7377,1041.4415
2409,3372.5354,1066.2465
2410,3361.7571,919.8106
2411,3365.9578,894.0056
2412,3374.4754,965.1791
2413,3371.2124,890.1057
2414,3372.5361,768.939
2415,3362.3476,773.4052
2416,3366.7284,1062.8649
2417,3370.8679,1026.1741
2418,3366.1573,1065.846
2419,3360.3707,1013.0699
2420,3366.7939,846.4804
2421,3370.5845,902.1627
2422,3363.9063,848.0237
2423,3371.2749,966.0282
2424,3363.0919,824.5125
2425,3366.302,1101.0002
2426,3368.4124,940.6435
2427,3361.9493,692.5852
2428,3362.5056,961.9413
2429,3370.4865,944.7992
2430,3365.7366,888.9587
2431,3363.1847,698.5048
2432,3371.3394,1074.1729
2433,3362.9136,684.9043
2434,3368.9529,1077.6192
2435,3363.226,929.6399
2436,3370.7955,913.7577
2437,3369.3714,1041.7598
2438,3360.1251,729.1348
2439,3365.614,731.9067
2440,3367.3572,985.7003
2441,3362.7976,742.7764
2442,3366.9094,817.9272
2443,3367.0884,1061.6543
2444,3355.5429,983.6265
2445,3367.1449,1031.2715
2446,3355.5675,753.5729
2447,3359.8389,794.6506
2448,3354.0981,727.2235
2449,3365.2939,1023.3362
2450,3368.0128,705.2114
2451,3367.0053,1047.0602
2452,3358.7671,879.8453
2453,3354.5415,904.9373
2454,3361.1514,750.1256
2455,3356.1991,846.9082
2456,3362.9561,794.6162
2457,3360.7792,882.0118
2458,3363.5432,781.6135
2459,3361.3228,940.9913
2460,3365.6139,959.9779
2461,3356.7063,1002.0785
2462,3353.8076,708.0622
2463,3358.4035,938.5884
2464,3363.2589,1053.9792
2465,3358.1662,787.3911
2466,3364.4257,981.4253
2467,3360.9092,714.526
2468,3363.4021,994.1734
2469,3363.2554,764.2434
2470,3362.2998,855.2642
2471,3360.5946,832.1498
2472,3361.2796,690.9575
2473,3363.4329,884.0822
2474,3362.8075,879.6889
2475,3349.9707,795.2361
2476,3355.6099,841.7194
2477,3355.0368,699.9346
2478,3365.0731,994.249
2479,3353.4386,789.7202
2480,3360.7207,833.1242
2481,3355.2465,1085.1784
2482,3351.7106,732.0221
2483,3359.8657,722.6597
2484,3351.5022,797.391
2485,3348.4709,720.8245
2486,3350.4541,699.9128
2487,3355.6028,890.466
2488,3352.4876,1051.976
2489,3349.7436,747.8535
2490,3355.3092,1087.8911
2491,3357.7755,712.5084
2492,3358.3306,740.5043
2493,3361.1513,1044.3915
2494,3349.6292,845.0005
2495,3346.1129,1038.4693
2496,3349.337,927.1922
2497,3353.9938,859.5398
2498,3358.8362,1032.2504
2499,3348.668,828.5057
2500,3347.2527,918.4804
2501,3356.8838,787.0305
2502,3344.8263,961.4125
2503,3347.3226,1026.0617
2504,3344.7585,771.7712
2505,3354.682,810.0331
2506,3345.3362,893.8491
2507,3354.5506,896.841
2508,3344.2123,702.6118
2509,3348.4013,1079.1266
2510,3348.361,768.0215
2511,3346.9233,965.1829
2512,3355.478,1005.165
2513,3356.0081,884.2528
2514,3353.4504,869.735
2515,3353.5142,918.3737
2516,3351.3013,1016.0646
2517,3354.7269,805.2213
2518,3353.3237,1074.3097
2519,3344.699,1046.7534
2520,3353.7032,792.5389
2521,3353.2407,968.1403
2522,3344.16,1012.9767
2523,3350.0197,1002.4219
2524,3355.0853,851.444
2525,3348.3013,856.407
2526,3345.0564,979.8102
2527,3349.4423,1045.8622
2528,3352.9699,1033.3468
2529,3346.5811,1059.928
2530,3342.9824,966.0797
2531,3349.4303,745.0019
2532,3352.0996,856.6181
2533,3347.3596,953.2697
2534,3348.5548,859.3443
2535,3353.338,977.698
2536,3344.3945,747.5334
2537,3350.9158,928.3332
2538,3340.4609,908.7908
2539,3344.6886,846.0539
2540,3340.531,866.0386
2541,3348.7298,961.6415
2542,3348.0526,684.0287
2543,3350.1639,806.1155
2544,3349.7032,1067.0924
2545,3343.7598,768.0467
2546,3339.2438,986.3198
2547,3345.994,734.5419
2548,3346.031,780.2681
2549,3335.8457,895.7367
2550,3337.7835,1075.9659
2551,3338.9966,882.932
2552,3344.5334,729.2594
2553,3342.9445,745.4801
2554,3346.5585,865.7106
2555,3341.4217,976.562
2556,3343.8727,1042.5008
2557,3348.4569,681.8702
2558,3345.8406,805.3546
2559,3334.8959,1047.9855
2560,3335.3119,813.2061
2561,3333.702,979.82
2562,3337.201,739.9631
2563,3335.9534,1021.2974
2564,3338.4008,1038.1248
2565,3339.1622,1062.0899
2566,3335.8178,866.8597
2567,3335.546,781.7594
2568,3341.2634,681.8238
2569,3335.237,1076.223
2570,3334.8627,957.3518
2571,3334.2811,787.9083
2572,3336.0549,902.1545
2573,3342.6614,800.2361
2574,3336.3135,964.1913
2575,3345.7797,814.8785
2576,3338.8675,792.1026
2577,3338.0822,870.8081
2578,3334.2011,1063.1948
2579,3330.0267,791.8674
2580,3335.4003,744.9172
2581,3333.9466,764.2199
2582,3333.3474,938.2848
2583,3329.7752,740.7637
2584,3344.4969,819.4509
2585,3331.53,969.2725
2586,3328.9852,790.2549
2587,3329.3501,1076.8764
2588,3328.3947,1013.8243
2589,3335.9851,762.9527
2590,3330.0936,701.1432
2591,3332.7314,1002.1397
2592,3328.3234,905.4548
2593,3337.5546,694.6464
2594,3340.3873,927.681
2595,3341.6721,996.984
2596,3327.1467,927.7443
2597,3332.3249,818.2204
2598,3331.6814,803.3763
2599,3332.0423,1067.4069
2600,3337.0664,876.1162
2601,3334.3205,1024.5661
2602,3339.0865,951.1836
2603,3330.8538,1031.5494
2604,3336.606,818.6832
2605,3328.8351,918.7993
2606,3328.4502,979.3034
2607,3324.79,1030.9017
2608,3336.0926,988.3623
2609,3327.0787,1043.9321
2610,3331.5652,941.3225
2611,3334.3977,971.1421
2612,3332.6753,1057.4774
2613,3329.0232,954.7175
2614,3329.93,946.7678
2615,3329.6074,1008.0222
2616,3327.8138,843.9869
2617,3320.9794,719.2604
2618,3322.4334,978.0389
2619,3323.5885,676.3015
2620,3326.3042,734.2716
2621,3323.4407,1022.5825
2622,3326.3873,844.2326
2623,3329.636,900.702
2624,3329.7167,975.3145
2625,3319.9829,1073.6627
2626,3319.4026,744.3642
2627,3330.4564,913.266
2628,3332.433,1019.7726
2629,3321.9372,856.2628
2630,3331.6545,1021.2328
2631,3320.4307,814.4243
2632,3316.9744,854.0804
2633,3322.7431,1063.3401
2634,3318.8529,1016.5717
2635,3330.6036,797.5853
2636,3325.0421,879.7677
2637,3317.6295,799.8746
2638,3329.4895,957.1199
2639,3328.8154,733.117
2640,3318.1754,713.7938
2641,3329.72,965.8865
2642,3314.5043,1031.7055
2643,3327.3112,1080.5279
2644,3320.4371,711.2637
2645,3325.4308,729.0897
2646,3314.4895,736.7996
2647,3316.8273,769.8575
2648,3313.6235,954.5336
2649,3325.0322,978.1017
2650,3316.4846,754.5977
2651,3325.6215,808.1653
2652,3325.7695,1051.3029
2653,3328.0368,1082.7215
2654,3321.1754,1022.6028
2655,3312.512,983.2262
2656,3316.6256,760.5837
2657,3311.0937,673.3202
2658,3325.6263,1026.1909
2659,3321.6908,976.7986
2660,3324.8175,1015.48
2661,3315.2587,745.3935
2662,3322.9806,1019.8888
2663,3310.616,1024.8846
2664,3317.2571,895.1808
2665,3317.3887,854.0806
2666,3324.8152,1080.3651
2667,3311.15,786.9378
2668,3324.0173,1015.0013
2669,3315.824,956.6426
2670,3322.6418,726.6668
2671,3319.6095,1080.069
2672,3318.5199,1000.3382
2673,3316.1956,984.196
2674,3310.0168,853.0178
2675,3307.369,942.408
2676,3313.1335,1025.3162
2677,3319.4304,702.5669
2678,3320.6582,861.1228
2679,3320.5533,674.509
2680,3308.2442,885.2634
2681,3309.5155,1056.6934
2682,3315.243,857.8183
2683,3317.02,815.1251
2684,3304.7035,921.1606
2685,3314.9346,1038.977
2686,3311.8486,815.6495
2687,3318.5074,770.1856
2688,3316.8572,1003.0483
2689,3313.6959,993.5503
2690,3315.9048,906.7981
2691,3311.5874,1042.4983
2692,3303.1681,776.102
2693,3301.722,1048.7805
2694,3303.0041,820.9188
2695,3313.1043,915.3074
2696,3312.3812,674.6266
2697,3306.8266,1064.0698
2698,3306.2649,756.6371
2699,3307.598,887.25
2700,3310.3202,1016.3737
2701,3304.1374,889.4659
2702,3304.067,714.1337
2703,3309.576,896.5414
2704,3301.7945,1001.0867
2705,3312.8662,817.748
2706,3313.4115,904.9224
2707,3313.285,987.177
2708,3299.8808,981.1433
2709,3304.6306,827.4962
2710,3307.993,880.069
2711,3301.8223,974.0292
2712,3302.9316,777.9044
2713,3309.5355,812.2717
2714,3297.3199,763.8449
2715,3304.9096,1021.0389
2716,3299.9354,797.4723
2717,3295.4874,934.2119
2718,3296.1501,938.6644
2719,3301.3816,987.0872
2720,3297.5974,1040.2446
2721,3302.8477,787.3754
2722,3297.9595,964.6
2723,3305.091,966.1414
2724,3293.6323,821.3268
2725,3295.0418,789.5295
2726,3295.5165,884.5411
2727,3296.1688,996.2248
2728,3293.4473,694.3561
2729,3296.1631,716.2636
2730,3294.2775,745.7003
2731,3294.1019,981.6487
2732,3299.6009,922.032
2733,3299.5978,790.0927
2734,3305.8095,1035.622
2735,3305.8292,938.4769
2736,3298.8619,918.2031
2737,3293.2401,943.4713
2738,3299.7826,708.6912
2739,3302.0231,842.3434
2740,3296.147,952.5536
2741,3290.3003,968.3288
2742,3295.9304,1043.3193
2743,3300.154,741.5878
2744,3294.3337,887.8974
2745,3293.7486,1015.0697
2746,3286.7363,917.8331
2747,3293.843,915.0062
2748,3297.1189,720.5525
2749,3291.1364,773.2184
2750,3286.8043,1071.9833
2751,3288.4019,795.3506
2752,3299.9863,670.1076
2753,3295.3146,908.0463
2754,3284.1848,983.4864
2755,3296.3605,914.7378
2756,3286.809,1037.315
2757,3284.7234,928.2789
2758,3284.1137,732.976
2759,3290.5935,977.7987
2760,3297.0032,778.3193
2761,3293.4828,934.6431
2762,3294.5116,910.025
2763,3296.8423,872.6633
2764,3287.8562,764.7761
2765,3284.8593,1057.408
2766,3289.9955,715.5438
2767,3288.4618,1056.8479
2768,3284.8748,881.2686
2769,3284.3298,796.46
2770,3280.8896,806.2749
2771,3286.1119,818.2328
2772,3292.6899,1048.3472
2773,3283.771,714.2922
2774,3277.7577,694.3455
2775,3283.6378,1010.7448
2776,3286.0378,900.7519
2777,3279.027,717.5497
2778,3287.3695,932.4725
2779,3286.0784,804.3946
2780,3279.9585,1038.7047
2781,3276.8123,742.435
2782,3288.1752,908.1792
2783,3286.1109,667.6267
2784,3283.8044,993.606
2785,3288.2831,1046.1883
2786,3275.2979,917.3176
2787,3286.9508,924.2569
2788,3274.6956,942.6644
2789,3279.4475,901.8528
2790,3279.4395,703.8507
2791,3286.3011,892.4684
2792,3279.5883,989.8053
2793,3286.6395,883.5288
2794,3277.8524,823.4142
2795,3284.5452,1032.2885
2796,3275.3628,1049.7155
2797,3286.7606,970.8972
2798,3280.941,700.13
2799,3273.524,897.423
2800,3284.4618,929.4213
2801,3283.7203,870.4791
2802,3271.3134,1061.0407
2803,3271.3662,1005.8937
2804,3273.3602,798.2689
2805,3270.3706,966.0082
2806,3272.7792,688.4664
2807,3283.2711,835.8714
2808,3268.579,1063.5075
2809,3279.1979,1011.1181
2810,3278.9464,813.5195
2811,3272.7167,723.8333
2812,3266.7458,901.416
2813,3265.7072,859.5194
2814,3274.4826,767.8104
2815,3273.7783,1072.8161
2816,3272.0763,861.9387
2817,3267.1001,1061.0923
2818,3268.0983,724.0358
2819,3270.1224,881.5827
2820,3267.9783,773.5201
2821,3273.5159,716.6885
2822,3273.7704,1057.0707
2823,3267.7269,874.8817
2824,3269.8111,785.2839
2825,3264.3984,853.9948
2826,3263.449,865.5879
2827,3264.4338,827.483
2828,3268.4842,855.2593
2829,3267.102,992.9256
2830,3260.125,768.2274
2831,3262.5952,963.0966
2832,3261.6037,731.5872
2833,3273.2352,987.4481
2834,3258.8372,1053.65
2835,3267.2635,1014.8933
2836,3261.1773,923.3667
2837,3265.8531,1029.049
2838,3273.0756,1016.5273
2839,3268.9638,668.9884
2840,3256.4481,783.7788
2841,3260.5172,911.2695
2842,3271.3472,771.44
2843,3264.3256,1052.1924
2844,3260.5641,674.1819
2845,3259.6863,919.5743
2846,3266.4548,918.797
2847,3263.3969,817.1268
2848,3264.2613,947.7164
2849,3262.3291,963.6687
2850,3268.714,1020.9375
2851,3253.2799,788.4056
2852,3257.1341,1037.2148
2853,3253.9484,707.3415
2854,3254.7586,840.6517
2855,3262.2774,1031.8712
2856,3263.1114,889.5775
2857,3261.9283,837.1129
2858,3266.4041,763.9097
2859,3251.2738,679.9088
2860,3257.7274,870.5231
2861,3263.0942,936.837
2862,3250.3827,805.7645
2863,3254.9495,857.4817
2864,3259.6515,898.2217
2865,3255.0043,840.938
2866,3263.6351,813.114
2867,3262.6895,845.1417
2868,3261.0079,716.0467
2869,3248.4659,753.2744
2870,3256.2736,1028.9024
2871,3247.607,1017.0498
2872,3255.928,954.0483
2873,3259.8577,993.8962
2874,3252.8791,905.6937
2875,3259.3436,952.7855
2876,3247.8174,1018.3949
2877,3244.4302,888.2124
2878,3253.8772,661.8952
2879,3244.4825,1053.056
2880,3249.5607,841.312
2881,3255.7117,737.658
2882,3254.8113,964.7169
2883,3248.6875,693.2149
2884,3249.4885,835.0915
2885,3254.1905,733.7628
2886,3247.788,1049.9043
2887,3240.3047,666.1768
2888,3254.3243,978.1511
2889,3240.2874,984.0465
2890,3244.9611,725.9426
2891,3251.5664,1067.1764
2892,3243.4729,884.4418
2893,3254.0674,664.1305
2894,3246.8698,789.038
2895,3245.842,715.9804
2896,3246.792,882.3887
2897,3248.7014,682.4351
2898,3248.0472,876.8558
2899,3242.1048,907.3108
2900,3250.2474,990.4035
2901,3248.2162,845.2631
2902,3236.4598,845.3398
2903,3235.5689,755.4611
2904,3238.1683,1038.9888
2905,3237.9153,885.0448
2906,3249.0202,664.7057
2907,3241.7931,1046.6091
2908,3240.4946,889.3729
2909,3241.036,922.6522
2910,3247.4246,1045.7256
2911,3241.0021,1044.4808
2912,3240.8119,1022.8064
2913,3237.7127,919.3615
2914,3230.7111,973.005
2915,3239.2393,997.7219
2916,3244.718,781.8685
2917,3231.9626,960.3222
2918,3243.8678,721.5154
2919,3235.2649,677.7981
2920,3240.4758,1006.3811
2921,3238.0896,724.0823
2922,3228.5514,706.0196
2923,3243.0103,1011.9644
2924,3234.733,1046.4226
2925,3231.0415,686.3607
2926,3230.8504,933.7461
2927,3228.9205,1059.1731
2928,3232.7562,684.1847
2929,3225.7436,973.2471
2930,3229.4474,881.4082
2931,3225.8361,782.2734
2932,3225.5554,679.6517
2933,3223.9401,740.4715
2934,3226.0381,957.3164
2935,3236.2504,977.6747
2936,3235.0828,766.489
2937,3223.0979,1003.9919
2938,3236.4844,961.0451
2939,3231.0345,917.1328
2940,3230.3644,671.1269
2941,3233.108,1053.1401
2942,3231.7117,882.5846
2943,3227.8172,747.2766
2944,3231.6048,1015.8775
2945,3233.9967,869.3471
2946,3232.4688,796.9706
2947,3225.5471,841.8638
2948,3218.7712,847.8185
2949,3233.2106,729.457
2950,3224.9199,1033.1078
2951,3225.4519,664.4725
2952,3223.8944,1004.8678
2953,3228.1244,898.0918
2954,3230.9348,1047.4377
2955,3220.2653,856.14
2956,3221.5287,1024.7984
2957,3227.4053,1020.511
2958,3228.9019,833.6114
2959,3228.5481,875.2425
2960,3230.0292,1005.1978
2961,3217.3718,1017.8922
2962,3220.0292,780.2751
2963,3216.6744,838.8817
2964,3214.2665,707.7692
2965,3215.6765,714.7887
2966,3215.7708,893.9565
2967,3217.5463,745.2681
2968,3213.3198,916.3983
2969,3211.7724,1016.3717
2970,3223.5455,1040.709
2971,3224.8235,1056.4806
2972,3212.741,1051.7102
2973,3224.6098,698.8867
2974,3213.4996,806.2958
2975,3213.1557,915.8056
2976,3220.8158,818.1465
2977,3214.2518,818.218
2978,3219.3964,976.0074
2979,3220.6245,1040.562
2980,3217.3196,1037.1712
2981,3211.0386,987.2938
2982,3211.9181,858.5004
2983,3206.8699,989.1296
2984,3205.7603,924.7181
2985,3210.0382,737.5613
2986,3208.7158,702.0554
2987,3216.7048,890.1112
2988,3214.6724,1018.8356
2989,3216.402,850.6936
2990,3205.0772,663.2786
2991,3218.6611,978.3469
2992,3216.8103,884.3446
2993,3204.408,952.1098
2994,3204.027,712.886
2995,3204.0328,930.9319
2996,3211.452,1003.6771
2997,3215.5431,756.9228
2998,3209.429,721.0149
2999,3201.4493,745.1873
3000,3210.3251,695.9412
3001,3203.5004,767.2629
3002,3202.8531,983.4731
3003,3203.5716,833.8497
3004,3212.841,757.04
3005,3204.71,768.098
3006,3207.8267,976.7406
3007,3208.2715,904.8333
3008,3196.7682,818.192
3009,3209.5947,1027.2045
3010,3198.992,1027.3951
3011,3208.5437,700.9552
3012,3200.2646,996.5767
3013,3205.6905,676.9739
3014,3200.3585,740.516
3015,3196.9458,728.006
3016,3206.5965,651.8391
3017,3203.5647,807.9531
3018,3197.0885,886.4524
3019,3196.1856,894.3747
3020,3194.7747,800.4179
3021,3200.2863,888.8334
3022,3197.6965,683.405
3023,3193.5653,723.1601
3024,3197.6432,776.4718
3025,3201.2628,835.9828
3026,3197.5897,1007.8416
3027,3204.5207,871.9875
3028,3203.2312,749.3918
3029,3198.6749,980.7758
3030,3203.3566,722.9782
3031,3190.0283,672.9918
3032,3194.601,852.5504
3033,3199.5997,729.4222
3034,3188.3218,799.8452
3035,3187.3566,747.0367
3036,3189.7919,1047.917
3037,3188.1803,804.7519
3038,3197.7506,786.3912
3039,3186.3712,966.8345
3040,3187.5181,867.1613
3041,3200.1837,671.7264
3042,3196.4379,695.3135
3043,3189.7918,827.0586
3044,3185.0861,1044.545
3045,3192.2156,891.2698
3046,3187.7098,972.4337
3047,3196.995,978.6915
3048,3188.8438,960.7603
3049,3187.9119,864.7243
3050,3192.1902,769.3538
3051,3190.0719,866.2448
3052,3181.5043,682.7339
3053,3184.2774,959.4313
3054,3186.185,1015.0328
3055,3183.6636,711.4573
3056,3186.851,724.5612
3057,3186.4718,713.4928
3058,3179.3893,692.0755
3059,3181.7731,1001.1535
3060,3186.8857,1020.5577
3061,3185.9061,939.4032
3062,3179.4848,767.4602
3063,3183.1985,682.138
3064,3185.4463,761.6026
3065,3190.0938,673.8009
3066,3186.9531,891.9019
3067,3180.5239,1032.6755
3068,3175.0045,683.8042
3069,3188.7456,843.875
3070,3175.2709,812.8209
3071,3175.977,993.7513
3072,3179.4276,818.4227
3073,3173.6309,841.4085
3074,3176.116,975.6863
3075,3185.0715,907.4649
3076,3173.7925,761.5872
3077,3186.313,1031.9001
3078,3180.747,753.2809
3079,3184.796,933.1528
3080,3185.2439,982.4278
3081,3170.955,1006.1521
3082,3183.199,930.9028
3083,3170.8248,957.1903
3084,3180.0525,822.8867
3085,3172.5113,1024.8004
3086,3178.0567,826.7634
3087,3181.3259,745.4915
3088,3182.6603,904.4358
3089,3175.945,824.903
3090,3180.6949,741.9749
3091,3179.0895,939.5482
3092,3175.556,834.0586
3093,3170.2756,973.9911
3094,3178.795,1019.5706
3095,3169.9917,876.3427
3096,3174.5195,977.1709
3097,3173.6925,1035.7816
3098,3164.0483,815.697
3099,3170.8972,896.6097
3100,3167.8696,995.3493
3101,3176.2638,986.5472
3102,3174.5673,921.3891
3103,3165.3579,731.7173
3104,3177.0638,976.1543
3105,3171.1733,1028.431
3106,3173.2361,682.8732
3107,3172.9873,773.5362
3108,3167.3226,957.8557
3109,3170.576,718.546
3110,3162.39,979.0791
3111,3159.1755,980.3292
3112,3161.0937,830.4822
3113,3163.4582,893.2182
3114,3169.2696,785.0255
3115,3161.6291,955.8361
3116,3165.1656,968.7056
3117,3159.6658,688.8371
3118,3157.5119,1035.5701
3119,3163.9454,1000.1832
3120,3158.1983,985.0739
3121,3165.22,928.9463
3122,3160.842,880.7562
3123,3168.5827,921.127
3124,3165.1344,802.5636
3125,3155.1365,998.9752
3126,3168.0978,916.1594
3127,3165.2875,649.0863
3128,3154.1856,655.4652
3129,3154.7307,803.5557
3130,3155.9666,913.7395
3131,3162.574,664.4128
3132,3165.7241,966.4648
3133,3160.069,687.7653
3134,3155.1925,904.9216
3135,3157.0464,755.8344
3136,3159.9894,654.7808
3137,3153.3225,837.9872
3138,3158.3987,953.4926
3139,3159.9126,883.93
3140,3158.2441,754.0529
3141,3159.4682,654.5632
3142,3160.4931,831.586
3143,3159.3426,809.2125
3144,3152.6246,713.1754
3145,3152.2274,917.7641
3146,3157.8098,1005.6527
3147,3146.5625,698.1365
3148,3154.6193,1005.1378
3149,3152.2348,964.2932
3150,3158.5885,904.8345
3151,3154.1683,980.6113
3152,3155.3709,770.9851
3153,3153.5927,651.7569
3154,3153.4537,665.4013
3155,3157.0403,854.8367
3156,3151.4059,863.6428
3157,3154.9038,867.8089
3158,3146.5675,982.2962
3159,3154.5256,699.439
3160,3147.106,840.6973
3161,3142.359,1027.6168
3162,3144.8305,922.12
3163,3153.5351,961.7095
3164,3143.6439,749.7802
3165,3147.7982,956.6279
3166,3150.9104,1015.6113
3167,3139.0956,874.951
3168,3148.4363,883.1634
3169,3140.6102,815.1577
3170,3147.8223,946.996
3171,3144.5497,790.8031
3172,3141.7286,695.7493
3173,3147.4981,884.1277
3174,3148.2209,1007.5868
3175,3137.0534,671.8597
3176,3141.0654,917.9771
3177,3139.9166,895.8709
3178,3140.4161,671.9397
3179,3135.2737,967.9874
3180,3137.4472,896.5275
3181,3134.4951,900.4122
3182,3134.2993,861.0899
3183,3137.5969,727.1669
3184,3142.0574,922.7463
3185,3137.9413,886.3404
3186,3135.5341,931.9057
3187,3137.0212,878.4882
3188,3134.7754,1024.5548
3189,3135.5905,758.2
3190,3134.6234,852.9873
3191,3139.96,1009.8609
3192,3130.8917,959.9869
3193,3131.2037,667.7837
3194,3135.0011,951.8894
3195,3142.4629,918.8925
3196,3143.0354,1014.1098
3197,3131.9197,1016.8797
3198,3128.9789,642.3799
3199,3138.7,987.2722
3200,3133.342,925.6626
3201,3132.0564,669.8502
3202,3127.1493,848.0199
3203,3134.9817,693.8626
3204,3136.9404,731.4582
3205,3137.0976,900.9564
3206,3137.0461,980.4203
3207,3128.0172,759.407
3208,3135.947,804.6708
3209,3138.4655,855.4606
3210,3134.4831,1005.3562
3211,3128.7511,997.6175
3212,3126.5091,895.4526
3213,3131.6536,671.307
3214,3128.15,858.5143
3215,3131.3621,804.5884
3216,3124.5105,665.8368
3217,3122.0731,954.5982
3218,3124.7481,989.7403
3219,3135.4787,778.677
3220,3132.471,747.1496
3221,3128.857,678.4003
3222,3133.3101,864.9537
3223,3121.9795,731.8513
3224,3126.5185,1010.7241
3225,3130.4653,1028.5755
3226,3119.8203,729.7111
3227,3131.7404,1002.4472
3228,3128.302,703.0308
3229,3123.6933,762.2659
3230,3126.8971,910.0518
3231,3126.7154,702.6289
3232,3121.7396,636.3694
3233,3122.3754,898.0054
3234,3120.0035,752.7209
3235,3117.9473,972.1909
3236,3127.661,772.635
3237,3126.8686,920.4837
3238,3122.4959,759.0938
3239,3115.9685,918.1454
3240,3113.4119,775.8885
3241,3125.157,655.6152
3242,3124.142,916.1689
3243,3126.2861,697.6404
3244,3115.1589,991.3521
3245,3126.6103,681.3591
3246,3123.7324,881.4221
3247,3120.8244,983.7916
3248,3117.0953,747.3358
3249,3122.1712,924.1798
3250,3119.3905,934.9747
3251,3124.9034,738.4341
3252,3114.4683,793.0746
3253,3113.3847,842.5952
3254,3122.5345,721.9018
3255,3115.489,997.7173
3256,3119.1111,763.6143
3257,3122.8944,664.6304
3258,3112.7379,796.9013
3259,3117.3143,907.3202
3260,3121.6769,844.1901
3261,3114.2185,842.5285
3262,3120.787,1005.0213
3263,3116.885,895.3263
3264,3114.9618,843.0874
3265,3119.9191,952.3935
3266,3114.7734,654.1765
3267,3111.4473,798.0352
3268,3117.5525,979.8226
3269,3114.7977,993.825
3270,3112.697,920.4352
3271,3105.9659,910.0368
3272,3110.4102,658.7473
3273,3112.1065,884.3024
3274,3117.3588,845.7192
3275,3103.3198,965.541
3276,3105.1746,774.7076
3277,3105.8006,773.4702
3278,3115.354,1021.3824
3279,3112.9737,865.5907
3280,3106.4649,958.1033
3281,3107.8915,978.5093
3282,3110.8375,994.2822
3283,3107.7569,638.5254
3284,3111.4171,787.5611
3285,3098.903,789.6049
3286,3099.3047,915.1881
3287,3100.3832,788.1294
3288,3111.7732,797.2617
3289,3111.4701,988.0789
3290,3110.9932,770.1368
3291,3104.3999,984.4024
3292,3103.4078,942.3285
3293,3104.9971,695.5085
3294,3099.1181,681.2489
3295,3104.0357,877.7023
3296,3103.0744,883.7214
3297,3095.2433,636.4884
3298,3105.6697,883.1775
3299,3104.48,712.2839
3300,3094.2775,881.595
3301,3102.5741,732.9217
3302,3099.0638,822.5566
3303,3107.289,981.195
3304,3105.7796,916.6484
3305,3101.0553,871.4919
3306,3102.8672,768.5385
3307,3103.1247,812.1435
3308,3103.805,738.7099
3309,3103.6354,737.2039
3310,3105.1106,948.06
3311,3100.3767,957.0323
3312,3091.3803,962.9844
3313,3103.3933,631.028
3314,3090.9727,962.8363
3315,3101.7813,977.367
3316,3097.6643,880.4728
3317,3096.0883,998.7054
3318,3094.2769,830.9471
3319,3094.5065,1013.8246
3320,3101.0602,730.1703
3321,3089.3725,950.9419
3322,3098.1726,924.1219
3323,3092.1746,769.1982
3324,3093.3469,719.0856
3325,3086.4074,634.1465
3326,3095.4399,934.0611
3327,3092.3295,809.1558
3328,3089.8214,733.8991
3329,3092.7328,983.6544
3330,3098.8727,786.2878
3331,3085.7916,771.5766
3332,3099.2468,714.4298
3333,3085.972,708.636
3334,3085.0326,983.4253
3335,3086.16,905.9799
3336,3091.2472,925.686
3337,3096.0145,995.7821
3338,3084.8034,924.9243
3339,3090.9815,802.4454
3340,3093.1339,970.4306
3341,3083.8494,894.522
3342,3090.8697,882.0669
3343,3083.6085,881.923
3344,3081.1512,934.1025
3345,3092.7656,653.6559
3346,3086.7533,942.6323
3347,3088.8674,988.4614
3348,3086.3381,966.5968
3349,3093.9052,928.0385
3350,3091.0341,912.4996
3351,3091.4064,924.9341
3352,3090.5678,870.2463
3353,3091.1142,972.266
3354,3081.6197,936.6405
3355,3077.5325,972.6631
3356,3092.2236,998.6509
3357,3087.8847,802.62
3358,3082.1915,780.7584
3359,3082.9105,751.9731
3360,3077.3148,673.3645
3361,3085.3845,701.8858
3362,3088.3039,895.8993
3363,3075.5348,799.7357
3364,3082.3881,910.5744
3365,3085.9863,961.4452
3366,3077.5702,704.83
3367,3075.729,764.5266
3368,3086.0346,652.5414
3369,3076.5654,906.626
3370,3081.9249,644.3473
3371,3075.6505,972.0106
3372,3072.7288,700.4858
3373,3075.11,735.8833
3374,3076.4126,973.9344
3375,3085.9343,687.3894
3376,3073.7911,934.8553
3377,3075.5191,968.4037
3378,3077.027,810.6963
3379,3080.9091,840.8421
3380,3075.6218,816.8807
3381,3076.9808,638.2967
3382,3080.1949,686.642
3383,3069.8814,692.5579
3384,3080.0161,629.0892
3385,3082.9982,865.8471
3386,3078.4153,775.6942
3387,3068.6246,668.6023
3388,3083.3221,988.9362
3389,3072.0115,873.612
3390,3075.9114,908.2718
3391,3077.0201,667.9913
3392,3071.9795,723.0333
3393,3075.9175,688.6129
3394,3068.8586,751.0873
3395,3074.7251,686.4191
3396,3078.5097,878.5015
3397,3067.6913,763.3036
3398,3069.9708,635.6535
3399,3069.7883,948.0552
3400,3068.282,688.8901
3401,3070.427,691.1734
3402,3068.0879,845.0621
3403,3067.4381,965.7874
3404,3070.3439,996.7586
3405,3072.1229,882.0224
3406,3066.6712,631.6675
3407,3077.1679,722.6137
3408,3067.9505,868.8216
3409,3068.1736,660.8452
3410,3070.8501,745.7328
3411,3076.3714,700.109
3412,3062.3375,930.7631
3413,3067.5128,748.771
3414,3064.5176,902.5979
3415,3072.1892,1002.0102
3416,3069.24,867.0788
3417,3064.3893,809.0275
3418,3074.1765,740.3965
3419,3067.8148,992.9662
3420,3067.5547,915.8182
3421,3066.9868,1001.4222
3422,3059.6931,843.314
3423,3061.3462,858.6283
3424,3063.4412,782.3558
3425,3072.6164,924.5491
3426,3069.4788,706.4572
3427,3060.5291,843.5426
3428,3063.4537,813.3012
3429,3062.1169,781.0825
3430,3060.5929,875.5102
3431,3060.2855,700.0972
3432,3060.645,917.4216
3433,3065.4676,742.8532
3434,3062.8065,796.9949
3435,3069.6731,627.0856
3436,3066.2742,910.3255
3437,3061.9033,691.9964
3438,3068.0365,920.7491
3439,3060.1563,830.7993
3440,3063.2321,813.7584
3441,3054.7506,956.4954
3442,3057.2356,971.1508
3443,3054.4867,875.3812
3444,3066.4559,863.5248
3445,3055.7688,874.1758
3446,3057.6584,935.8804
3447,3057.1798,750.0543
3448,3054.0097,818.0896
3449,3058.2953,868.61
3450,3064.9676,978.999
3451,3052.7828,916.2377
3452,3061.5548,892.8003
3453,3064.8891,954.5919
3454,3057.3463,977.1529
3455,3056.2788,925.5073
3456,3064.661,723.7973
3457,3060.7547,747.6464
3458,3058.7719,993.3133
3459,3056.8627,803.4745
3460,3065.3869,693.8172
3461,3054.4544,808.2442
3462,3050.8871,682.1086
3463,3057.4019,905.2875
3464,3052.5517,627.0086
3465,3050.0446,718.2236
3466,3059.4235,871.2237
3467,3061.388,689.193
3468,3048.9534,634.7511
3469,3054.3603,915.0893
3470,3058.5013,805.4414
3471,3052.3461,767.6351
3472,3047.8667,823.5948
3473,3050.1654,947.0373
3474,3053.06,869.1293
3475,3056.0657,919.819
3476,3058.0198,737.5884
3477,3054.91,751.8443
3478,3056.0744,878.9081
3479,3049.2177,797.1117
3480,3060.353,918.2074
3481,3053.5088,852.0756
3482,3049.7297,1001.8676
3483,3057.1985,919.7318
3484,3047.6316,958.8498
3485,3049.2333,968.1804
3486,3047.9919,710.922
3487,3058.3736,791.8253
3488,3057.8405,935.7201
3489,3059.1331,801.2303
3490,3054.5687,776.9297
3491,3050.801,801.3088
3492,3046.37,893.3333
3493,3049.1229,631.8368
3494,3055.8582,782.7197
3495,3049.1434,771.6848
3496,3043.5404,943.9634
3497,3046.0188,650.2764
3498,3049.0253,750.8168
3499,3053.477,730.0261
3500,3046.8795,740.37
3501,3048.899,705.1064
3502,3055.9278,950.1057
3503,3047.1445,878.939
3504,3054.5987,625.4409
3505,3046.0758,701.7768
3506,3055.0442,835.5349
3507,3042.82,995.2327
3508,3052.7927,739.4931
3509,3047.8814,643.1096
3510,3050.7659,956.5727
3511,3050.039,806.955
3512,3050.8512,854.0714
3513,3045.4228,654.8325
3514,3052.0988,964.907
3515,3047.7556,997.4633
3516,3040.3608,746.848
3517,3049.8631,695.85
3518,3040.2511,793.3637
3519,3042.4981,867.451
3520,3049.8182,925.5408
3521,3047.7457,720.11
3522,3047.3282,972.3586
3523,3050.1885,911.0284
3524,3042.7861,674.0503
3525,3037.3956,854.7033
3526,3043.4539,674.7303
3527,3050.5263,716.602
3528,3037.9232,815.3235
3529,3044.3905,990.2975
3530,3040.5266,877.7579
3531,3043.2017,999.5458
3532,3043.2451,939.3059
3533,3042.1884,716.9711
3534,3048.2253,943.9084
3535,3037.6893,764.6988
3536,3038.1791,648.9616
3537,3045.4854,722.9084
3538,3041.985,998.7432
3539,3048.458,730.511
3540,3047.0157,893.1646
3541,3044.0052,917.1246
3542,3044.8303,661.0255
3543,3044.2229,975.0602
3544,3041.2673,964.0696
3545,3043.8084,653.4988
3546,3043.4527,711.6432
3547,3042.1801,814.7145
3548,3047.7014,883.7626
3549,3039.2134,788.6665
3550,3040.743,737.8751
3551,3046.7601,899.6378
3552,3042.8152,768.4818
3553,3045.9607,913.3678
3554,3042.5569,875.9107
3555,3038.827,820.9434
3556,3035.6699,722.8212
3557,3031.9593,794.5251
3558,3042.7007,814.0982
3559,3039.6075,930.3931
3560,3036.3577,825.103
3561,3031.9668,838.141
3562,3042.4848,976.4842
3563,3044.9337,837.0954
3564,3040.3116,965.2229
3565,3041.8261,918.1546
3566,3035.614,622.5288
3567,3042.584,693.2426
3568,3036.3289,930.3162
3569,3035.7909,805.9151
3570,3032.6101,992.5673
3571,3042.788,638.8097
3572,3041.2391,900.4668
3573,3033.6238,949.3579
3574,3033.725,657.7943
3575,3039.4853,991.294
3576,3035.1514,817.9179
3577,3040.8351,872.2633
3578,3032.0557,705.2964
3579,3037.8781,652.387
3580,3042.2274,871.4866
3581,3040.8173,841.3204
3582,3029.6504,706.0699
3583,3038.6787,968.3124
3584,3031.8497,969.7131
3585,3037.431,717.2723
3586,3032.8743,756.2349
3587,3028.7766,917.6973
3588,3034.4808,953.3408
3589,3034.0848,953.7762
3590,3034.0176,887.3197
3591,3040.685,728.9147
3592,3028.7589,709.0577
3593,3034.0549,624.036
3594,3040.0082,906.6397
3595,3038.7101,736.7298
3596,3037.6657,724.0421
3597,3029.4399,688.5736
3598,3039.2943,887.2161
3599,3034.8823,983.4744
3600,3026.2822,834.2908
3601,3031.4217,816.9639
3602,3029.1358,882.9658
3603,3035.3043,944.3973
3604,3028.6846,969.4
3605,3034.7225,907.2891
3606,3031.9693,827.3588
3607,3026.1005,678.4781
3608,3037.7429,759.0355
3609,3025.5262,827.9305
3610,3028.5885,947.0662
3611,3035.4051,890.8524
3612,3034.2805,887.4751
3613,3035.4533,994.1566
3614,3031.898,796.9312
3615,3034.2659,689.4609
3616,3030.189,866.4926
3617,3027.3309,872.9872
3618,3034.348,695.6639
3619,3036.4696,772.1976
3620,3037.961,768.2466
3621,3025.1486,955.1156
3622,3037.4492,661.7519
3623,3025.6176,964.6771
3624,3026.1081,859.8227
3625,3034.102,779.5773
3626,3027.9159,846.9983
3627,3029.0074,822.6251
3628,3036.1361,964.8587
3629,3025.854,687.5474
3630,3034.0278,685.6415
3631,3037.5245,783.8444
3632,3036.9311,894.36
3633,3030.7304,892.7086
3634,3023.1369,859.2894
3635,3028.0873,820.41
3636,3024.9212,976.3121
3637,3031.5625,615.7665
3638,3029.2105,952.559
3639,3036.8225,699.5425
3640,3036.8541,978.2319
3641,3036.7618,806.3976
3642,3026.0579,667.0006
3643,3033.071,772.9235
3644,3028.8202,752.0863
3645,3027.7799,695.4682
3646,3025.2459,978.066
3647,3024.2042,650.6603
3648,3027.833,780.1651
3649,3031.3546,803.0706
3650,3021.4288,773.4889
3651,3035.0362,735.143
3652,3034.4434,879.5736
3653,3025.1022,917.6598
3654,3027.7696,863.6792
3655,3032.6997,995.3259
3656,3022.6521,816.8724
3657,3026.8709,801.9058
3658,3025.3196,844.7153
3659,3033.505,908.9419
3660,3030.8732,826.8013
3661,3026.4875,868.0794
3662,3023.0488,849.7667
3663,3030.1838,701.8324
3664,3021.6879,719.9325
3665,3025.2169,862.3868
3666,3028.6021,617.4777
3667,3035.3729,722.2268
3668,3026.9037,877.3683
3669,3034.2625,846.2494
3670,3027.7548,649.1102
3671,3030.1187,627.901
3672,3033.2728,795.3052
3673,3020.83,833.2668
3674,3033.6653,985.9545
3675,3031.4834,795.5763
3676,3027.3106,802.3063
3677,3026.8361,906.6021
3678,3025.0565,703.4639
3679,3030.34,688.6708
3680,3028.7417,708.8243
3681,3025.2254,864.0618
3682,3021.4736,958.3141
3683,3029.8622,829.194
3684,3032.3097,951.8321
3685,3024.5357,879.9345
3686,3027.6055,923.0417
3687,3028.0614,947.5634
3688,3020.6293,955.237
3689,3023.6731,760.2938
3690,3024.254,684.5363
3691,3030.6528,975.8803
3692,3024.1351,773.7423
3693,3030.6868,860.6366
3694,3030.4482,986.9003
3695,3025.3191,780.5064
3696,3032.9708,878.5973
3697,3022.3613,810.4187
3698,3027.0021,809.378
3699,3022.4519,693.0823
3700,3021.146,882.5616
3701,3023.2416,889.6892
3702,3031.4462,819.8679
3703,3026.8944,947.5061
3704,3024.7305,800.6326
3705,3029.3908,873.262
3706,3028.4027,825.2134
3707,3027.6064,985.7138
3708,3029.8318,842.5868
3709,3019.7273,990.9298
3710,3024.3593,820.6278
3711,3033.3946,991.8795
3712,3028.5787,639.1963
3713,3024.9276,991.0835
3714,3030.811,911.514
3715,3027.6568,924.998
3716,3022.6191,812.6141
3717,3031.8193,861.6364
3718,3032.444,737.8696
3719,3032.865,775.5344
3720,3030.4121,635.7501
3721,3018.5479,837.3988
3722,3023.9888,953.7545
3723,3024.7909,817.6429
3724,3023.5654,639.4734
3725,3024.1013,681.9943
3726,3022.0098,852.7163
3727,3028.5962,848.8509
3728,3018.3893,966.2228
3729,3020.203,638.8669
3730,3026.7236,948.3814
3731,3031.6853,844.9723
3732,3031.9594,635.8864
3733,3025.5873,719.8862
3734,3032.5029,677.1205
3735,3026.3444,783.8697
3736,3027.992,940.8778
3737,3024.6322,856.8217
3738,3026.6114,693.9125
3739,3019.9176,980.7434
3740,3022.4222,975.3488
3741,3023.3317,871.6025
3742,3024.0204,816.8608
3743,3032.6697,672.5732
3744,3025.3567,807.8823
3745,3025.6624,888.6112
3746,3031.7837,727.3575
3747,3030.6948,632.9805
3748,3032.7642,779.6033
3749,3032.8278,959.4236
3750,3020.6578,840.5495
3751,3023.165,825.7898
3752,3028.1185,944.9115
3753,3023.3923,975.9457
3754,3027.778,900.6301
3755,3031.1837,992.4338
3756,3031.8479,802.0772
3757,3023.7691,750.932
3758,3022.7482,742.997
3759,3019.5757,846.3168
3760,3025.5912,991.05
3761,3019.0671,640.9013
3762,3019.5044,666.5346
3763,3029.9517,716.5738
3764,3019.2462,741.2633
3765,3032.3931,807.5979
3766,3021.5484,814.7414
3767,3023.4363,720.8911
3768,3032.2303,915.3724
3769,3025.8504,620.8127
3770,3026.2336,816.3626
3771,3021.0891,672.8529
3772,3029.6055,939.4199
3773,3029.1533,619.9997
3774,3031.5538,738.1503
3775,3027.2289,914.6083
3776,3031.2394,964.0707
3777,3030.4632,846.033
3778,3026.0076,917.076
3779,3027.4959,877.5959
3780,3029.9156,705.8784
3781,3028.7639,663.5967
3782,3030.7509,984.0196
3783,3032.0025,640.8173
3784,3023.9198,914.5815
3785,3024.5717,639.4287
3786,3028.1984,820.0325
3787,3027.0144,638.5653
3788,3029.1255,901.5365
3789,3031.5088,828.5269
3790,3028.4684,956.0223
3791,3025.499,766.7172
3792,3024.6044,990.8494
3793,3020.8606,983.1169
3794,3031.3208,691.8416
3795,3020.9579,624.351
3796,3026.9082,877.0669
3797,3020.313,689.993
3798,3026.3186,817.2558
3799,3024.0432,630.15
3800,3021.6505,866.4085
3801,3021.8695,864.3197
3802,3028.7341,921.4526
3803,3023.2941,733.9056
3804,3021.7803,850.5665
3805,3026.425,979.7819
3806,3023.0582,880.0913
3807,3030.5,630.8485
3808,3023.7063,847.6485
3809,3031.7176,665.1371
3810,3021.1959,958.4088
3811,3029.9835,961.3078
3812,3032.8575,959.1672
3813,3028.0127,689.1521
3814,3023.7413,708.4991
3815,3030.5223,881.1843
3816,3033.6091,987.7879
3817,3032.1547,861.5289
3818,3031.3518,653.3967
3819,3027.981,792.5591
3820,3027.5564,938.7352
3821,3030.7292,881.1126
3822,3029.1916,893.0743
3823,3028.6097,731.3937
3824,3030.0459,988.5308
3825,3029.5714,850.1431
3826,3023.9106,637.6084
3827,3020.0591,901.8418
3828,3031.4612,975.9179
3829,3031.8202,918.858
3830,3032.9018,940.7651
3831,3034.933,918.0005
3832,3034.5703,637.0445
3833,3030.1959,757.9319
3834,3032.0616,744.0894
3835,3028.3466,895.5572
3836,3023.5457,993.3118
3837,3033.3801,919.3149
3838,3023.688,823.0946
3839,3031.8479,652.9789
3840,3029.3059,650.9009
3841,3023.12,847.335
3842,3029.8931,852.0181
3843,3030.2972,687.6678
3844,3024.0233,823.4275
3845,3023.3396,863.0212
3846,3028.6055,749.3469
3847,3034.2693,636.7774
3848,3021.242,986.5592
3849,3024.4,753.6929
3850,3022.2931,619.7725
3851,3029.0393,983.113
3852,3030.0147,911.8204
3853,3032.9161,977.0271
3854,3033.7284,777.1313
3855,3028.8081,889.5159
3856,3026.5548,864.7754
3857,3028.8147,892.506
3858,3025.0755,782.1232
3859,3025.7215,840.8672
3860,3029.3609,839.049
3861,3022.4117,787.1404
3862,3033.5932,986.603
3863,3030.178,975.592
3864,3035.9106,795.4811
3865,3034.4719,638.1404
3866,3034.4728,631.4903
3867,3027.8696,845.2054
3868,3022.2199,991.8033
3869,3023.7333,901.3378
3870,3035.468,809.4104
3871,3027.9516,665.6666
3872,3023.6023,722.6033
3873,3036.6818,621.3665
3874,3023.4489,810.564
3875,3026.0135,947.0158
3876,3031.5917,887.5523
3877,3030.5841,794.5143
3878,3034.7924,849.6428
3879,3023.8301,885.2963
3880,3030.257,632.3867
3881,3033.6016,720.234
3882,3036.9824,740.8952
3883,3030.1173,957.5188
3884,3027.1294,789.1753
3885,3033.672,938.6704
3886,3034.1388,916.8449
3887,3031.8785,733.1926
3888,3036.1175,699.1638
3889,3032.4289,991.4276
3890,3035.3716,897.1221
3891,3033.6304,897.4424
3892,3026.2486,827.409
3893,3028.0022,704.7112
3894,3030.4356,697.1728
3895,3038.8595,868.5095
3896,3034.4424,734.2026
3897,3025.6991,825.897
3898,3034.3999,867.4124
3899,3036.1946,790.3872
3900,3024.5965,984.9439
3901,3034.2844,946.1936
3902,3037.9093,904.3352
3903,3034.5638,818.6102
3904,3034.5521,817.4717
3905,3024.7657,764.5747
3906,3028.3987,985.5442
3907,3037.6368,970.9832
3908,3030.9614,835.8112
3909,3039.6496,634.1597
3910,3035.2429,856.2861
3911,3034.2641,852.0623
3912,3025.8261,687.4339
3913,3025.4971,985.7803
3914,3035.2784,933.3613
3915,3033.9192,991.4383
3916,3037.3887,841.0836
3917,3036.0095,779.6376
3918,3025.9258,834.8258
3919,3028.0949,753.1677
3920,3030.8749,936.4862
3921,3038.2845,687.8048
3922,3027.6897,748.6413
3923,3026.5539,943.5562
3924,3027.1034,850.9595
3925,3032.459,753.9378
3926,3040.2684,916.8514
3927,3028.9968,807.3298
3928,3033.4378,883.782
3929,3029.9471,778.5049
3930,3040.8739,953.8192
3931,3038.5087,769.4512
3932,3031.1913,966.3901
3933,3041.3559,787.5894
3934,3036.087,638.0343
3935,3041.9689,634.303
3936,3029.7329,886.258
3937,3034.2846,702.6972
3938,3033.2124,720.1416
3939,3042.012,623.7595
3940,3028.4635,980.0915
3941,3034.253,637.9586
3942,3033.7465,800.9155
3943,3032.4903,919.9426
3944,3030.4071,952.8254
3945,3037.0335,913.841
3946,3039.7006,623.2068
3947,3043.0385,882.053
3948,3030.5917,719.8743
3949,3031.421,951.2839
3950,3042.1084,831.5481
3951,3042.0249,843.3879
3952,3042.6155,851.8204
3953,3042.4458,876.3589
3954,3032.3784,751.2573
3955,3035.0622,924.6658
3956,3043.5034,684.4709
3957,3042.8057,819.702
3958,3043.6287,861.6751
3959,3034.5803,706.5059
3960,3037.0112,625.1337
3961,3039.5598,883.9916
3962,3034.7798,875.6158
3963,3038.3026,896.8755
3964,3037.5343,829.9921
3965,3029.6001,745.0437
3966,3043.3457,643.4093
3967,3039.1403,981.926
3968,3041.4662,798.6958
3969,3041.156,906.9871
3970,3039.7371,837.9371
3971,3033.6555,692.1464
3972,3038.7259,768.1288
3973,3030.64,901.1709
3974,3033.3745,679.3855
3975,3045.015,685.545
3976,3044.8346,866.5506
3977,3041.3033,976.1612
3978,3044.0448,824.9859
3979,3033.1816,659.8199
3980,3039.0506,899.0428
3981,3045.6333,821.3312
3982,3041.8631,978.5529
3983,3036.7625,664.2605
3984,3045.0441,652.5837
3985,3045.1509,929.4962
3986,3040.9105,772.7281
3987,3034.5802,798.0192
3988,3044.7203,720.2279
3989,3040.8054,958.2685
3990,3032.7807,782.2895
3991,3046.1099,831.9546
3992,3039.4844,947.2442
3993,3043.5341,845.2514
3994,3040.5874,754.2072
3995,3036.298,736.7774
3996,3043.4626,714.1774
3997,3047.3147,721.7978
3998,3039.1089,902.1543
3999,3035.6566,970.5846
4000,3033.8,968.5077
4001,3038.301,702.3444
4002,3041.2725,990.9208
4003,3037.0705,758.8145
4004,3046.2192,809.5657
4005,3036.5919,951.4791
4006,3041.8628,800.253
4007,3047.2902,838.2839
4008,3048.21,891.5759
4009,3035.8397,626.8006
4010,3039.5536,636.2218
4011,3045.6819,840.1107
4012,3047.2771,742.6987
4013,3041.0619,639.2381
4014,3046.0539,900.406
4015,3049.5062,824.1433
4016,3042.6181,927.303
4017,3044.4376,751.7059
4018,3039.7101,853.4991
4019,3038.8938,795.629
4020,3046.5946,850.6339
4021,3048.9602,660.9397
4022,3043.4128,784.7789
4023,3039.7035,788.9371
4024,3037.9904,864.1517
4025,3049.4425,910.3069
4026,3037.2724,749.8899
4027,3044.2435,869.8511
4028,3037.9211,663.0618
4029,3047.6113,937.5017
4030,3043.695,945.9427
4031,3044.5636,852.6516
4032,3044.1508,625.3004
4033,3047.4055,716.8146
4034,3045.9245,790.6772
4035,3048.9614,790.8038
4036,3048.2087,1000.3711
4037,3051.7962,891.9508
4038,3038.2439,920.7877
4039,3051.7753,962.2821
4040,3043.2995,797.2201
4041,3050.1451,721.0105
4042,3040.3144,895.6429
4043,3046.6982,643.5545
4044,3045.2207,665.4636
4045,3044.5931,721.6602
4046,3046.3408,924.5975
4047,3050.6886,910.5424
4048,3048.9889,953.7134
4049,3047.5824,806.2337
4050,3038.4525,950.3491
4051,3052.4577,959.6695
4052,3043.9235,987.8752
4053,3049.6671,859.805
4054,3041.501,776.9348
4055,3050.6711,859.7014
4056,3045.5578,686.0976
4057,3047.7988,792.2252
4058,3043.0296,935.44
4059,3047.2592,997.7512
4060,3053.7067,874.2277
4061,3050.4948,919.1183
4062,3042.3344,916.9797
4063,3039.9258,773.7081
4064,3048.8423,839.5882
4065,3045.9707,841.2643
4066,3049.656,985.6648
4067,3047.8285,658.2286
4068,3052.1896,637.5219
4069,3049.8584,984.8088
4070,3046.2707,833.1685
4071,3045.9224,941.3921
4072,3046.3431,716.0133
4073,3050.5066,837.6311
4074,3046.6943,677.6225
4075,3050.4512,763.2159
4076,3050.573,685.4273
4077,3049.6756,951.171
4078,3051.8883,819.8773
4079,3052.3795,879.0275
4080,3044.3812,852.2032
4081,3041.3278,663.2717
4082,3047.5906,743.5076
4083,3047.9581,997.9426
4084,3048.9615,938.8715
4085,3050.0442,981.577
4086,3049.9334,933.9395
4087,3045.9672,919.7053
4088,3043.1222,934.1723
4089,3046.1595,680.837
4090,3055.1762,705.9216
4091,3055.2169,947.6159
4092,3046.8464,998.256
4093,3048.316,647.1419
4094,3052.597,648.0332
4095,3045.5523,838.7447
4096,3056.1589,812.7029
4097,3047.701,942.6466
4098,3043.8996,733.1031
4099,3050.1349,644.6144
4100,3045.2697,951.8236
4101,3058.264,720.4365
4102,3049.3848,867.2708
4103,3053.2731,672.2523
4104,3049.555,931.8503
4105,3044.9888,647.5737
4106,3046.1557,983.747
4107,3056.0982,950.1237
4108,3053.5001,801.9664
4109,3053.0211,732.646
4110,3045.8663,770.7615
4111,3052.4256,658.0903
4112,3055.2277,710.7192
4113,3045.7722,955.3719
4114,3051.96,677.7689
4115,3056.8669,883.9547
4116,3048.2241,720.8857
4117,3053.0062,760.7542
4118,3059.0262,816.267
4119,3057.3033,644.2871
4120,3050.874,989.5907
4121,3056.105,927.4499
4122,3053.0702,635.1263
4123,3058.5543,932.3257
4124,3048.143,772.6574
4125,3048.7125,922.2
4126,3060.8273,636.6242
4127,3054.0828,772.9479
4128,3050.2851,854.4985
4129,3053.7827,815.3724
4130,3049.9527,709.1631
4131,3051.4733,942.2856
4132,3056.8703,668.9326
4133,3047.439,904.2045
4134,3052.2852,667.4817
4135,3047.4612,836.6049
4136,3049.0029,943.3309
4137,3056.9866,819.2836
4138,3058.9945,995.3058
4139,3050.8529,809.7399
4140,3054.0305,817.5676
4141,3057.3729,652.884
4142,3059.9672,907.8793
4143,3058.9559,710.0031
4144,3055.2844,713.9324
4145,3060.1671,734.0562
4146,3062.5014,849.3834
4147,3055.6643,833.4603
4148,3060.8428,795.7514
4149,3048.6799,833.7615
4150,3055.193,837.922
4151,3060.2124,1002.6558
4152,3053.4067,965.4695
4153,3056.6943,841.823
4154,3049.4534,957.2015
4155,3057.507,952.9546
4156,3056.3814,666.2248
4157,3061.953,925.0179
4158,3052.5281,792.8296
4159,3060.3383,768.8796
4160,3052.3887,904.1591
4161,3058.9679,762.7924
4162,3061.0952,948.8487
4163,3057.7198,987.8584
4164,3053.4753,968.4368
4165,3053.8257,903.712
4166,3061.0988,637.9403
4167,3059.6057,675.8389
4168,3050.8455,812.3708
4169,3057.4587,652.9768
4170,3058.6026,641.3519
4171,3062.7587,712.2752
4172,3064.8871,786.5038
4173,3059.9058,985.5607
4174,3056.0958,767.1112
4175,3057.8234,933.5983
4176,3062.2806,861.3657
4177,3058.7885,698.8919
4178,3057.3799,815.895
4179,3065.8359,785.012
4180,3059.8279,639.8677
4181,3058.0857,793.5989
4182,3065.9502,638.485
4183,3053.5611,991.5982
4184,3066.7313,642.943
4185,3059.1765,985.2658
4186,3055.5422,740.1044
4187,3053.0871,966.4242
4188,3066.1158,685.1018
4189,3062.3229,878.5449
4190,3059.3974,958.2244
4191,3067.5513,720.9268
4192,3063.7598,751.6827
4193,3065.6025,855.3059
4194,3055.9503,725.0128
4195,3059.6792,882.5622
4196,3064.4895,807.0384
4197,3053.9744,658.7308
4198,3067.304,997.1342
4199,3056.5723,803.0005
4200,3066.7548,897.3005
4201,3059.6887,714.3316
4202,3057.9799,722.6569
4203,3067.6765,953.6007
4204,3058.6272,684.3645
4205,3055.1826,912.44
4206,3056.172,650.6631
4207,3069.0893,810.6806
4208,3065.3735,811.2924
4209,3061.1082,856.36
4210,3059.871,863.924
4211,3065.7132,919.6057
4212,3066.3421,626.7616
4213,3066.4953,807.2969
4214,3056.857,755.3336
4215,3069.2886,849.1392
4216,3058.0912,650.6646
4217,3068.4694,865.2715
4218,3069.8665,634.4263
4219,3067.8593,856.2715
4220,3058.4853,799.191
4221,3062.9535,985.5812
4222,3069.8534,994.5545
4223,3057.3784,634.1528
4224,3065.9595,656.4174
4225,3061.3214,679.8509
4226,3056.3081,867.6488
4227,3064.2406,817.3239
4228,3067.2195,881.725
4229,3066.5499,644.4218
4230,3069.5753,943.6234
4231,3065.4206,757.4026
4232,3061.9603,887.0784
4233,3061.9751,821.7848
4234,3059.0894,672.8621
4235,3063.4085,788.4781
4236,3070.1287,946.5143
4237,3057.4531,809.1046
4238,3065.4348,919.8799
4239,3064.9128,760.3858
4240,3070.6189,956.9484
4241,3066.9684,884.4323
4242,3063.2686,731.055
4243,3058.121,998.1032
4244,3065.2481,820.0232
4245,3060.9315,945.9977
4246,3069.1018,628.9249
4247,3066.0906,873.494
4248,3068.4514,996.5674
4249,3060.7845,958.0325
4250,3068.8807,694.9224
4251,3058.9282,810.8397
4252,3061.2618,843.0139
4253,3068.4972,831.4753
4254,3065.6484,850.3796
4255,3058.4279,971.014
4256,3061.7198,691.2797
4257,3061.9653,922.2302
4258,3073.4281,781.3752
4259,3073.6378,983.3979
4260,3068.8173,661.462
4261,3068.0549,945.82
4262,3069.6785,902.162
4263,3060.3297,978.1254
4264,3063.2783,969.9377
4265,3063.7287,745.4063
4266,3066.4767,928.703
4267,3072.6622,739.0947
4268,3068.2661,695.086
4269,3062.1573,930.3814
4270,3063.0078,780.9481
4271,3069.5966,855.8
4272,3066.8505,720.4023
4273,3061.6803,962.7387
4274,3073.3574,896.1069
4275,3068.8078,926.2105
4276,3065.8629,841.1859
4277,3070.0946,947.6072
4278,3075.1529,915.936
4279,3075.0737,736.6071
4280,3071.0037,743.8676
4281,3075.1032,913.991
4282,3063.325,732.4609
4283,3068.2607,1003.6944
4284,3069.8726,720.1976
4285,3061.037,694.1069
4286,3067.489,925.4005
4287,3069.163,693.813
4288,3073.7169,846.9703
4289,3064.232,925.019
4290,3073.532,706.907
4291,3061.7414,739.8487
4292,3061.0191,869.2032
4293,3068.0972,756.6267
4294,3068.1436,643.4675
4295,3074.6023,673.6454
4296,3074.0779,998.1971
4297,3067.7371,979.9632
4298,3075.883,929.395
4299,3068.2907,635.7647
4300,3074.9348,953.1184
4301,3075.7716,1006.1858
4302,3064.4912,991.5523
4303,3069.5723,948.9342
4304,3073.7002,639.3822
4305,3069.554,1004.6173
4306,3062.7571,712.151
4307,3072.2915,991.2166
4308,3063.0948,753.7973
4309,3066.7766,976.214
4310,3067.1959,749.6127
4311,3075.4611,964.6554
4312,3062.8129,829.1375
4313,3067.4702,719.3693
4314,3064.7818,894.0255
4315,3072.1777,995.1898
4316,3069.0506,738.2043
4317,3062.6824,808.5323
4318,3072.4706,957.7417
4319,3077.848,719.363
4320,3076.0928,722.2734
4321,3071.4027,794.9147
4322,3073.4269,646.1717
4323,3077.1114,903.6265
4324,3066.1691,790.7757
4325,3063.9305,805.4008
4326,3065.4905,951.949
4327,3074.1233,743.4873
4328,3076.1636,918.9989
4329,3072.0452,718.0874
4330,3076.488,867.9582
4331,3063.561,976.6959
4332,3067.0725,623.3465
4333,3076.9957,887.9892
4334,3075.0411,946.6989
4335,3077.9261,861.8066
4336,3074.3752,984.8066
4337,3072.8856,1002.4122
4338,3064.2525,873.8437
4339,3075.9049,871.469
4340,3064.2131,820.3103
4341,3070.8363,880.9933
4342,3067.8598,735.4351
4343,3067.9256,671.8019
4344,3077.3316,829.8669
4345,3072.6761,664.456
4346,3065.1252,941.1847
4347,3065.9858,825.1616
4348,3069.6049,709.7802
4349,3075.5749,804.3745
4350,3069.4959,976.3652
4351,3067.5659,833.0198
4352,3066.5333,736.0449
4353,3067.7247,629.9617
4354,3068.1834,852.9565
4355,3070.2488,679.6357
4356,3066.9587,809.0548
4357,3069.4923,665.5831
4358,3069.2454,807.0995
4359,3073.2877,718.2391
4360,3067.7553,981.9229
4361,3074.0807,830.5319
4362,3079.0219,876.9453
4363,3075.6597,882.7146
4364,3075.1524,815.8274
4365,3072.7751,737.2371
4366,3077.2974,952.2946
4367,3074.1851,773.3897
4368,3074.0029,879.4761
4369,3070.434,808.8302
4370,3076.9889,816.2171
4371,3069.3941,723.9731
4372,3071.9696,902.3763
4373,3066.4731,935.4239
4374,3076.6788,641.9083
4375,3073.6529,666.4796
4376,3075.4986,663.9108
4377,3074.9218,721.1195
4378,3078.8117,843.389
4379,3076.0731,697.3788
4380,3077.2657,634.911
4381,3071.21,897.5843
4382,3065.8332,732.3575
4383,3079.053,859.7028
4384,3065.7305,934.9989
4385,3071.787,846.4027
4386,3074.7392,895.6102
4387,3079.754,630.6566
4388,3074.816,948.0632
4389,3068.7524,927.3662
4390,3074.4716,952.8771
4391,3067.203,729.0763
4392,3066.8165,951.2253
4393,3079.6522,979.5747
4394,3070.0932,687.9033
4395,3070.0646,975.8025
4396,3078.5808,997.1798
4397,3077.204,648.8417
4398,3071.0681,929.3516
4399,3078.0147,643.7861
4400,3072.9032,707.0951
4401,3067.9576,789.1978
4402,3068.244,724.173
4403,3080.5694,976.9449
4404,3069.6508,893.4091
4405,3068.7334,998.4644
4406,3076.2888,666.7842
4407,3077.091,901.1949
4408,3071.785,680.8418
4409,3076.8347,823.8673
4410,3066.7321,671.8744
4411,3071.7451,721.2159
4412,3077.6329,1010.1142
4413,3072.8608,942.5613
4414,3076.7556,758.3287
4415,3066.764,902.6568
4416,3073.5746,746.2427
4417,3069.342,966.2383
4418,3076.0696,655.7133
4419,3079.4514,925.177
4420,3077.3044,991.5257
4421,3078.3165,798.7695
4422,3076.2879,903.5634
4423,3076.7924,663.5295
4424,3073.5397,911.616
4425,3067.7752,790.6202
4426,3069.9679,759.9188
4427,3071.2191,985.0406
4428,3067.8458,714.0947
4429,3067.0488,847.8723
4430,3066.985,872.99
4431,3069.0578,828.4337
4432,3079.1686,921.6499
4433,3080.445,1009.921
4434,3077.3451,728.1048
4435,3079.5373,664.3693
4436,3079.0466,1009.1499
4437,3073.9973,884.4505
4438,3065.7421,823.7494
4439,3072.1107,652.4822
4440,3072.5875,823.2613
4441,3070.6547,819.7939
4442,3078.1349,640.9935
4443,3069.6824,803.6091
4444,3078.418,737.5176
4445,3066.8116,966.4212
4446,3072.6983,886.5115
4447,3067.6087,975.2817
4448,3076.1596,932.282
4449,3067.5689,752.3938
4450,3070.5171,882.6047
4451,3073.4932,745.0926
4452,3068.7319,915.589
4453,3070.011,699.8921
4454,3066.462,815.1737
4455,3069.1775,679.479
4456,3065.3088,892.8005
4457,3079.0459,822.2922
4458,3069.4179,773.5661
4459,3074.2921,991.4589
4460,3069.3144,732.0964
4461,3078.1941,766.6256
4462,3079.196,701.0868
4463,3074.914,767.1814
4464,3070.5883,987.9365
4465,3075.1473,708.7698
4466,3080.0905,890.659
4467,3070.9894,787.4111
4468,3075.6642,695.1636
4469,3070.9915,623.6102
4470,3069.2473,886.029
4471,3075.3272,735.1129
4472,3073.1022,879.2118
4473,3073.9311,677.1826
4474,3073.6682,796.6933
4475,3072.9146,837.9251
4476,3066.0775,944.3482
4477,3067.0107,825.6167
4478,3077.7292,903.227
4479,3074.9988,873.3139
4480,3066.1907,970.0113
4481,3065.6439,929.9389
4482,3077.2346,942.0931
4483,3064.3942,939.6276
4484,3077.5374,1007.226
4485,3078.4278,810.6215
4486,3077.4143,859.8349
4487,3067.0662,854.9632
4488,3071.6442,700.0317
4489,3074.5148,842.3101
4490,3075.8688,964.4366
4491,3074.5779,934.1887
4492,3071.7708,748.1569
4493,3072.5643,975.6423
4494,3074.8428,793.6873
4495,3075.0323,759.367
4496,3065.8865,776.3473
4497,3072.6393,852.1477
4498,3065.0683,813.9905
4499,3078.2804,777.1286
4500,3078.5811,948.0366
4501,3067.3065,973.5831
4502,3075.5331,830.9579
4503,3074.5522,989.7116
4504,3073.4506,807.5375
4505,3070.0752,870.5023
4506,3070.8635,863.5499
4507,3067.649,889.484
4508,3063.0825,969.3749
4509,3070.7751,719.5512
4510,3072.8561,693.7779
4511,3071.9614,950.3718
4512,3068.5694,751.8536
4513,3065.5385,885.6848
4514,3072.422,664.329
4515,3063.9133,840.9772
4516,3071.0588,891.9739
4517,3077.8006,756.0761
4518,3068.6897,825.6334
4519,3068.7502,693.7423
4520,3071.8085,715.0469
4521,3065.9699,916.3641
4522,3063.9859,632.2995
4523,3067.1527,919.2123
4524,3069.2165,884.9324
4525,3071.5878,1000.3703
4526,3076.1551,951.0757
4527,3066.313,753.437
4528,3066.9963,846.9666
4529,3073.6092,828.4194
4530,3064.5432,783.2861
4531,3064.195,725.6156
4532,3075.3809,943.6227
4533,3072.2235,987.1326
4534,3065.2746,967.0912
4535,3066.1108,884.9477
4536,3071.6315,769.4144
4537,3071.636,830.0553
4538,3066.1608,679.5154
4539,3074.5982,870.1871
4540,3069.0564,669.0959
4541,3065.3998,817.5648
4542,3064.2521,956.4501
4543,3072.8341,654.4275
4544,3070.2753,711.3131
4545,3068.2323,659.5572
4546,3060.7128,970.1915
4547,3069.1665,761.695
4548,3065.6067,638.8611
4549,3067.0984,852.0549
4550,3070.0945,793.0929
4551,3073.5583,834.4383
4552,3062.5186,869.2157
4553,3073.754,949.4527
4554,3067.4591,649.3797
4555,3063.9747,672.0938
4556,3061.8969,868.777
4557,3059.9915,994.254
4558,3070.3756,774.018
4559,3065.0011,912.5114
4560,3065.6863,627.7302
4561,3073.3594,995.1019
4562,3060.923,909.6697
4563,3064.6954,862.67
4564,3066.5518,772.1254
4565,3072.6094,1000.5987
4566,3059.0156,754.3737
4567,3063.5364,867.5361
4568,3059.673,792.9238
4569,3065.4356,638.1744
4570,3064.8413,871.3111
4571,3071.3045,973.7261
4572,3059.3216,901.1384
4573,3059.3741,729.4369
4574,3070.3857,817.9796
4575,3069.2764,827.809
4576,3069.4095,729.2423
4577,3071.9696,990.8274
4578,3065.5815,733.3835
4579,3062.6111,995.1303
4580,3058.9903,960.8371
4581,3062.3786,867.8526
4582,3066.1585,690.3641
4583,3067.4488,794.1378
4584,3057.3217,947.4832
4585,3067.6691,687.8714
4586,3056.5785,825.965
4587,3060.7078,818.7687
4588,3062.5226,695.0078
4589,3070.4611,728.9942
4590,3058.9666,652.3193
4591,3068.9277,811.7048
4592,3055.5939,728.7814
4593,3055.3176,786.9667
4594,3058.0851,683.9533
4595,3055.4802,699.6189
4596,3062.0133,889.0485
4597,3056.5516,934.0838
4598,3058.5837,768.0684
4599,3068.1138,798.2148
4600,3062.0116,635.4055
4601,3059.043,912.1164
4602,3059.6621,841.543
4603,3064.5205,764.3293
4604,3057.8122,875.7661
4605,3064.123,906.1563
4606,3067.8269,908.2919
4607,3054.0952,790.6585
4608,3062.2952,965.3274
4609,3067.7214,977.3729
4610,3065.099,878.9642
4611,3062.9243,641.9884
4612,3067.4431,783.2947
4613,3053.9063,776.2408
4614,3061.1271,627.6451
4615,3057.8059,799.4141
4616,3052.6425,767.2257
4617,3066.7933,985.9645
4618,3061.6753,848.6193
4619,3063.1398,803.8611
4620,3064.9132,854.8722
4621,3065.3546,907.8857
4622,3063.5841,949.0026
4623,3056.2677,982.8163
4624,3065.408,705.6341
4625,3064.9095,816.5661
4626,3065.2957,882.4028
4627,3062.1415,856.0847
4628,3050.8884,938.54
4629,3050.8885,722.7829
4630,3059.8268,768.7771
4631,3065.1268,1001.1315
4632,3060.2173,964.5874
4633,3053.8783,750.3996
4634,3063.9896,874.2097
4635,3057.0216,933.3286
4636,3053.3191,645.7409
4637,3054.5963,913.4196
4638,3060.8674,668.1603
4639,3063.5594,948.69
4640,3051.346,943.7203
4641,3062.5186,979.572
4642,3063.3809,832.0128
4643,3057.1267,654.7582
4644,3061.7529,872.0121
4645,3050.2034,704.6657
4646,3056.1428,748.3914
4647,3056.3846,681.885
4648,3060.1564,650.6867
4649,3054.1457,962.6863
4650,3056.8077,961.7822
4651,3051.0438,843.2632
4652,3055.5359,768.0781
4653,3059.1521,864.1999
4654,3053.9443,809.2989
4655,3053.3466,726.1666
4656,3057.6583,998.7198
4657,3055.6775,880.9021
4658,3061.2733,625.8359
4659,3053.3852,787.8297
4660,3058.7422,915.394
4661,3047.946,667.5428
4662,3057.304,659.5178
4663,3053.3406,976.7289
4664,3051.0843,626.136
4665,3052.9589,911.0479
4666,3052.0634,897.3588
4667,3047.8254,834.7712
4668,3045.2046,943.6162
4669,3055.4683,640.49
4670,3049.8999,973.7006
4671,3053.7895,763.3853
4672,3051.9731,859.6279
4673,3049.5065,742.6363
4674,3044.1914,751.6293
4675,3049.0646,717.4833
4676,3058.0489,799.4403
4677,3049.122,744.7873
4678,3046.7922,780.2073
4679,3051.5992,932.3732
4680,3047.7748,811.9831
4681,3048.6102,860.5146
4682,3044.8016,852.2191
4683,3055.0869,780.8563
4684,3044.4679,921.4063
4685,3050.7435,862.5614
4686,3052.8568,764.4814
4687,3047.2147,763.2584
4688,3048.5103,633.8246
4689,3051.6499,715.2461
4690,3049.2357,715.2735
4691,3042.9339,861.7584
4692,3053.3723,993.1148
4693,3054.151,988.6403
4694,3046.0565,945.028
4695,3047.8638,892.1556
4696,3054.2778,882.7599
4697,3047.9366,678.479
4698,3047.0629,672.8698
4699,3043.8195,827.966
4700,3043.421,774.7446
4701,3047.4493,741.9395
4702,3051.186,945.0566
4703,3044.7422,870.3757
4704,3049.9995,973.6287
4705,3049.2883,756.7321
4706,3043.6177,899.0527
4707,3051.421,753.2747
4708,3046.925,947.9265
4709,3038.5596,710.4112
4710,3045.1118,683.4909
4711,3044.3519,915.5083
4712,3039.5434,948.4064
4713,3039.3688,819.8389
4714,3048.6378,662.9005
4715,3042.991,999.724
4716,3048.3302,740.3774
4717,3037.8374,981.2958
4718,3044.8519,944.5163
4719,3037.8082,991.4342
4720,3035.5571,631.4157
4721,3036.0965,633.1632
4722,3041.619,623.1076
4723,3045.9107,991.8654
4724,3043.7107,663.4547
4725,3038.6694,922.6118
4726,3044.8441,673.3099
4727,3046.001,939.2153
4728,3042.6994,801.7094
4729,3041.6318,826.4097
4730,3036.1308,729.5063
4731,3046.3106,785.5539
4732,3043.7184,684.6252
4733,3047.4319,962.0165
4734,3040.6834,801.8071
4735,3034.1941,918.7479
4736,3045.0398,727.8672
4737,3034.5317,804.5691
4738,3038.9676,826.8549
4739,3034.1629,637.774
4740,3044.3865,871.2633
4741,3045.112,881.6216
4742,3044.3653,696.7799
4743,3036.4979,777.0913
4744,3036.3298,896.778
4745,3033.9552,797.4059
4746,3041.8974,798.1004
4747,3038.9058,792.2156
4748,3033.1007,855.7946
4749,3041.3876,775.3054
4750,3032.298,839.3629
4751,3031.644,996.4141
4752,3043.8474,972.7169
4753,3038.8096,844.3116
4754,3041.4347,803.607
4755,3033.2277,882.8168
4756,3036.5131,731.72
4757,3028.0918,920.5261
4758,3030.5454,877.6182
4759,3033.3966,762.0267
4760,3033.71,725.7324
4761,3041.5911,965.2447
4762,3028.8093,926.1393
4763,3026.8554,939.4805
4764,3032.913,798.5221
4765,3033.6376,955.6468
4766,3036.4126,686.6207
4767,3033.31,790.7407
4768,3027.9082,876.1153
4769,3034.4981,618.5145
4770,3027.8575,872.6306
4771,3027.0255,872.3687
4772,3038.3752,654.3738
4773,3030.3537,617.2799
4774,3037.9312,937.7882
4775,3032.9148,932.5364
4776,3026.5866,785.3141
4777,3038.2172,895.8163
4778,3024.1057,885.7261
4779,3033.7388,752.3083
4780,3037.7626,959.5184
4781,3023.3851,680.6285
4782,3032.6081,691.1848
4783,3036.3981,887.349
4784,3023.181,967.4313
4785,3033.3363,648.5618
4786,3031.3885,909.106
4787,3026.2447,756.9959
4788,3025.6557,835.9067
4789,3032.9976,667.4943
4790,3021.5609,888.2839
4791,3034.0005,904.0061
4792,3023.3409,693.2356
4793,3028.0698,680.987
4794,3026.3276,837.9028
4795,3031.9734,893.953
4796,3025.9459,812.0998
4797,3032.5277,761.7902
4798,3023.7552,645.1589
4799,3030.1126,971.6597
4800,3033.1294,958.8815
4801,3018.6475,904.9273
4802,3021.8769,785.3312
4803,3032.9567,848.2296
4804,3029.6397,790.3124
4805,3022.2726,931.875
4806,3018.5943,868.5535
4807,3021.7739,863.697
4808,3021.5351,829.7914
4809,3030.8825,656.6381
4810,3017.3928,677.7023
4811,3028.1781,900.6104
4812,3017.2773,915.1671
4813,3017.3098,797.1393
4814,3029.2824,965.4334
4815,3018.944,741.9853
4816,3018.2317,881.0919
4817,3026.4144,821.7429
4818,3016.6556,683.418
4819,3028.1212,744.1728
4820,3020.5417,956.6741
4821,3016.1805,693.6631
4822,3025.8501,871.4872
4823,3017.7081,841.881
4824,3026.5938,798.1659
4825,3027.4596,758.0558
4826,3018.9095,807.6389
4827,3013.3875,706.0862
4828,3023.0921,817.1102
4829,3018.4883,721.4793
4830,3018.7289,824.8705
4831,3021.2819,632.9202
4832,3023.8177,640.0112
4833,3021.2473,908.798
4834,3022.8211,626.2902
4835,3012.4357,892.1979
4836,3015.3323,954.9681
4837,3012.8294,945.7241
4838,3016.0601,916.846
4839,3015.9076,886.8862
4840,3017.2567,762.2472
4841,3015.0607,720.6666
4842,3018.5132,665.043
4843,3023.0329,961.3161
4844,3019.8342,940.9405
4845,3014.7615,910.1806
4846,3012.4858,932.3897
4847,3021.5513,904.3747
4848,3020.6234,957.092
4849,3017.3883,653.8812
4850,3018.1731,695.772
4851,3010.2881,731.849
4852,3020.4572,987.8971
4853,3012.965,957.733
4854,3012.7527,984.4193
4855,3012.1121,875.2928
4856,3018.8642,926.0311
4857,3011.5484,829.6753
4858,3005.5931,757.7764
4859,3013.6154,824.1362
4860,3007.0467,986.5718
4861,3018.4333,885.6607
4862,3011.498,623.8049
4863,3017.6062,768.7247
4864,3004.0464,959.3618
4865,3015.2857,685.4763
4866,3008.7042,943.4484
4867,3012.7998,929.1621
4868,3009.496,885.9804
4869,3004.8648,976.3836
4870,3009.247,899.8317
4871,3011.3265,817.023
4872,3002.551,856.7209
4873,3009.5162,914.7472
4874,3015.2382,893.1363
4875,3007.0966,620.9882
4876,3003.5258,953.9809
4877,3009.5644,765.0891
4878,3014.7809,905.2839
4879,3003.6968,907
4880,3001.3131,897.3454
4881,3008.8626,820.5169
4882,3002.472,978.1518
4883,3002.4441,837.2148
4884,3009.1893,683.0439
4885,2999.3581,895.4516
4886,3007.457,714.0869
4887,3001.4396,722.0613
4888,3010.6399,670.9072
4889,2997.6601,639.5206
4890,3007.2491,793.1452
4891,3000.8922,814.0006
4892,3000.0022,838.113
4893,3002.5645,816.1097
4894,3010.009,674.1522
4895,2998.001,831.0606
4896,3009.4559,783.7278
4897,3002.9972,979.0894
4898,3004.9538,649.2331
4899,2995.2615,971.5953
4900,3009.3431,886.4784
4901,2996.2379,700.7225
4902,2994.588,910.0012
4903,2995.9099,750.3392
4904,2993.8981,677.9028
4905,2997.7725,898.2255
4906,2994.469,885.1437
4907,2998.9332,643.1808
4908,3007.5863,689.3592
4909,2997.3275,633.4652
4910,3004.1528,669.6576
4911,2998.076,702.1507
4912,2993.7383,735.471
4913,3005.2459,867.0622
4914,2992.8575,753.7763
4915,3004.144,686.7989
4916,2995.8473,835.805
4917,2995.5813,888.7529
4918,3002.4606,679.5023
4919,2990.4941,732.4612
4920,2999.0046,737.8203
4921,2992.075,933.1232
4922,3003.5122,919.8367
4923,2997.8328,828.7773
4924,2996.1582,611.342
4925,2995.7435,903.4454
4926,3001.9847,806.6757
4927,2988.1876,828.4632
4928,2996.6433,632.1213
4929,2990.6457,713.5495
4930,2994.4235,954.2788
4931,2993.0344,671.3137
4932,2989.2195,772.1925
4933,2998.2643,956.1841
4934,2987.4339,978.9381
4935,2988.56,707.6866
4936,2987.0238,980.5348
4937,2990.9676,759.4163
4938,2997.6007,806.8111
4939,2997.2372,648.4639
4940,2994.6575,862.7396
4941,2993.5653,942.8403
4942,2993.0165,694.5468
4943,2996.9353,939.6725
4944,2990.0051,769.8002
4945,2990.6065,777.1961
4946,2983.1194,747.8668
4947,2989.0425,878.9011
4948,2984.9969,885.5436
4949,2996.2882,967.4755
4950,2991.2691,687.4735
4951,2990.513,785.9321
4952,2984.0765,749.695
4953,2995.5327,846.7765
4954,2990.0829,719.1618
4955,2990.3466,794.1743
4956,2988.05,826.6257
4957,2984.9167,790.4352
4958,2992.9674,911.3123
4959,2994.157,846.9163
4960,2986.7438,853.1022
4961,2983.129,915.8132
4962,2979.0145,936.9187
4963,2990.5951,642.1222
4964,2978.6073,712.5521
4965,2989.1948,744.4103
4966,2982.1205,810.9507
4967,2977.6928,668.7551
4968,2982.6681,680.009
4969,2986.1747,970.0416
4970,2980.8501,691.8964
4971,2981.9096,674.0203
4972,2986.6703,815.767
4973,2978.2267,770.7634
4974,2976.3514,837.716
4975,2977.5467,850.8472
4976,2977.5045,610.3189
4977,2988.3671,795.8217
4978,2976.0587,959.8
4979,2980.3477,667.0653
4980,2980.8502,757.8707
4981,2981.1167,951.8377
4982,2977.0973,930.8532
4983,2986.9626,651.8975
4984,2984.5163,841.2378
4985,2977.9357,709.1681
4986,2982.0873,685.996
4987,2977.5527,864.4966
4988,2981.6866,700.2981
4989,2980.8121,835.5638
4990,2972.5957,727.3216
4991,2978.4652,912.4023
4992,2984.2385,628.0309
4993,2981.8479,821.7481
4994,2976.3777,800.4877
4995,2984.273,793.2455
4996,2976.9808,610.1169
4997,2974.2186,932.3916
4998,2977.5479,649.3545
4999,2980.3885,641.5612
5000,2980.5383,968.0324
5001,2973.2129,604.472
5002,2977.8822,818.139
5003,2969.6213,920.3471
5004,2982.1022,739.6922
5005,2977.7653,793.6372
5006,2976.3869,661.6348
5007,2972.8771,860.6169
5008,2973.4233,876.2125
5009,2968.0167,959.7856
5010,2976.3505,922.8726
5011,2978.7076,762.138
5012,2966.3389,894.9605
5013,2973.5732,842.9127
5014,2977.9999,722.8705
5015,2974.1227,730.7403
5016,2966.5942,974.1608
5017,2974.4904,617.6547
5018,2973.388,611.3784
5019,2964.7277,941.9592
5020,2977.0949,969.3767
5021,2970.7057,753.129
5022,2969.8269,953.3879
5023,2976.1781,796.4505
5024,2971.4757,752.0805
5025,2974.2222,915.3324
5026,2974.3771,963.9491
5027,2975.6063,765.5651
5028,2972.2593,880.5106
5029,2964.6434,731.4739
5030,2971.5403,886.5391
5031,2970.4342,870.3188
5032,2972.5612,856.115
5033,2973.7124,823.7988
5034,2964.4727,778.4605
5035,2972.0042,762.6241
5036,2960.2713,721.448
5037,2967.7935,741.2809
5038,2968.215,828.2468
5039,2963.6642,623.6811
5040,2964.1001,874.0016
5041,2967.3887,758.1956
5042,2964.6426,769.1763
5043,2969.5469,945.3531
5044,2961.8372,632.2276
5045,2969.2821,740.4564
5046,2967.1431,845.279
5047,2969.2304,962.5339
5048,2961.8105,819.7338
5049,2955.3333,889.3203
5050,2966.7558,766.0206
5051,2957.8284,889.4217
5052,2966.0522,866.2441
5053,2957.4882,939.7366
5054,2962.5916,678.4022
5055,2960.9797,876.9954
5056,2963.9846,631.0656
5057,2963.0266,788.018
5058,2962.1687,636.1169
5059,2960.9951,934.7753
5060,2964.7328,778.9222
5061,2959.2905,869.5559
5062,2953.4049,698.8835
5063,2957.4131,964.3833
5064,2956.09,853.3031
5065,2956.6322,960.2529
5066,2964.3109,887.8184
5067,2963.2078,828.7054
5068,2963.7439,739.9396
5069,2951.9663,845.2275
5070,2956.257,829.9888
5071,2960.1567,956.6448
5072,2961.0226,790.3193
5073,2956.3272,727.6915
5074,2950.469,614.5303
5075,2951.8088,726.2444
5076,2959.6733,714.7448
5077,2957.9143,806.2816
5078,2952.8512,862.3502
5079,2950.3983,736.3591
5080,2955.5317,796.3805
5081,2954.6613,657.9765
5082,2953.8435,894.6844
5083,2955.7595,911.7808
5084,2957.2756,820.8651
5085,2947.24,918.7905
5086,2958.9746,937.7047
5087,2950.4548,854.1254
5088,2950.5204,697.4336
5089,2951.1089,870.1668
5090,2952.48,651.1112
5091,2958.5697,785.1974
5092,2955.5168,749.059
5093,2954.5678,876.9382
5094,2943.0799,634.4225
5095,2947.9357,673.1754
5096,2947.1153,770.4055
5097,2953.8352,924.2277
5098,2956.3977,689.249
5099,2949.1467,888.5495
5100,2951.584,749.943
5101,2952.0168,845.2597
5102,2951.3947,959.39
5103,2953.9441,721.4934
5104,2945.8644,966.8797
5105,2951.4475,619.4776
5106,2949.8596,899.8787
5107,2952.0997,769.8838
5108,2949.3407,648.0663
5109,2939.3998,813.8228
5110,2943.2954,725.919
5111,2940.1462,894.1089
5112,2951.601,778.3511
5113,2944.6487,861.4082
5114,2938.042,646.5993
5115,2949.0217,894.8539
5116,2947.564,902.3319
5117,2939.903,954.072
5118,2941.706,683.6247
5119,2946.0668,723.644
5120,2949.9669,890.2899
5121,2949.142,696.5734
5122,2937.7925,898.8434
5123,2949.6857,966.838
5124,2937.7131,812.4013
5125,2944.9025,657.5581
5126,2939.9402,912.6121
5127,2937.5813,630.2759
5128,2948.3145,965.8687
5129,2935.1027,683.4603
5130,2941.6102,709.0493
5131,2940.0688,848.5472
5132,2936.1891,773.167
5133,2934.1444,869.4623
5134,2944.1182,677.3586
5135,2946.6343,614.8497
5136,2941.4582,926.0155
5137,2942.2413,703.1455
5138,2931.2528,865.9474
5139,2941.3533,658.0006
5140,2937.5639,867.3195
5141,2937.2696,744.7141
5142,2933.5722,676.9203
5143,2939.4638,902.8672
5144,2941.0035,926.2696
5145,2941.5336,808.0574
5146,2942.5971,638.2824
5147,2930.4484,945.6466
5148,2941.1942,917.0989
5149,2937.0925,701.7801
5150,2938.5552,964.6825
5151,2929.1366,912.9597
5152,2933.9775,653.6628
5153,2929.2484,622.2613
5154,2939.7155,842.2456
5155,2940.6096,777.3293
5156,2929.4044,807.7672
5157,2939.8833,675.5473
5158,2934.4127,792.2152
5159,2939.4833,862.7906
5160,2938.2279,627.6003
5161,2929.5225,660.5805
5162,2926.0437,827.979
5163,2929.9787,662.581
5164,2924.5214,676.4733
5165,2930.5332,927.4819
5166,2937.6021,838.4915
5167,2929.9063,756.745
5168,2924.7286,690.1266
5169,2927.1404,697.9285
5170,2925.7466,698.1752
5171,2927.5014,728.7162
5172,2930.5307,858.2291
5173,2935.1564,904.405
5174,2922.1675,774.7994
5175,2934.5236,888.2818
5176,2932.6576,691.9694
5177,2924.4717,691.5789
5178,2934.4051,907.2672
5179,2927.5847,728.8622
5180,2921.205,948.5303
5181,2927.8058,950.9533
5182,2922.7049,620.7114
5183,2927.3963,625.9928
5184,2924.7216,707.6621
5185,2931.0469,667.5923
5186,2919.8663,606.2278
5187,2918.9825,642.8123
5188,2921.9211,689.5212
5189,2920.1579,938.8455
5190,2924.5095,804.9283
5191,2928.8491,714.457
5192,2928.6636,831.7863
5193,2923.5623,892.2351
5194,2925.7544,672.8197
5195,2927.7232,842.0012
5196,2924.952,739.5779
5197,2919.3938,926.4696
5198,2921.3881,906.4068
5199,2928.7294,810.2712
5200,2925.7092,923.2842
5201,2916.5034,931.6591
5202,2926.5224,730.6025
5203,2919.4149,630.4698
5204,2920.1204,934.2853
5205,2922.106,895.5517
5206,2920.5897,730.1551
5207,2918.3534,670.2925
5208,2925.4938,715.1237
5209,2912.9965,825.3448
5210,2918.5179,857.6209
5211,2915.4486,749.0351
5212,2922.5639,806.8976
5213,2923.4114,694.9607
5214,2921.2386,892.3828
5215,2917.7138,883.6
5216,2923.8761,674.4864
5217,2921.5776,648.3969
5218,2917.2591,778.3655
5219,2911.1147,885.2928
5220,2911.8184,798.8033
5221,2919.3148,647.8257
5222,2922.2306,808.7957
5223,2909.0507,700.1994
5224,2921.5343,820.1066
5225,2922.8293,673.7133
5226,2915.1158,626.4988
5227,2915.3362,767.674
5228,2915.2404,927.8586
5229,2918.9432,655.9042
5230,2918.4609,951.885
5231,2908.1006,670.5464
5232,2907.7144,842.77
5233,2915.1681,753.4863
5234,2911.1285,800.6732
5235,2919.9828,931.5224
5236,2908.785,790.4013
5237,2910.2671,746.2035
5238,2908.6625,829.822
5239,2918.4935,836.1929
5240,2917.1894,939.1893
5241,2908.1805,677.4933
5242,2912.0396,837.9679
5243,2906.9796,921.5051
5244,2911.2352,741.4005
5245,2904.6879,610.598
5246,2916.8191,821.4613
5247,2911.6318,937.8877
5248,2906.1547,728.9624
5249,2909.6279,886.3364
5250,2911.6693,885.8745
5251,2911.3606,630.6484
5252,2916.1833,899.9312
5253,2915.9021,955.8208
5254,2905.1953,704.1777
5255,2905.269,653.7692
5256,2910.9342,872.4436
5257,2900.8013,884.4497
5258,2911.9043,604.5349
5259,2912.1319,768.8861
5260,2913.9791,911.9207
5261,2913.5287,742.6176
5262,2903.6982,787.3274
5263,2907.7058,939.9663
5264,2902.4583,901.7335
5265,2910.2473,607.8652
5266,2902.0836,664.3956
5267,2902.6853,860.6604
5268,2907.4689,895.7408
5269,2900.8902,902.8351
5270,2902.4343,824.4616
5271,2902.1243,731.9612
5272,2906.6914,917.2529
5273,2906.4198,707.5666
5274,2903.0617,615.4356
5275,2906.8125,697.7316
5276,2896.4598,893.4113
5277,2908.653,785.5576
5278,2907.1085,876.1906
5279,2906.8576,742.8504
5280,2906.2839,935.8048
5281,2905.2265,670.3992
5282,2898.8046,903.1934
5283,2907.7971,719.4275
5284,2904.0931,619.5778
5285,2896.9312,743.5064
5286,2901.7123,720.3056
5287,2901.6813,741.6066
5288,2893.3368,780.1704
5289,2893.2831,930.6871
5290,2900.7463,678.8207
5291,2893.4258,863.0029
5292,2904.0267,844.8438
5293,2905.7726,713.6454
5294,2899.4434,940.5497
5295,2898.8488,809.8467
5296,2905.3773,617.7399
5297,2898.0292,746.436
5298,2903.8278,921.1103
5299,2904.4051,795.8954
5300,2895.1783,778.6983
5301,2889.9647,718.9722
5302,2899.6157,944.814
5303,2892.9725,767.4806
5304,2899.2151,708.4745
5305,2892.4366,801.3973
5306,2898.5392,906.7586
5307,2893.1202,787.57
5308,2897.8718,842.774
5309,2899.6343,874.8368
5310,2887.9504,755.8123
5311,2900.1475,667.1353
5312,2899.2024,659.6846
5313,2893.6366,763.01
5314,2900.1428,756.3979
5315,2894.5772,841.1061
5316,2897.0156,593.7732
5317,2896.3039,912.8677
5318,2888.8556,663.3397
5319,2890.436,877.9207
5320,2889.7339,832.007
5321,2890.6315,817.1458
5322,2897.15,824.3741
5323,2885.754,848.6584
5324,2898.1889,752.251
5325,2888.269,760.4739
5326,2892.0956,937.1395
5327,2889.9365,636.1592
5328,2897.7043,591.5401
5329,2890.1327,795.7064
5330,2886.7901,881.8368
5331,2887.4782,643.8036
5332,2888.1842,597.1636
5333,2889.8056,596.2029
5334,2888.8223,628.2655
5335,2891.1069,747.708
5336,2884.6994,887.9394
5337,2883.5464,632.9366
5338,2885.1386,865.4962
5339,2885.789,859.4594
5340,2893.8312,636.4091
5341,2889.6755,899.61
5342,2892.2489,766.8298
5343,2894.1368,778.231
5344,2892.989,878.9639
5345,2893.5003,710.9987
5346,2890.6947,662.4177
5347,2883.8789,728.0672
5348,2889.0271,738.2948
5349,2885.4982,811.0772
5350,2886.2844,691.9552
5351,2888.7528,856.8332
5352,2887.2714,807.2593
5353,2880.7587,606.6303
5354,2886.5863,711.4639
5355,2888.2166,774.7187
5356,2891.9849,749.5753
5357,2880.4474,903.3615
5358,2882.9691,927.8968
5359,2888.3288,819.5171
5360,2889.4728,941.8087
5361,2884.5112,877.8246
5362,2879.5308,741.8972
5363,2885.0705,889.183
5364,2889.1693,596.5131
5365,2884.6862,611.4293
5366,2877.7829,815.0664
5367,2876.4185,935.8344
5368,2880.2731,756.6907
5369,2881.2522,943.0499
5370,2888.2513,941.4457
5371,2875.4351,746.995
5372,2888.4958,679.1248
5373,2878.0477,812.0422
5374,2878.3101,714.9227
5375,2884.5755,879.1454
5376,2880.7963,829.9646
5377,2875.9313,934.427
5378,2875.8988,848.0267
5379,2879.2443,917.932
5380,2882.6111,772.1736
5381,2883.0468,947.068
5382,2876.3087,658.9701
5383,2873.1743,816.4894
5384,2880.0079,654.405
5385,2872.077,651.8462
5386,2874.299,779.6942
5387,2873.7898,905.8383
5388,2882.5667,820.0216
5389,2878.0631,855.8856
5390,2883.8407,676.8262
5391,2877.6581,701.5871
5392,2880.4743,813.1733
5393,2879.1048,685.4912
5394,2872.2518,667.3273
5395,2876.3845,812.1894
5396,2874.22,627.7423
5397,2881.555,833.4087
5398,2876.9067,877.2897
5399,2872.3849,784.6913
5400,2882.9032,749.2316
5401,2870.1711,675.3194
5402,2872.4734,935.4775
5403,2871.3852,730.5481
5404,2868.2944,770.4685
5405,2877.5174,675.9484
5406,2877.9419,619.6371
5407,2874.259,745.9497
5408,2872.205,707.0567
5409,2874.3637,881.7414
5410,2872.1604,611.2592
5411,2871.6612,739.5487
5412,2870.9584,866.9795
5413,2870.1529,760.4018
5414,2875.4875,727.727
5415,2871.3927,928.3302
5416,2875.3984,879.8778
5417,2878.723,824.6672
5418,2879.2962,713.4222
5419,2876.9045,826.4631
5420,2867.4885,722.3674
5421,2878.9601,776.8216
5422,2877.6463,683.7348
5423,2868.3899,859.2844
5424,2878.5493,722.0251
5425,2866.0884,700.274
5426,2871.5252,812.7628
5427,2864.3927,856.6204
5428,2873.2522,725.066
5429,2866.0437,676.721
5430,2872.1848,590.4629
5431,2865.1872,750.6049
5432,2877.0813,641.9693
5433,2863.598,755.4751
5434,2875.1016,644.0477
5435,2864.8289,708.0086
5436,2870.6428,659.1497
5437,2872.7548,729.1033
5438,2870.8698,854.6991
5439,2872.004,752.4936
5440,2864.303,710.0815
5441,2872.3141,609.4427
5442,2871.6856,740.9437
5443,2864.8792,925.3089
5444,2863.5233,744.3674
5445,2863.8103,837.3136
5446,2864.5758,878.3711
5447,2860.3258,744.6747
5448,2871.9699,818.203
5449,2865.642,624.6703
5450,2867.6103,814.7887
5451,2873.5371,811.666
5452,2863.5267,752.8968
5453,2869.1325,884.6753
5454,2872.6115,857.8192
5455,2867.5709,631.7151
5456,2859.0087,843.6003
5457,2860.8065,716.4369
5458,2863.406,708.7579
5459,2870.0635,927.6161
5460,2863.5656,796.057
5461,2870.7014,776.6609
5462,2868.3324,620.3043
5463,2866.8264,625.4989
5464,2866.3272,741.2035
5465,2858.7703,881.8911
5466,2864.9973,815.6017
5467,2870.9966,732.5092
5468,2861.2765,658.6822
5469,2866.5771,717.8156
5470,2869.7412,605.7565
5471,2865.1702,806.4264
5472,2866.2083,908.2397
5473,2867.1749,941.4074
5474,2859.2325,838.0221
5475,2860.2132,815.4126
5476,2869.4356,716.2937
5477,2869.5211,595.6448
5478,2866.6074,774.4788
5479,2858.6025,938.1227
5480,2863.8581,905.6205
5481,2862.326,884.2927
5482,2864.1383,918.622
5483,2862.7701,891.2188
5484,2861.9148,870.3141
5485,2864.3374,781.7471
5486,2858.6588,708.9725
5487,2863.7324,687.8752
5488,2857.0279,660.9565
5489,2855.8443,783.4377
5490,2856.8676,718.9615
5491,2853.7628,613.0534
5492,2864.6488,922.8471
5493,2861.6579,891.7572
5494,2862.0894,700.2779
5495,2858.7847,821.6575
5496,2856.7642,677.461
5497,2862.4454,934.214
5498,2858.4407,856.532
5499,2862.1536,836.937
5500,2857.5818,700.915
5501,2860.6009,902.8773
5502,2855.6721,746.6757
5503,2862.8869,920.1283
5504,2861.1959,730.8596
5505,2864.9269,849.2712
5506,2864.2481,907.0724
5507,2854.3184,685.7539
5508,2853.4652,790.0535
5509,2856.1837,664.6261
5510,2862.0331,893.1737
5511,2858.9928,870.5934
5512,2855.6057,801.493
5513,2857.2742,796.755
5514,2854.4557,716.2696
5515,2862.1537,631.3612
5516,2859.8267,608.1192
5517,2849.7349,796.6483
5518,2859.6614,925.5551
5519,2853.2434,626.7572
5520,2852.0935,677.6888
5521,2858.8759,937.6774
5522,2859.4156,885.2319
5523,2853.7832,884.3578
5524,2853.474,790.1644
5525,2860.6141,686.0458
5526,2862.1901,685.5474
5527,2862.1044,799.3511
5528,2857.9503,654.0087
5529,2858.0808,886.3094
5530,2855.6128,805.2041
5531,2861.2629,729.1275
5532,2850.2308,651.0212
5533,2855.287,619.4589
5534,2849.545,617.8161
5535,2860.5134,747.6554
5536,2860.6514,889.6291
5537,2857.0589,740.2573
5538,2849.1684,903.9267
5539,2853.3353,857.0839
5540,2857.0788,823.4867
5541,2855.4671,919.6821
5542,2859.0847,859.8223
5543,2855.0797,857.9544
5544,2853.0113,865.6583
5545,2848.3871,663.786
5546,2857.0097,926.1829
5547,2845.3894,737.6957
5548,2846.2563,816.579
5549,2857.5686,683.6793
5550,2849.6897,851.5108
5551,2857.5473,586.9892
5552,2853.8555,857.1369
5553,2847.1048,921.2285
5554,2853.7834,886.2571
5555,2849.968,724.6381
5556,2850.2549,764.6918
5557,2851.7769,780.9955
5558,2852.6274,679.781
5559,2854.2581,687.1513
5560,2844.8946,908.4562
5561,2852.251,904.5551
5562,2848.7015,825.7294
5563,2856.6257,833.9161
5564,2854.1333,754.5375
5565,2853.565,632.1178
5566,2847.9424,934.0492
5567,2851.977,581.5213
5568,2848.573,892.1074
5569,2850.3055,592.4239
5570,2847.9229,864.1189
5571,2854.0379,644.3319
5572,2855.8661,825.9202
5573,2847.9298,613.7732
5574,2842.7962,746.1133
5575,2849.5659,647.5314
5576,2852.0925,907.176
5577,2844.5252,745.1054
5578,2845.2688,898.7451
5579,2845.5354,619.3539
5580,2846.3574,751.4453
5581,2851.3866,677.1249
5582,2851.7658,886.8539
5583,2842.1022,607.2919
5584,2851.9083,665.9135
5585,2846.1186,808.593
5586,2841.2588,879.9391
5587,2846.7095,695.8812
5588,2845.4919,642.7801
5589,2841.0425,819.2378
5590,2850.178,702.4311
5591,2853.9715,772.7492
5592,2841.8127,706.201
5593,2849.3896,768.2588
5594,2853.1426,596.2137
5595,2848.4427,798.9474
5596,2851.6829,895.2338
5597,2851.581,676.3352
5598,2845.4103,795.7225
5599,2852.1416,820.9429
5600,2851.0302,627.0222
5601,2852.4173,748.4885
5602,2850.2021,685.5974
5603,2844.7189,851.3916
5604,2839.1629,829.023
5605,2841.7451,702.0383
5606,2845.6535,675.9567
5607,2849.4363,831.7661
5608,2849.8875,705.3401
5609,2840.8962,852.7327
5610,2843.7172,802.9359
5611,2838.3719,780.8829
5612,2841.3157,860.3891
5613,2850.8064,801.2142
5614,2842.5774,905.0476
5615,2839.0794,651.5035
5616,2849.3336,612.6512
5617,2837.8969,620.0904
5618,2848.9646,638.214
5619,2837.9911,806.9105
5620,2847.5423,874.5118
5621,2849.8048,860.8523
5622,2838.9111,848.0866
5623,2845.2416,699.6488
5624,2841.4324,774.5638
5625,2848.3103,583.4108
5626,2837.6875,794.7497
5627,2839.4028,593.1007
5628,2844.3264,866.798
5629,2837.6476,596.433
5630,2842.0616,853.311
5631,2838.0422,772.4816
5632,2844.2822,661.9932
5633,2848.3267,828.2696
5634,2835.818,780.8682
5635,2842.232,911.2469
5636,2840.6104,832.477
5637,2835.7643,921.9819
5638,2840.3643,725.0866
5639,2848.9623,829.9011
5640,2843.9372,695.0477
5641,2840.354,603.1229
5642,2839.1971,683.2251
5643,2846.4332,653.6695
5644,2842.2242,920.2762
5645,2843.6271,874.8945
5646,2838.9474,932.231
5647,2834.7515,614.9017
5648,2834.7304,643.6263
5649,2842.1809,725.502
5650,2836.7721,832.4248
5651,2841.8878,880.6455
5652,2846.0898,625.4473
5653,2847.4131,690.6091
5654,2838.6931,899.5711
5655,2841.3897,577.4645
5656,2846.1329,749.268
5657,2840.204,746.5721
5658,2838.9153,631.9919
5659,2836.1501,751.9997
5660,2842.1867,918.1369
5661,2836.9112,677.6595
5662,2841.11,832.3647
5663,2834.5003,892.3294
5664,2834.8907,722.1812
5665,2835.3158,735.0928
5666,2845.1973,916.556
5667,2837.2906,591.462
5668,2836.2847,769.7497
5669,2832.3092,749.8675
5670,2840.6949,634.256
5671,2842.2647,768.8876
5672,2837.252,917.774
5673,2845.3955,734.0481
5674,2832.1275,721.1483
5675,2840.1826,782.714
5676,2837.7953,828.97
5677,2840.3322,806.1703
5678,2841.3267,685.1875
5679,2834.1463,839.1371
5680,2834.1415,744.1167
5681,2844.7632,643.8936
5682,2841.6811,637.4194
5683,2836.6816,847.8058
5684,2831.0032,865.6426
5685,2835.8081,705.9845
5686,2834.6508,825.0558
5687,2835.0764,784.2747
5688,2836.7375,674.1644
5689,2833.5198,791.5273
5690,2837.7887,783.8978
5691,2831.2282,747.4958
5692,2836.5904,873.5441
5693,2835.669,768.5198
5694,2840.6242,698.9593
5695,2840.7775,619.2286
5696,2839.6868,736.6339
5697,2843.1931,927.2976
5698,2841.5261,589.9661
5699,2830.1677,697.9851
5700,2841.3906,734.8851
5701,2832.0742,685.1931
5702,2833.609,649.3845
5703,2832.6823,670.7802
5704,2838.5117,738.6661
5705,2839.2214,592.2319
5706,2833.1424,908.7349
5707,2833.7874,650.5808
5708,2840.4117,816.199
5709,2838.3834,729.225
5710,2838.3693,577.2615
5711,2836.4999,898.9764
5712,2841.6885,928.5308
5713,2831.855,595.1753
5714,2834.3872,789.3223
5715,2832.9544,633.663
5716,2834.1374,842.4635
5717,2835.3674,803.5884
5718,2837.9259,838.2943
5719,2833.1275,834.7924
5720,2833.4564,839.6953
5721,2837.5573,641.5036
5722,2830.5457,714.6659
5723,2841.3275,680.9511
5724,2837.8683,890.0751
5725,2831.5606,761.734
5726,2830.4769,846.234
5727,2832.9845,833.5144
5728,2835.6499,720.6791
5729,2830.8218,772.5895
5730,2830.3201,760.9669
5731,2831.7542,807.3821
5732,2829.9298,643.6888
5733,2841.0461,619.1834
5734,2827.546,860.9116
5735,2838.5968,928.9528
5736,2828.0526,779.0484
5737,2837.9121,812.8695
5738,2832.5376,842.9436
5739,2834.4363,703.2744
5740,2828.4887,820.2305
5741,2836.3662,792.3037
5742,2831.4229,594.5499
5743,2838.4986,917.8144
5744,2830.666,679.6487
5745,2826.5705,858.6946
5746,2827.9598,854.4922
5747,2835.6248,910.5313
5748,2837.5415,614.4984
5749,2837.1804,724.6651
5750,2835.3963,800.7638
5751,2830.2657,643.3769
5752,2832.8134,867.6419
5753,2827.1407,718.7686
5754,2835.8836,925.2673
5755,2829.2323,597.465
5756,2832.3693,884.8254
5757,2832.7866,730.3881
5758,2826.873,663.7101
5759,2833.9133,710.9689
5760,2827.0537,721.9194
5761,2825.4609,890.9311
5762,2838.4186,586.4501
5763,2830.7343,881.7507
5764,2837.9841,892.934
5765,2837.6309,636.2608
5766,2837.4857,857.8349
5767,2832.0378,613.834
5768,2828.8772,801.4293
5769,2826.4996,840.5214
5770,2837.7422,790.1793
5771,2837.3205,601.0925
5772,2828.8516,887.9231
5773,2831.4073,752.126
5774,2834.608,677.1923
5775,2829.265,831.2665
5776,2829.5116,846.3303
5777,2829.8221,597.5435
5778,2833.5557,889.462
5779,2834.7471,738.3952
5780,2826.1189,790.4938
5781,2828.8256,752.1688
5782,2831.1708,920.8856
5783,2825.9265,678.1697
5784,2830.3716,668.52
5785,2835.4356,720.5804
5786,2837.6352,882.2642
5787,2831.1957,852.3467
5788,2833.8507,615.4002
5789,2837.1776,877.5395
5790,2837.2119,854.875
5791,2831.1276,896.7625
5792,2828.6049,840.6617
5793,2828.5812,829.6055
5794,2830.9319,814.1446
5795,2833.7281,837.5408
5796,2828.5447,749.104
5797,2832.5131,822.1523
5798,2829.0507,786.6246
5799,2833.0201,800.7434
5800,2834.6228,853.3155
5801,2823.5953,621.3319
5802,2829.329,651.6044
5803,2828.1551,750.1557
5804,2836.6225,894.5559
5805,2837.06,747.8417
5806,2829.3968,690.0552
5807,2830.8361,909.6878
5808,2827.6379,607.3799
5809,2827.9139,583.8353
5810,2832.4538,747.5486
5811,2823.0768,923.0901
5812,2825.9568,783.5072
5813,2829.4619,665.5833
5814,2825.4126,590.9314
5815,2831.2032,894.078
5816,2828.7241,918.0356
5817,2836.3599,577.523
5818,2834.2318,634.7527
5819,2829.2484,745.9668
5820,2834.0925,592.085
5821,2835.7693,722.972
5822,2834.7546,768.3597
5823,2825.8268,606.4489
5824,2832.3611,693.1291
5825,2822.7035,657.5109
5826,2833.3681,688.0845
5827,2828.2194,839.3464
5828,2833.1659,659.3318
5829,2835.4595,879.4764
5830,2825.5037,602.6498
5831,2828.6954,894.1874
5832,2835.6341,843.3329
5833,2825.1939,711.4126
5834,2827.2958,631.0562
5835,2828.8229,717.9673
5836,2829.0528,838.5517
5837,2822.7651,698.6899
5838,2828.0857,693.5094
5839,2826.2018,907.6036
5840,2831.3076,757.4292
5841,2830.1581,878.501
5842,2829.9639,575.5346
5843,2822.288,705.7456
5844,2829.3563,814.4079
5845,2825.2343,872.8269
5846,2833.1589,654.0182
5847,2827.1075,625.0629
5848,2824.7918,777.7973
5849,2829.0826,739.1866
5850,2823.685,806.3161
5851,2828.6568,871.2821
5852,2825.3762,751.9717
5853,2830.2975,869.3543
5854,2832.8086,631.4874
5855,2834.7639,875.4868
5856,2831.6215,657.695
5857,2825.4812,696.3127
5858,2829.8522,827.2049
5859,2829.0364,742.8926
5860,2823.3361,919.2564
5861,2822.0831,627.0162
5862,2825.5697,925.6095
5863,2831.6789,805.6915
5864,2831.4345,834.402
5865,2823.3241,585.8003
5866,2823.5474,822.5112
5867,2826.0729,578.9215
5868,2827.6072,675.8764
5869,2834.3699,683.4253
5870,2822.8604,660.7813
5871,2826.6569,737.7197
5872,2827.0717,575.8015
5873,2822.5564,815.5597
5874,2823.6356,712.7816
5875,2833.2695,603.39
5876,2823.4347,860.7763
5877,2824.7424,865.2467
5878,2823.1952,886.9356
5879,2825.3622,921.8231
5880,2822.7873,834.4008
5881,2830.6357,742.7857
5882,2830.6362,896.5983
5883,2820.3148,581.9531
5884,2820.3001,819.3703
5885,2832.9795,873.7239
5886,2827.375,714.3454
5887,2820.5394,686.8244
5888,2831.0717,576.1533
5889,2821.4662,642.844
5890,2834.1309,843.1442
5891,2827.3334,592.014
5892,2830.4251,635.853
5893,2822.2553,775.2158
5894,2827.723,757.2289
5895,2828.7339,679.3709
5896,2823.1776,788.045
5897,2826.0346,907.4072
5898,2823.301,849.3736
5899,2832.0176,894.7002
5900,2830.8128,758.3337
5901,2830.1597,685.9646
5902,2826.3474,693.0415
5903,2828.0676,856.1037
5904,2825.5568,787.6084
5905,2832.3492,781.6
5906,2831.3684,591.342
5907,2831.9979,622.883
5908,2827.6878,633.0327
5909,2825.2456,823.2744
5910,2831.5405,812.4272
5911,2821.1425,810.7858
5912,2832.0066,776.6672
5913,2827.2933,690.6749
5914,2830.7486,707.9483
5915,2821.0878,672.9497
5916,2832.6542,798.2075
5917,2819.67,901.8213
5918,2821.0051,678.3562
5919,2822.2947,757.0769
5920,2824.3304,765.6199
5921,2821.9871,856.9739
5922,2825.6503,800.1552
5923,2823.8974,758.8329
5924,2828.5538,703.1642
5925,2822.714,856.4022
5926,2827.4827,654.4789
5927,2821.3139,916.5494
5928,2826.4215,622.4134
5929,2823.8733,828.8914
5930,2827.4928,753.8499
5931,2828.2705,827.9089
5932,2819.8322,893.0159
5933,2832.3383,819.342
5934,2830.589,908.6438
5935,2832.613,753.6754
5936,2822.8988,672.3407
5937,2826.1459,604.7809
5938,2832.9857,855.711
5939,2825.2832,873.9969
5940,2825.1327,819.4351
5941,2828.536,767.6874
5942,2829.2797,807.9748
5943,2828.8725,708.0614
5944,2824.9967,774.2782
5945,2828.8618,644.1369
5946,2823.9862,806.1328
5947,2819.7938,662.694
5948,2820.6916,833.1878
5949,2829.9418,871.1065
5950,2823.0823,711.2627
5951,2819.343,757.6848
5952,2822.647,598.4078
5953,2831.4324,884.2717
5954,2826.397,754.2821
5955,2825.5903,832.098
5956,2827.3952,690.4364
5957,2829.1445,797.7365
5958,2828.9668,804.2725
5959,2819.2861,785.1058
5960,2825.7314,699.3358
5961,2832.3387,736.6058
5962,2820.4069,741.5832
5963,2818.9799,623.3798
5964,2831.4814,585.2213
5965,2821.3089,793.0247
5966,2830.5363,916.737
5967,2821.8663,795.9142
5968,2828.2518,629.4312
5969,2824.8088,906.346
5970,2829.5356,592.0384
5971,2828.4742,690.502
5972,2827.3997,705.9086
5973,2823.2139,857.9488
5974,2826.5568,626.9145
5975,2827.4072,791.4375
5976,2826.4918,842.9027
5977,2832.3769,580.901
5978,2827.7998,781.6086
5979,2822.8075,590.1853
5980,2824.2826,779.8015
5981,2825.7728,922.3963
5982,2821.9196,907.892
5983,2828.2916,823.1165
5984,2821.8631,684.2717
5985,2831.4655,711.4772
5986,2832.0771,704.402
5987,2825.3975,879.7376
5988,2818.5293,687.9676
5989,2828.1206,827.8452
5990,2826.9031,586.9342
5991,2827.8652,716.8984
5992,2831.7605,878.4624
5993,2827.8681,902.9165
5994,2827.807,614.5157
5995,2824.8174,681.5985
5996,2819.702,905.7855
5997,2828.6996,833.4533
5998,2829.7944,875.1943
5999,2824.0458,749.7005
6000,2826.6911,584.0832
6001,2828.3077,716.3475
6002,2830.0542,887.7289
6003,2821.3737,781.1606
6004,2829.7352,678.8928
6005,2824.7028,908.3834
6006,2827.8729,669.2779
6007,2831.2292,619.1768
6008,2820.5164,919.3523
6009,2821.9067,856.3106
6010,2821.8539,641.2731
6011,2822.4923,883.584
6012,2827.8879,888.6673
6013,2830.4929,814.8408
6014,2824.8757,808.5858
6015,2823.2606,873.72
6016,2829.1715,819.8777
6017,2822.2059,795.0236
6018,2830.1775,629.99
6019,2818.6,914.9649
6020,2826.5398,862.0913
6021,2831.9424,815.8209
6022,2818.9061,919.9475
6023,2821.3466,907.12
6024,2825.46,845.3631
6025,2826.1509,890.1003
6026,2831.2848,631.2358
6027,2828.8767,817.6207
6028,2830.4502,677.0217
6029,2827.4847,916.1218
6030,2829.014,672.5748
6031,2821.5419,670.3263
6032,2818.7066,610.2999
6033,2829.2488,796.4401
6034,2824.4263,764.5575
6035,2818.3726,730.4004
6036,2823.7088,847.2042
6037,2821.8371,890.737
6038,2819.6729,792.6203
6039,2832.3142,820.1262
6040,2827.0326,803.6922
6041,2822.4145,878.9077
6042,2829.5496,633.3268
6043,2828.5562,843.0673
6044,2828.3569,834.382
6045,2819.5367,915.2226
6046,2825.4224,788.5616
6047,2826.0992,884.2823
6048,2818.8042,867.7674
6049,2830.4469,577.2087
6050,2827.9987,576.0304
6051,2827.3745,880.0912
6052,2819.688,917.3375
6053,2831.2901,661.6011
6054,2820.6728,683.284
6055,2828.5322,897.1302
6056,2821.5921,574.0855
6057,2821.4483,684.3082
6058,2828.2745,675.7225
6059,2831.5912,919.9489
6060,2821.62,795.0008
6061,2825.3883,670.0408
6062,2824.4408,806.0975
6063,2823.0796,902.1312
6064,2829.7147,893.1129
6065,2824.4176,738.6895
6066,2821.0365,709.0332
6067,2824.8551,859.1809
6068,2831.9563,896.8165
6069,2822.6243,732.7428
6070,2828.536,827.359
6071,2823.6296,596.5679
6072,2819.5166,923.8283
6073,2824.7757,703.2314
6074,2828.9055,586.1077
6075,2819.2354,581.7871
6076,2823.218,661.2849
6077,2821.9828,846.1155
6078,2831.2634,609.3935
6079,2831.1424,871.1268
6080,2823.6604,870.9941
6081,2819.9417,733.2264
6082,2823.622,794.4077
6083,2826.3061,768.0125
6084,2821.0367,589.8828
6085,2830.7024,829.3246
6086,2827.4302,650.7535
6087,2831.9826,718.8077
6088,2822.2374,575.989
6089,2830.0943,660.5901
6090,2823.2499,691.8484
6091,2820.4896,925.0428
6092,2825.3808,678.0634
6093,2826.6593,669.8539
6094,2829.6489,576.5124
6095,2830.4291,799.5961
6096,2828.2393,865.9916
6097,2828.4448,813.617
6098,2830.6562,882.1257
6099,2827.1903,802.3301
6100,2830.3656,669.0824
6101,2831.0032,810.7734
6102,2822.359,800.7289
6103,2823.756,799.4851
6104,2832.0895,798.302
6105,2823.7869,688.6153
6106,2822.5477,925.6737
6107,2825.609,858.5634
6108,2831.3177,775.9056
6109,2825.4302,920.9382
6110,2820.8893,626.5457
6111,2819.8548,860.2388
6112,2832.5789,617.0502
6113,2820.9675,765.9052
6114,2828.0932,659.4236
6115,2820.523,910.3483
6116,2829.1349,910.1247
6117,2820.9465,921.5908
6118,2832.1563,650.0142
6119,2831.153,800.3099
6120,2820.2324,729.2705
6121,2826.0012,923.0867
6122,2825.0863,804.9442
6123,2831.2193,586.7482
6124,2825.8867,676.6631
6125,2818.7948,631.7151
6126,2826.9771,680.3396
6127,2831.6934,785.6748
6128,2822.8186,763.4652
6129,2820.7112,788.5083
6130,2823.4771,792.3043
6131,2819.9724,917.7969
6132,2819.0201,857.3962
6133,2830.7958,747.0009
6134,2826.3059,721.8543
6135,2832.1239,750.2858
6136,2819.5662,831.0377
6137,2824.0561,634.5826
6138,2820.5147,575.8525
6139,2832.429,904.4946
6140,2831.5455,869.9409
6141,2822.4237,581.5731
6142,2827.5901,926.6113
6143,2819.5546,762.7602
6144,2822.6114,614.1591
6145,2822.0059,860.9107
6146,2822.7975,752.9663
6147,2820.0536,605.0871
6148,2832.0449,705.0395
6149,2825.4953,921.9967
6150,2819.7378,706.6296
6151,2832.131,810.1933
6152,2822.3745,587.3366
6153,2828.7666,811.5335
6154,2822.7733,914.4036
6155,2833.1884,701.7887
6156,2821.925,878.9897
6157,2819.6929,669.627
6158,2826.6725,784.3331
6159,2831.7902,794.1951
6160,2827.5992,765.7113
6161,2826.0805,786.9787
6162,2822.8004,608.7185
6163,2830.9546,863.4364
6164,2820.1762,889.6585
6165,2820.5544,692.8065
6166,2826.1178,671.779
6167,2826.4437,888.3377
6168,2827.5383,734.5055
6169,2823.4232,854.1152
6170,2821.5639,923.9354
6171,2830.4855,696.5575
6172,2821.467,864.5564
6173,2827.9146,806.9314
6174,2821.3689,787.5674
6175,2829.3941,904.2424
6176,2820.0289,796.401
6177,2830.0803,823.657
6178,2830.8026,898.3588
6179,2821.2234,864.41
6180,2823.8306,781.0717
6181,2820.9167,608.8634
6182,2827.4994,826.2612
6183,2828.7067,674.4709
6184,2832.9014,697.8522
6185,2827.3981,703.1059
6186,2822.2814,653.4246
6187,2828.1133,847.9621
6188,2827.8326,598.6235
6189,2827.7037,859.809
6190,2829.2665,729.6351
6191,2819.7702,742.3185
6192,2832.1387,695.5613
6193,2820.9669,825.5398
6194,2827.1278,698.5558
6195,2826.6042,723.6084
6196,2829.7341,597.4177
6197,2832.129,816.311
6198,2828.8698,850.1714
6199,2824.9993,820.1966
6200,2827.7717,737.9433
6201,2826.6682,857.364
6202,2824.6304,800.6035
6203,2832.658,608.0626
6204,2821.9799,921.5437
6205,2827.3148,665.2599
6206,2830.5616,633.1359
6207,2831.6478,740.3771
6208,2825.1306,653.067
6209,2825.3653,872.3903
6210,2833.7708,826.2297
6211,2833.528,599.872
6212,2822.6101,664.4821
6213,2830.8049,764.2696
6214,2825.5476,794.6889
6215,2822.5374,667.9064
6216,2827.5161,834.929
6217,2829.1908,660.9874
6218,2832.1601,683.4581
6219,2825.0851,825.4769
6220,2828.451,904.1616
6221,2833.9542,805.179
6222,2822.4872,729.0847
6223,2828.1375,718.2817
6224,2831.0561,832.6618
6225,2832.3418,577.1025
6226,2824.6583,706.9033
6227,2826.1245,589.9432
6228,2825.7158,814.8295
6229,2823.7045,725.6348
6230,2828.337,749.8534
6231,2827.2352,748.5804
6232,2824.0161,615.0409
6233,2823.8041,860.9838
6234,2830.6504,744.3206
6235,2828.5309,872.5009
6236,2832.3453,664.1851
6237,2821.7663,881.4552
6238,2826.6855,917.1223
6239,2832.4074,748.1804
6240,2829.4303,897.5434
6241,2830.3687,875.3941
6242,2830.5672,839.704
6243,2830.3378,826.6236
6244,2824.3599,691.4958
6245,2831.6034,604.1881
6246,2827.072,718.5254
6247,2821.7227,732.9678
6248,2831.0474,578.9096
6249,2830.7279,829.3825
6250,2828.0272,884.95
6251,2832.0119,717.5332
6252,2833.9916,888.9926
6253,2833.8096,792.4393
6254,2822.5322,659.5172
6255,2832.5649,764.2861
6256,2828.0181,762.0004
6257,2830.3624,834.9034
6258,2830.4405,909.2916
6259,2828.8494,884.9709
6260,2831.5031,607.7369
6261,2833.8618,800.4535
6262,2832.8775,670.1983
6263,2833.7869,766.4704
6264,2833.9481,892.5832
6265,2834.7132,859.4524
6266,2823.7358,747.0178
6267,2828.3678,648.4128
6268,2829.1225,875.2717
6269,2832.7116,636.1879
6270,2825.3839,651.9153
6271,2829.3345,660.1478
6272,2831.4433,888.6939
6273,2834.5693,871.4306
6274,2823.2209,864.006
6275,2821.9407,893.5482
6276,2830.5569,890.5306
6277,2821.8708,857.6944
6278,2830.166,922.0304
6279,2824.7247,737.6075
6280,2831.1065,707.6381
6281,2834.0001,920.0803
6282,2822.6355,831.0636
6283,2830.1165,686.632
6284,2830.4555,915.1075
6285,2826.2226,860.2358
6286,2831.4783,829.6991
6287,2826.6078,895.1296
6288,2827.3602,781.61
6289,2823.6122,607.7751
6290,2829.9282,737.6006
6291,2823.4381,922.4214
6292,2822.2812,769.3474
6293,2829.3391,833.5892
6294,2824.4616,594.5016
6295,2827.9677,782.651
6296,2829.4076,753.871
6297,2829.4265,766.7174
6298,2830.5337,795.547
6299,2826.8507,733.284
6300,2824.1988,635.9212
6301,2823.1959,849.089
6302,2828.9356,823.5956
6303,2828.8868,903.6964
6304,2827.7707,822.2724
6305,2832.1799,613.0865
6306,2830.6563,580.9435
6307,2824.6695,915.0103
6308,2828.8468,859.8085
6309,2831.2536,753.3255
6310,2833.4579,715.1075
6311,2823.0678,681.9677
6312,2834.8442,701.1472
6313,2825.5933,744.3897
6314,2826.6654,873.722
6315,2827.8746,765.5316
6316,2831.7774,919.3149
6317,2825.1003,711.7739
6318,2831.6644,880.0502
6319,2822.9413,891.0633
6320,2826.1869,727.6965
6321,2828.8472,856.2845
6322,2830.677,783.0462
6323,2832.7854,685.2686
6324,2835.8999,760.8021
6325,2830.7425,872.845
6326,2832.1536,857.4665
6327,2831.6903,725.9277
6328,2830.0198,873.9632
6329,2831.7394,896.0277
6330,2826.1279,598.4535
6331,2824.6162,717.103
6332,2822.3201,682.0425
6333,2824.7955,583.3708
6334,2836.0764,717.6656
6335,2833.4218,832.9043
6336,2836.0882,694.5327
6337,2829.7745,709.1414
6338,2826.803,781.3961
6339,2826.6997,706.2304
6340,2825.5895,765.5535
6341,2831.8344,792.3139
6342,2828.0937,679.8738
6343,2827.1076,834.9322
6344,2824.7436,760.7905
6345,2831.041,818.0584
6346,2830.1081,764.4526
6347,2830.3652,859.6756
6348,2825.4242,917.2091
6349,2834.5982,721.9498
6350,2826.3771,897.6618
6351,2827.1477,674.4201
6352,2830.1691,662.7279
6353,2834.1186,767.0225
6354,2834.1058,628.4025
6355,2832.0122,809.9445
6356,2836.5261,789.405
6357,2830.3744,752.538
6358,2834.552,729.292
6359,2822.7379,807.5669
6360,2836.4273,613.6544
6361,2826.4437,795.1219
6362,2835.6108,909.4915
6363,2833.9947,637.8649
6364,2835.2506,640.6182
6365,2833.0736,854.6293
6366,2829.7126,582.639
6367,2826.008,894.6588
6368,2825.2115,787.9316
6369,2836.8738,740.464
6370,2825.1181,910.1646
6371,2826.0674,711.7838
6372,2827.7638,919.2384
6373,2833.8622,658.6875
6374,2835.9771,754.7384
6375,2830.1532,928.6983
6376,2825.0679,888.6376
6377,2827.5138,704.2457
6378,2830.2312,794.9286
6379,2832.1856,916.9062
6380,2829.0142,929.16
6381,2836.9997,773.4274
6382,2824.7459,628.8686
6383,2830.5807,812.9121
6384,2823.1482,665.6652
6385,2825.476,688.0866
6386,2829.0484,861.6367
6387,2827.4324,924.8105
6388,2826.2054,815.7923
6389,2828.9699,890.415
6390,2826.7291,921.0992
6391,2836.8223,745.2964
6392,2832.0452,805.5737
6393,2824.4942,824.373
6394,2829.362,773.2815
6395,2832.6294,884.4058
6396,2824.6069,882.5934
6397,2832.8296,720.5605
6398,2828.9518,579.9578
6399,2825.4483,788.6576
6400,2837.1942,863.5477
6401,2837.0397,817.9052
6402,2836.7545,724.2839
6403,2836.3874,764.9031
6404,2827.1362,798.4893
6405,2832.4864,880.204
6406,2825.0466,803.7165
6407,2837.2325,616.5442
6408,2833.8697,854.7273
6409,2828.5191,616.2848
6410,2824.4067,751.9937
6411,2826.7557,786.1406
6412,2827.861,882.5242
6413,2836.5824,920.3629
6414,2826.786,698.8681
6415,2823.9459,724.5469
6416,2826.3127,781.4842
6417,2836.5407,782.8303
6418,2825.5932,764.4728
6419,2830.4202,625.0535
6420,2830.5443,789.8772
6421,2826.1529,815.8021
6422,2835.8021,904.667
6423,2837.2305,700.6108
6424,2827.9533,922.0562
6425,2824.6009,747.8786
6426,2832.6927,814.462
6427,2825.5756,923.2712
6428,2829.7339,580.4165
6429,2834.3848,719.3281
6430,2828.3365,846.777
6431,2826.5201,835.6974
6432,2833.1366,857.0766
6433,2824.3799,825.808
6434,2826.8567,668.2184
6435,2827.7793,890.4783
6436,2825.7941,655.6549
6437,2836.5206,878.8307
6438,2829.1477,864.2201
6439,2833.2324,851.0084
6440,2827.919,869.3666
6441,2828.7387,819.5645
6442,2835.3666,688.1883
6443,2827.6252,920.1074
6444,2829.0011,574.7175
6445,2827.7177,860.0276
6446,2829.9169,830.8648
6447,2836.5085,817.5602
6448,2827.7611,648.4529
6449,2825.9532,682.9497
6450,2824.5748,782.8014
6451,2824.3949,926.9062
6452,2828.0444,693.0121
6453,2826.9354,610.8952
6454,2834.9405,722.6714
6455,2837.8372,837.6549
6456,2837.1745,864.5311
6457,2827.8359,735.5266
6458,2836.7943,629.7473
6459,2834.5692,847.7968
6460,2834.7946,752.774
6461,2834.5413,872.5306
6462,2837.5206,613.9875
6463,2829.7936,710.7018
6464,2827.791,660.0283
6465,2838.2446,673.4704
6466,2833.3473,917.2615
6467,2838.5512,822.8527
6468,2830.9666,598.6301
6469,2827.2573,716.4007
6470,2838.7706,755.7339
6471,2836.013,603.087
6472,2835.518,729.0265
6473,2838.1903,758.6506
6474,2829.1947,794.322
6475,2834.126,858.5441
6476,2828.7851,817.0988
6477,2829.1326,925.5528
6478,2835.0272,910.1402
6479,2832.8762,702.0395
6480,2830.6341,787.8792
6481,2830.6383,590.4311
6482,2838.0077,597.2065
6483,2825.668,700.8258
6484,2833.0233,601.9664
6485,2831.9892,672.9465
6486,2834.0556,664.1229
6487,2835.7147,789.9166
6488,2835.3472,784.3906
6489,2830.9126,903.7291
6490,2836.789,751.8476
6491,2826.0507,633.6232
6492,2833.606,714.2162
6493,2835.537,635.5527
6494,2828.8931,643.6453
6495,2835.8879,662.9378
6496,2829.5785,599.4726
6497,2837.3674,842.2526
6498,2835.4047,585.4596
6499,2831.7614,638.8929
6500,2834.6432,795.1306
6501,2829.4079,830.4691
6502,2839.4048,871.2147
6503,2831.4756,903.3088
6504,2836.4028,784.0904
6505,2838.125,904.8839
6506,2829.7785,833.058
6507,2832.4563,767.6316
6508,2838.9651,928.0808
6509,2835.6859,783.8268
6510,2827.5769,857.0145
6511,2826.9335,924.2167
6512,2836.3773,622.2517
6513,2833.0969,666.5867
6514,2839.0261,867.9339
6515,2833.019,809.0259
6516,2827.2061,615.9433
6517,2828.234,651.0768
6518,2837.6025,610.7071
6519,2839.2841,651.2724
6520,2837.9816,736.7217
6521,2829.3594,895.664
6522,2825.9608,873.7711
6523,2834.8353,696.9043
6524,2833.7626,685.5505
6525,2839.7009,680.7917
6526,2827.6899,869.0124
6527,2838.1448,608.4925
6528,2830.9256,703.5589
6529,2836.0069,692.5438
6530,2827.7546,856.8369
6531,2839.1371,902.1456
6532,2833.1511,905.3037
6533,2837.1006,846.0757
6534,2831.4918,820.0038
6535,2828.8509,884.9469
6536,2835.7438,891.2985
6537,2828.91,830.7849
6538,2829.0943,855.067
6539,2825.9768,887.2721
6540,2835.9497,695.9894
6541,2827.5073,871.8887
6542,2836.2151,920.4492
6543,2832.2948,872.6878
6544,2830.3977,759.8406
6545,2826.7988,691.9561
6546,2829.6307,620.8964
6547,2827.3892,837.6036
6548,2827.9966,843.7825
6549,2832.1075,928.1529
6550,2836.5172,587.9789
6551,2827.8413,697.764
6552,2837.7159,851.6255
6553,2827.6551,802.1493
6554,2827.745,928.0661
6555,2827.094,907.2635
6556,2836.2399,798.8593
6557,2834.7752,781.0625
6558,2838.1653,632.2553
6559,2832.1661,928.8966
6560,2836.6263,620.7925
6561,2830.7324,624.0299
6562,2831.8856,601.8416
6563,2833.9108,608.9809
6564,2832.5141,920.2127
6565,2827.1767,689.8949
6566,2835.8508,592.004
6567,2836.5032,897.2466
6568,2835.8239,922.5045
6569,2827.2149,844.2436
6570,2826.8925,620.2431
6571,2833.8515,901.5507
6572,2837.9952,695.6736
6573,2838.5881,766.8134
6574,2829.4478,911.7911
6575,2829.837,631.1725
6576,2837.9247,826.872
6577,2836.7037,590.6211
6578,2832.7486,676.2663
6579,2830.329,848.1448
6580,2832.1336,747.2425
6581,2838.134,739.7838
6582,2834.737,731.5736
6583,2830.2947,927.3055
6584,2828.5255,613.9209
6585,2830.2059,582.1734
6586,2835.3259,866.1489
6587,2828.5045,815.5228
6588,2839.0369,670.2359
6589,2832.2596,930.2439
6590,2830.7978,745.2194
6591,2836.513,804.0991
6592,2834.8067,804.0678
6593,2837.5127,892.6762
6594,2835.144,911.0726
6595,2829.4426,690.6553
6596,2834.2205,592.5321
6597,2839.2944,923.6727
6598,2836.5227,911.2808
6599,2836.8609,820.3551
6600,2828.3663,681.9604
6601,2835.2377,861.6389
6602,2831.0173,575.4995
6603,2838.6923,752.1879
6604,2836.3239,926.5865
6605,2832.9334,874.9812
6606,2834.7384,580.0543
6607,2839.1326,597.889
6608,2836.4317,654.6541
6609,2833.8001,899.4521
6610,2829.9246,592.1817
6611,2827.9737,604.8641
6612,2837.2572,811.9982
6613,2831.1275,911.4648
6614,2830.8402,670.9516
6615,2836.9471,781.1056
6616,2839.9821,859.3518
6617,2828.393,918.2593
6618,2834.6222,641.0249
6619,2839.201,678.4971
6620,2826.9958,920.5846
6621,2837.6676,673.3105
6622,2835.4808,931.5174
6623,2832.1385,904.9241
6624,2839.2348,726.8983
6625,2833.6241,894.7981
6626,2836.1397,910.5788
6627,2830.3412,630.1596
6628,2839.263,899.9439
6629,2832.008,847.0826
6630,2838.8371,833.6502
6631,2841.1417,918.0836
6632,2840.8323,865.0381
6633,2837.4545,861.4776
6634,2833.1153,689.196
6635,2839.8013,778.5742
6636,2834.8288,862.4638
6637,2831.8607,863.9403
6638,2834.3112,676.596
6639,2831.8939,895.7064
6640,2840.2534,722.1038
6641,2841.2616,922.9512
6642,2827.6714,913.0272
6643,2827.2851,705.5012
6644,2829.3292,871.6461
6645,2829.9575,896.8149
6646,2840.333,794.977
6647,2835.2047,663.0497
6648,2840.6374,620.436
6649,2835.1142,639.4204
6650,2834.5651,756.4074
6651,2836.0716,587.4887
6652,2833.0867,925.6179
6653,2832.2215,865.5478
6654,2828.0813,788.6385
6655,2828.7639,816.1681
6656,2831.6631,763.3729
6657,2839.2983,930.8663
6658,2831.3279,899.0512
6659,2830.2063,797.1286
6660,2829.2185,629.3622
6661,2829.5809,582.1085
6662,2830.899,799.5081
6663,2830.7576,912.6387
6664,2830.9146,859.8347
6665,2828.983,770.5872
6666,2833.9646,729.2951
6667,2830.6901,835.7198
6668,2830.6176,855.5249
6669,2841.3769,815.1236
6670,2835.4061,859.6411
6671,2829.3928,742.9948
6672,2840.1949,822.4332
6673,2836.3319,809.347
6674,2832.1697,763.0643
6675,2829.316,599.3787
6676,2838.5421,630.6919
6677,2841.3359,865.0501
6678,2835.0902,766.7693
6679,2835.0214,816.837
6680,2835.3382,828.3152
6681,2833.2488,644.7132
6682,2840.9184,849.6015
6683,2829.1541,757.6993
6684,2840.9999,931.5519
6685,2828.3065,762.561
6686,2834.0017,587.262
6687,2839.7943,800.8042
6688,2839.1198,598.0395
6689,2831.2127,635.9204
6690,2831.2393,709.094
6691,2839.2583,887.3184
6692,2828.9761,726.6756
6693,2829.9959,822.9249
6694,2835.9741,898.2295
6695,2829.8876,746.8384
6696,2838.9583,821.7172
6697,2831.3795,899.1834
6698,2840.964,919.0596
6699,2836.5166,655.1763
6700,2840.6326,877.435
6701,2833.0158,865.4238
6702,2832.1395,819.3989
6703,2841.1713,750.8256
6704,2828.8277,710.5076
6705,2836.5078,743.6883
6706,2827.8703,872.4563
6707,2829.1198,906.6378
6708,2840.0397,673.6336
6709,2837.1957,772.2688
6710,2832.085,878.0652
6711,2840.8427,683.0089
6712,2836.2136,925.7422
6713,2831.6909,887.348
6714,2832.9422,763.9468
6715,2839.9155,585.8117
6716,2838.151,747.7265
6717,2827.8909,680.1172
6718,2832.6691,844.6997
6719,2837.4909,927.6925
6720,2830.6434,734.5331
6721,2828.3735,865.1601
6722,2834.517,675.9805
6723,2836.0873,844.8653
6724,2841.1081,774.4132
6725,2833.1857,687.7382
6726,2836.3698,861.9944
6727,2833.7413,619.5089
6728,2828.2716,829.847
6729,2827.8173,843.1425
6730,2832.374,683.1079
6731,2833.524,867.3645
6732,2829.2412,691.7617
6733,2836.2428,910.4921
6734,2828.1363,908.6993
6735,2828.8236,699.0973
6736,2835.8785,915.4869
6737,2835.6767,830.3948
6738,2830.6363,643.5168
6739,2837.034,717.48
6740,2841.5119,855.2385
6741,2837.303,843.6283
6742,2839.1936,696.4237
6743,2839.864,868.5125
6744,2836.3138,735.1299
6745,2834.5803,828.4016
6746,2832.1531,879.592
6747,2834.3444,858.7981
6748,2829.1689,866.2881
6749,2839.9928,812.5843
6750,2838.2203,797.8729
6751,2841.6019,726.2039
6752,2840.3413,926.4173
6753,2839.7016,746.0619
6754,2837.1045,721.4375
6755,2841.5654,764.3948
6756,2833.6771,927.8797
6757,2841.6245,587.973
6758,2840.0357,703.9444
6759,2835.2256,886.8964
6760,2839.362,920.3902
6761,2837.7149,603.8499
6762,2836.4719,595.7269
6763,2830.2896,843.9487
6764,2833.4912,903.2316
6765,2836.1884,714.1794
6766,2840.0817,725.8283
6767,2839.1914,596.4001
6768,2839.6372,717.8874
6769,2838.6068,875.5948
6770,2839.7456,815.2691
6771,2836.3168,853.4423
6772,2833.2378,740.8462
6773,2829.2389,784.5281
6774,2839.483,838.5128
6775,2831.5076,743.4566
6776,2830.3931,684.6087
6777,2835.9206,660.8562
6778,2828.1911,813.9666
6779,2832.0657,740.7317
6780,2840.1277,695.7706
6781,2841.7248,719.3835
6782,2842.0398,890.7629
6783,2835.8901,782.4559
6784,2836.4381,587.3713
6785,2840.5307,799.3302
6786,2833.061,640.0919
6787,2835.2361,814.2311
6788,2828.7981,762.1065
6789,2829.1754,876.0858
6790,2835.0266,896.3767
6791,2839.5675,864.163
6792,2829.7063,885.5162
6793,2836.3969,888.6585
6794,2832.6594,875.4775
6795,2837.0672,608.1012
6796,2833.6453,612.5656
6797,2828.5146,728.2586
6798,2836.7783,678.3435
6799,2838.1225,858.8276
6800,2840.7871,768.0931
6801,2837.2281,639.9051
6802,2835.4335,781.6753
6803,2831.3303,670.6216
6804,2840.3149,787.2849
6805,2838.5929,879.7368
6806,2831.9846,621.1267
6807,2840.2791,679.8392
6808,2833.9457,740.1365
6809,2838.5641,853.9347
6810,2835.9158,601.3927
6811,2835.9419,623.2741
6812,2829.2534,672.603
6813,2830.0118,754.5433
6814,2833.5602,927.1376
6815,2829.2344,754.3928
6816,2838.0753,839.9781
6817,2829.907,822.2818
6818,2835.8207,899.192
6819,2839.5491,684.7764
6820,2834.8338,893.3882
6821,2839.1086,728.6893
6822,2837.5316,859.0226
6823,2831.414,711.7737
6824,2831.4753,600.3206
6825,2832.4224,776.8557
6826,2828.7956,649.4569
6827,2841.6814,599.1551
6828,2838.3384,628.8681
6829,2835.4314,844.8673
6830,2837.8341,743.7304
6831,2838.8206,927.5376
6832,2833.2582,582.5163
6833,2837.6004,750.4145
6834,2834.5721,576.4418
6835,2832.4425,827.923
6836,2830.9173,804.2802
6837,2837.2118,902.8095
6838,2831.8358,896.3024
6839,2830.2592,860.7379
6840,2830.3096,705.7449
6841,2832.372,897.9431
6842,2831.831,768.8034
6843,2831.9851,740.9286
6844,2837.527,585.769
6845,2829.333,610.6266
6846,2832.5125,914.155
6847,2828.1698,840.4642
6848,2833.6218,728.5416
6849,2831.5926,721.6854
6850,2831.8766,840.9192
6851,2836.3239,902.047
6852,2840.44,763.8216
6853,2836.588,891.5547
6854,2828.9671,607.8621
6855,2828.3947,827.0193
6856,2831.4698,865.0111
6857,2841.4112,687.0975
6858,2836.0315,628.9093
6859,2834.6274,676.1508
6860,2840.8609,780.2034
6861,2828.7371,843.7436
6862,2835.6281,579.9947
6863,2839.2757,876.2048
6864,2831.7819,841.168
6865,2837.5596,844.988
6866,2840.2916,704.3673
6867,2835.5089,913.5908
6868,2836.0639,699.22
6869,2834.2409,851.8078
6870,2838.0052,859.1196
6871,2829.5109,860.1374
6872,2839.7329,911.7425
6873,2836.7653,902.6839
6874,2836.9245,748.0964
6875,2836.9257,608.9266
6876,2835.8279,894.3477
6877,2830.7321,574.9578
6878,2837.6107,664.4903
6879,2837.4081,702.6535
6880,2831.1708,734.9305
6881,2841.5323,835.9919
6882,2833.7111,815.3909
6883,2839.1223,881.3272
6884,2830.8528,917.2463
6885,2836.0391,704.5251
6886,2831.195,811.2526
6887,2831.8201,744.599
6888,2837.459,891.0805
6889,2839.0137,729.4225
6890,2834.9893,603.7207
6891,2829.7056,834.361
6892,2828.9055,593.4145
6893,2831.2411,603.7819
6894,2827.4497,878.6814
6895,2827.4978,921.5682
6896,2830.9908,694.0502
6897,2834.7993,588.9209
6898,2839.4267,762.3014
6899,2833.7751,801.5167
6900,2835.7115,666.766
6901,2835.768,918.2429
6902,2836.1406,861.4712
6903,2827.3405,668.5336
6904,2835.6988,593.1008
6905,2833.4504,807.618
6906,2836.2762,649.9302
6907,2831.2542,895.434
6908,2830.1751,599.5504
6909,2839.5224,646.4185
6910,2832.4995,690.8817
6911,2829.0854,726.1221
6912,2833.457,747.5922
6913,2829.3872,591.9049
6914,2827.0168,855.8952
6915,2833.4119,849.5998
6916,2833.175,860.8257
6917,2839.8229,657.0963
6918,2835.729,811.0784
6919,2828.7683,683.4595
6920,2839.121,851.2425
6921,2840.2945,901.7834
6922,2836.723,922.1858
6923,2831.7711,908.8651
6924,2840.6705,607.4249
6925,2832.439,903.1666
6926,2838.9126,825.8681
6927,2827.1854,791.6609
6928,2840.7859,683.904
6929,2834.3931,918.4196
6930,2837.509,728.8786
6931,2836.7461,757.1258
6932,2835.7607,813.226
6933,2832.7193,655.9381
6934,2838.0387,714.9891
6935,2834.9945,586.4324
6936,2832.7075,719.2999
6937,2836.0534,841.8485
6938,2834.0825,810.9834
6939,2831.0255,744.1027
6940,2835.8295,882.5257
6941,2831.6212,743.3433
6942,2840.3385,902.0926
6943,2834.1605,666.605
6944,2832.9604,809.774
6945,2834.9025,640.9201
6946,2835.2382,758.0084
6947,2837.7001,894.4285
6948,2830.8043,819.8374
6949,2836.0278,666.8041
6950,2835.7903,797.9512
6951,2826.8077,735.3716
6952,2826.4484,787.1888
6953,2836.1665,744.225
6954,2839.4503,713.6443
6955,2831.3138,704.9691
6956,2831.8064,805.9624
6957,2835.6804,655.3076
6958,2838.4752,595.4819
6959,2829.166,578.002
6960,2827.2589,584.3363
6961,2837.7985,827.57
6962,2828.5636,650.1913
6963,2833.9556,865.1523
6964,2837.7616,833.1923
6965,2826.9967,593.7915
6966,2827.3853,767.7643
6967,2835.6978,582.8456
6968,2827.4753,620.8341
6969,2830.1973,650.1253
6970,2829.2888,812.7264
6971,2834.0046,724.6769
6972,2828.9059,880.5948
6973,2836.1205,640.7487
6974,2828.2708,867.0936
6975,2827.684,862.1219
6976,2838.1515,636.0321
6977,2833.3806,603.9672
6978,2837.4694,704.3344
6979,2827.1121,916.9716
6980,2826.8252,813.5577
6981,2829.3389,663.455
6982,2830.3488,818.5954
6983,2830.2085,728.4356
6984,2834.2006,841.7926
6985,2832.9199,757.0694
6986,2825.7594,587.8348
6987,2831.1228,642.1461
6988,2827.2845,618.4523
6989,2827.2319,698.4086
6990,2832.9969,617.644
6991,2839.375,729.9358
6992,2836.0779,601.8919
6993,2830.1623,615.1568
6994,2836.5774,887.934
6995,2831.3275,820.1325
6996,2836.4038,897.5528
6997,2829.063,606.6502
6998,2831.6769,713.8172
6999,2832.3858,893.0329
7000,2828.4894,853.8774
7001,2832.8333,828.5931
7002,2832.8838,890.2529
7003,2826.4136,577.6764
7004,2839.1502,927.094
7005,2826.3635,655.5111
7006,2835.7786,715.8674
7007,2826.479,770.6109
7008,2838.3392,892.389
7009,2837.2544,915.991
7010,2831.4419,882.4219
7011,2832.5678,688.6557
7012,2836.0976,623.6558
7013,2828.9408,658.1309
7014,2828.9206,791.0976
7015,2826.1061,628.3481
7016,2837.3813,587.1219
7017,2827.1515,791.2838
7018,2824.8981,602.8097
7019,2834.28,646.9933
7020,2834.29,874.675
7021,2827.2664,676.6408
7022,2826.3315,582.3552
7023,2837.3673,820.2653
7024,2831.9791,742.7841
7025,2828.348,588.9325
7026,2834.3174,749.7395
7027,2830.9805,621.3721
7028,2837.2015,650.9537
7029,2835.8302,869.7089
7030,2827.9013,866.372
7031,2836.2129,653.1355
7032,2838.5793,907.82
7033,2825.2846,622.6608
7034,2838.1935,855.604
7035,2827.7864,852.3064
7036,2827.9667,824.7187
7037,2831.6056,590.0714
7038,2828.5288,770.2388
7039,2833.673,794.7123
7040,2825.0956,713.4594
7041,2835.5888,654.7738
7042,2830.6729,650.8162
7043,2825.4377,715.327
7044,2833.8219,909.2968
7045,2833.6778,839.1987
7046,2829.3171,829.5456
7047,2835.2041,580.8932
7048,2828.315,757.7722
7049,2826.257,757.8162
7050,2836.4803,896.1082
7051,2832.9448,897.6279
7052,2837.2442,638.1794
7053,2830.1008,712.2772
7054,2829.3135,845.4103
7055,2836.8072,798.9488
7056,2832.6795,881.1611
7057,2829.9084,812.2866
7058,2837.7701,673.2002
7059,2832.7151,683.1201
7060,2835.1112,742.2227
7061,2834.0667,878.5754
7062,2833.774,857.3893
7063,2831.3856,665.7879
7064,2828.14,853.9097
7065,2834.5045,861.2128
7066,2832.8611,607.5207
7067,2825.2963,650.6305
7068,2827.9588,585.0453
7069,2832.4784,577.2487
7070,2824.0843,574.8241
7071,2832.1438,594.2424
7072,2831.9186,892.1044
7073,2836.2513,841.6743
7074,2826.7522,654.9434
7075,2827.8924,845.9947
7076,2829.4083,721.3299
7077,2825.1267,707.3087
7078,2823.5418,618.4397
7079,2824.2204,919.6436
7080,2825.6944,766.554
7081,2833.145,731.7013
7082,2829.5352,886.5002
7083,2823.6321,619.8004
7084,2825.2663,727.792
7085,2831.3281,796.8915
7086,2833.3343,910.8339
7087,2832.1574,902.8908
7088,2825.9206,598.2464
7089,2827.272,858.4122
7090,2834.965,799.9717
7091,2825.3721,903.3744
7092,2824.5026,765.1378
7093,2822.5088,642.4126
7094,2829.2882,831.1531
7095,2828.9025,918.2225
7096,2835.4504,896.3843
7097,2836.2233,577.5281
7098,2834.2461,612.9257
7099,2829.5972,912.1378
7100,2834.9593,810.9997
7101,2822.7577,743.4686
7102,2834.3607,630.4903
7103,2833.0549,898.8595
7104,2834.8914,628.9046
7105,2831.5322,588.3594
7106,2823.2971,610.5587
7107,2826.6408,786.2639
7108,2834.1549,919.1676
7109,2823.8464,651.7199
7110,2827.5083,737.4753
7111,2823.1077,783.3156
7112,2828.9232,903.9172
7113,2833.8545,626.7944
7114,2826.284,646.8956
7115,2825.034,583.0132
7116,2823.3239,922.9319
7117,2823.1864,637.3855
7118,2834.2171,892.8666
7119,2831.242,698.9122
7120,2826.8919,595.4389
7121,2826.9017,728.5751
7122,2824.578,658.3844
7123,2823.1188,905.8483
7124,2826.785,755.159
7125,2830.5535,740.7146
7126,2835.1885,579.3493
7127,2834.8789,753.1251
7128,2832.3194,820.1733
7129,2831.3778,638.7276
7130,2823.7273,680.9907
7131,2832.3321,818.3654
7132,2823.711,805.5581
7133,2822.405,855.8812
7134,2833.0968,760.8673
7135,2823.2706,576.2303
7136,2824.6345,876.6153
7137,2834.2496,584.1919
7138,2826.8364,771.4971
7139,2834.0363,796.6622
7140,2832.9297,679.7557
7141,2823.5034,689.055
7142,2825.3006,879.7564
7143,2824.6974,586.7502
7144,2824.8816,718.194
7145,2824.4869,727.0676
7146,2831.7104,699.0015
7147,2826.6232,637.7934
7148,2821.1416,654.6599
7149,2829.9387,746.9881
7150,2827.0661,673.3483
7151,2822.224,853.3236
7152,2821.4738,809.8887
7153,2821.909,680.7569
7154,2833.8367,832.5083
7155,2827.2225,853.3519
7156,2829.9271,846.3764
7157,2823.3291,830.0756
7158,2821.1769,886.7504
7159,2832.4191,752.4189
7160,2823.3234,858.1897
7161,2827.6318,858.6187
7162,2830.5452,842.4807
7163,2819.8361,675.637
7164,2830.4471,730.3372
7165,2821.4722,848.9402
7166,2830.8922,802.5253
7167,2830.8525,703.755
7168,2828.1742,860.0543
7169,2826.0804,908.0148
7170,2832.8,920.2666
7171,2827.8715,643.0928
7172,2831.7855,821.9023
7173,2828.4289,575.7086
7174,2830.2592,698.0863
7175,2825.2162,925.7766
7176,2825.6601,793.9974
7177,2831.1781,767.904
7178,2832.1719,586.7833
7179,2821.5118,838.4278
7180,2827.4864,922.6952
7181,2822.9223,781.2917
7182,2831.9747,696.2464
7183,2826.7983,771.6575
7184,2819.928,864.7785
7185,2821.1078,718.891
7186,2821.2975,915.6659
7187,2827.87,850.6711
7188,2829.964,676.6837
7189,2825.3584,707.43
7190,2830.4381,674.1725
7191,2831.7378,628.6523
7192,2819.0012,755.993
7193,2825.7858,659.1509
7194,2825.0062,651.2498
7195,2828.8696,636.403
7196,2831.3314,856.4926
7197,2825.0163,853.3819
7198,2827.0533,734.4758
7199,2829.63,682.468
7200,2826.4498,651.8229
7201,2821.1132,622.3103
7202,2817.6525,818.0161
7203,2826.5337,922.1703
7204,2828.3254,883.2634
7205,2828.3731,815.2627
7206,2828.8099,770.0827
7207,2826.9433,789.5129
7208,2827.5911,795.8684
7209,2821.7314,778.6299
7210,2821.6146,915.5273
7211,2825.5177,669.6278
7212,2820.1555,778.4579
7213,2823.5622,638.7404
7214,2825.0925,786.6305
7215,2828.9205,832.8879
7216,2819.3919,918.7853
7217,2825.2093,900.4097
7218,2821.4363,731.8795
7219,2818.9787,669.6701
7220,2823.3026,925.6639
7221,2829.2764,884.9083
7222,2823.5826,739.7646
7223,2828.6713,684.7976
7224,2824.6275,715.9032
7225,2820.9804,835.9085
7226,2821.478,821.8903
7227,2828.4327,740.3324
7228,2829.1634,722.1231
7229,2820.6623,715.1529
7230,2820.3213,709.7227
7231,2822.2741,786.2269
7232,2817.6992,792.2525
7233,2829.0905,574.5748
7234,2818.6092,689.5135
7235,2827.5156,632.4009
7236,2818.2049,733.8638
7237,2829.1929,829.1154
7238,2821.6134,774.9168
7239,2822.8089,902.334
7240,2819.3205,844.3708
7241,2817.3669,784.904
7242,2816.0301,707.6209
7243,2817.6314,899.9227
7244,2820.2102,824.8653
7245,2828.3899,928.6351
7246,2824.8532,840.2998
7247,2820.323,748.8205
7248,2822.2989,681.2023
7249,2817.3749,922.8936
7250,2822.906,671.4812
7251,2817.8405,903.584
7252,2824.9745,665.9906
7253,2815.3648,574.3948
7254,2817.0854,581.9652
7255,2826.8618,821.8175
7256,2814.9221,911.1601
7257,2824.9464,596.7603
7258,2824.4729,585.0973
7259,2817.5746,657.9341
7260,2814.907,919.5135
7261,2824.0993,909.1428
7262,2824.4888,694.7882
7263,2825.2741,717.527
7264,2814.7667,608.4816
7265,2817.8458,741.2902
7266,2823.4562,876.6882
7267,2821.9122,683.0099
7268,2824.3794,702.8237
7269,2827.5255,728.2706
7270,2825.3478,866.5737
7271,2825.7966,715.0838
7272,2823.5012,653.3195
7273,2817.3568,798.7685
7274,2820.1488,894.4352
7275,2818.7194,620.7535
7276,2813.8966,906.9972
7277,2822.2109,791.5937
7278,2820.4013,855.254
7279,2823.2421,783.7123
7280,2814.3817,693.2324
7281,2824.5535,820.0784
7282,2813.3494,777.0524
7283,2812.7808,642.8056
7284,2825.7392,839.0374
7285,2816.2885,877.8337
7286,2819.7858,692.6642
7287,2815.4889,919.2391
7288,2819.1475,616.3767
7289,2817.9718,849.1155
7290,2813.6515,702.949
7291,2814.9316,839.586
7292,2823.7058,600.6015
7293,2818.7659,866.5145
7294,2823.0126,644.6248
7295,2813.4989,850.2416
7296,2823.4736,864.914
7297,2817.8681,702.3854
7298,2815.549,878.4963
7299,2825.0453,633.9042
7300,2821.0661,816.0652
7301,2817.4515,742.86
7302,2812.034,681.6829
7303,2820.1105,684.7949
7304,2815.8714,717.3098
7305,2815.0391,610.6845
7306,2817.3898,593.841
7307,2811.827,878.0545
7308,2820.6742,677.0504
7309,2823.4126,579.0001
7310,2824.2901,804.7042
7311,2820.0852,702.3396
7312,2815.8115,775.9314
7313,2818.9755,831.5767
7314,2811.7565,844.7014
7315,2818.9317,872.8494
7316,2813.4511,596.9964
7317,2823.7673,662.2439
7318,2820.3037,789.4313
7319,2821.3507,723.2929
7320,2810.5357,767.2735
7321,2811.7231,916.3029
7322,2810.5039,848.6462
7323,2818.0231,829.436
7324,2810.3843,704.154
7325,2811.3749,688.0367
7326,2818.1206,769.7691
7327,2811.7179,883.8854
7328,2819.3883,895.3457
7329,2813.0102,726.1857
7330,2822.7779,836.7085
7331,2816.0395,888.6573
7332,2809.4016,806.3207
7333,2813.1921,702.3623
7334,2817.0672,775.7997
7335,2821.7141,682.5128
7336,2814.3658,674.2824
7337,2814.8457,767.1604
7338,2816.4187,798.9912
7339,2812.828,699.8137
7340,2809.7816,796.777
7341,2812.3714,652.73
7342,2808.6231,855.1835
7343,2814.6413,847.7023
7344,2818.6066,646.1877
7345,2816.4132,787.7536
7346,2820.0447,687.9283
7347,2818.835,749.759
7348,2820.8379,877.4012
7349,2808.464,908.1554
7350,2813.5399,907.6312
7351,2814.6917,858.0294
7352,2815.0369,689.8763
7353,2816.5775,817.8031
7354,2820.745,824.9453
7355,2817.7573,866.0022
7356,2809.2968,625.8849
7357,2811.965,856.7089
7358,2819.316,613.7585
7359,2812.176,898.7551
7360,2808.0838,742.2645
7361,2810.6606,810.1606
7362,2819.9978,631.6846
7363,2810.413,811.542
7364,2816.5237,655.7701
7365,2806.8232,620.9539
7366,2808.8068,851.7577
7367,2812.2688,604.1694
7368,2819.2972,881.3669
7369,2817.414,878.8527
7370,2819.0222,849.0755
7371,2806.5278,703.6511
7372,2817.3483,719.5246
7373,2812.0661,616.1444
7374,2819.1994,745.2022
7375,2810.7285,581.3647
7376,2809.2041,665.1561
7377,2815.6602,818.5564
7378,2813.4274,759.3248
7379,2814.2087,706.6463
7380,2814.5589,787.3511
7381,2809.2153,842.4116
7382,2811.4859,868.1208
7383,2818.7683,747.9242
7384,2810.239,723.3601
7385,2806.2202,712.4895
7386,2816.5039,581.7371
7387,2807.4556,771.5633
7388,2814.2757,648.2413
7389,2818.398,883.9665
7390,2810.4351,759.4628
7391,2812.1041,724.8548
7392,2816.0164,908.9081
7393,2813.1828,665.0021
7394,2812.8481,663.8309
7395,2812.3574,758.5851
7396,2817.4613,748.528
7397,2806.2552,821.6393
7398,2811.3912,685.102
7399,2814.8079,767.97
7400,2810.7342,587.3342
7401,2815.8943,787.6241
7402,2815.9352,868.1124
7403,2817.072,722.5157
7404,2810.4664,842.8389
7405,2807.001,738.1127
7406,2816.8016,737.7174
7407,2811.935,646.6803
7408,2807.3261,638.3077
7409,2808.6928,669.7939
7410,2807.9545,814.6663
7411,2811.7889,778.0173
7412,2816.4612,637.1033
7413,2813.5797,690.158
7414,2807.8731,875.0484
7415,2811.6236,627.7321
7416,2803.9263,889.012
7417,2808.6,729.0155
7418,2802.3674,639.0572
7419,2809.208,603.9684
7420,2808.9516,666.2636
7421,2802.1449,693.3613
7422,2814.5456,833.8351
7423,2807.7692,835.2644
7424,2805.7096,630.4418
7425,2808.0457,883.432
7426,2803.8866,903.2413
7427,2814.3789,734.3215
7428,2806.4578,909.2515
7429,2812.5242,835.089
7430,2810.6926,629.2573
7431,2809.6177,906.5533
7432,2807.7607,669.7274
7433,2811.666,864.2716
7434,2803.0728,710.8649
7435,2806.529,669.8486
7436,2804.6831,660.6894
7437,2802.0738,816.8995
7438,2802.5886,792.9528
7439,2809.5487,782.1647
7440,2801.6227,613.6811
7441,2803.6121,824.3619
7442,2807.1204,826.8651
7443,2803.3364,863.3456
7444,2813.0897,767.8247
7445,2803.1128,876.5014
7446,2802.379,759.5559
7447,2807.8798,576.1943
7448,2808.4122,893.1312
7449,2801.4568,905.1844
7450,2802.8388,685.3294
7451,2812.6742,627.6653
7452,2802.073,762.8018
7453,2807.1675,678.5014
7454,2801.0776,743.3614
7455,2810.917,645.1659
7456,2809.1349,747.2423
7457,2807.8695,761.6393
7458,2810.1281,782.7965
7459,2804.8201,617.8138
7460,2802.0664,642.9314
7461,2804.6478,718.177
7462,2812.0058,674.6277
7463,2802.201,644.2301
7464,2801.2449,738.919
7465,2807.0532,868.1105
7466,2807.6108,896.9049
7467,2802.5591,824.0665
7468,2807.1316,862.0696
7469,2807.0687,685.6647
7470,2800.6923,888.524
7471,2800.318,646.4824
7472,2804.6428,611.7156
7473,2802.9062,582.4297
7474,2798.8059,852.4952
7475,2803.7931,811.5218
7476,2803.3973,745.7177
7477,2807.3029,849.8143
7478,2802.2519,917.5656
7479,2807.8855,610.765
7480,2808.0879,637.8756
7481,2809.8074,811.4498
7482,2809.3313,609.974
7483,2809.2735,774.5605
7484,2796.1944,721.0766
7485,2804.6765,621.9198
7486,2809.6943,731.3577
7487,2796.2607,585.4213
7488,2797.4279,673.4856
7489,2799.4148,813.6059
7490,2804.4231,897.8372
7491,2795.8561,611.1925
7492,2804.8123,727.6468
7493,2796.1105,870.9983
7494,2808.8629,691.5118
7495,2800.2617,848.31
7496,2801.5892,595.3466
7497,2798.9571,824.5905
7498,2804.7097,814.7093
7499,2803.1548,789.2643
7500,2805.593,689.2452
7501,2797.4258,620.7211
7502,2802.6198,897.2876
7503,2797.0127,582.8532
7504,2803.5053,713.3775
7505,2804.2812,665.7265
7506,2797.5624,868.026
7507,2797.3647,776.4636
7508,2802.5968,911.89
7509,2800.7838,584.3129
7510,2799.366,916.4977
7511,2803.3016,651.1611
7512,2804.8818,644.1544
7513,2806.2258,681.4946
7514,2799.2201,711.9273
7515,2806.6768,854.3396
7516,2804.0206,583.749
7517,2795.4621,869.1597
7518,2793.636,617.7296
7519,2797.6615,570.9951
7520,2804.8977,586.0404
7521,2802.7351,615.3671
7522,2802.067,611.6495
7523,2800.2909,751.3352
7524,2803.9342,835.5559
7525,2795.6058,648.0353
7526,2792.5226,638.6794
7527,2800.2062,797.4912
7528,2804.0904,572.9373
7529,2802.158,667.0832
7530,2803.553,823.9752
7531,2803.78,827.8633
7532,2804.2847,710.52
7533,2792.4376,643.4292
7534,2795.9253,590.8503
7535,2797.7478,813.6793
7536,2793.6345,902.8236
7537,2795.6695,836.2784
7538,2796.2542,711.8474
7539,2790.6371,702.9015
7540,2801.2122,681.7836
7541,2795.4572,581.7436
7542,2790.5402,764.6704
7543,2800.1661,727.1418
7544,2797.0258,772.624
7545,2791.1519,734.0836
7546,2795.1027,713.8221
7547,2797.6839,913.7156
7548,2795.9829,817.6774
7549,2801.493,739.459
7550,2791.9231,675.5725
7551,2791.2755,855.8742
7552,2795.8042,897.6693
7553,2802.9355,770.2843
7554,2801.3696,881.4204
7555,2794.1081,758.41
7556,2798.1266,669.6163
7557,2798.1926,646.4291
7558,2798.3681,743.0247
7559,2789.3731,640.0225
7560,2801.3774,636.1188
7561,2798.3202,892.3908
7562,2794.1556,696.1226
7563,2789.0844,619.737
7564,2792.0438,863.9269
7565,2794.7698,860.6887
7566,2791.2784,916.796
7567,2801.6106,859.6517
7568,2797.2139,736.2057
7569,2796.5755,826.2936
7570,2791.3141,811.3149
7571,2798.308,876.3795
7572,2792.1428,806.0413
7573,2800.027,750.7448
7574,2799.5695,873.1444
7575,2796.7373,569.7222
7576,2792.5912,807.9729
7577,2799.8274,671.6591
7578,2796.3844,719.8771
7579,2796.5784,663.7813
7580,2787.1294,825.1821
7581,2799.0286,712.7202
7582,2787.7139,802.1472
7583,2798.9544,690.5702
7584,2789.7537,901.489
7585,2786.6847,748.776
7586,2789.1499,636.6284
7587,2790.2924,635.9556
7588,2797.1275,623.0449
7589,2788.9154,768.1227
7590,2789.3566,848.6487
7591,2796.1284,767.0431
7592,2788.7613,727.6304
7593,2798.1719,660.0055
7594,2788.5897,821.8782
7595,2795.8941,625.6927
7596,2797.88,866.317
7597,2793.8938,842.616
7598,2787.1651,621.4369
7599,2789.8943,576.585
7600,2786.8853,625.6494
7601,2792.8983,610.4454
7602,2792.7456,594.474
7603,2795.9698,832.0987
7604,2793.1024,907.3157
7605,2789.6892,666.3966
7606,2787.4926,704.2978
7607,2796.0257,627.5331
7608,2790.3072,636.9045
7609,2791.0763,805.9987
7610,2790.0594,837.9025
7611,2785.2336,894.8466
7612,2790.9803,708.7348
7613,2786.3999,768.3523
7614,2785.1652,570.702
7615,2784.2418,792.6067
7616,2783.5495,767.359
7617,2783.5599,633.9638
7618,2785.7252,722.5411
7619,2783.5412,581.5067
7620,2791.9056,870.6424
7621,2786.0423,880.6187
7622,2792.6266,738.9438
7623,2785.6377,727.5328
7624,2785.0198,859.7326
7625,2789.489,909.6978
7626,2785.7378,843.9735
7627,2788.4678,787.6236
7628,2788.8701,755.6193
7629,2788.087,883.3578
7630,2790.2534,898.3612
7631,2781.8206,751.0277
7632,2788.7017,871.9026
7633,2793.8634,912.6356
7634,2785.8856,790.4177
7635,2780.3451,678.7882
7636,2790.9746,754.2082
7637,2792.3451,895.8701
7638,2789.4528,702.5863
7639,2781.7054,887.2516
7640,2793.4276,850.8917
7641,2782.8623,793.9805
7642,2784.478,756.4879
7643,2785.5547,881.6003
7644,2783.0711,899.9376
7645,2779.3434,811.1924
7646,2785.2158,770.1999
7647,2784.4714,726.6181
7648,2784.7871,826.1789
7649,2785.818,818.9865
7650,2790.7741,750.957
7651,2785.4296,729.7758
7652,2787.9216,877.4492
7653,2788.253,883.6088
7654,2791.9145,655.4385
7655,2783.8862,665.1564
7656,2780.796,639.7362
7657,2786.8143,770.8777
7658,2784.6861,847.7613
7659,2789.3767,771.4499
7660,2788.8817,850.4317
7661,2789.128,729.3957
7662,2785.4681,890.1498
7663,2785.5125,860.7162
7664,2780.3977,894.1374
7665,2783.0625,584.8075
7666,2781.408,708.1465
7667,2790.1714,689.3834
7668,2789.7402,819.5401
7669,2784.263,672.9712
7670,2785.65,624.862
7671,2789.9623,760.6711
7672,2782.7653,855.9351
7673,2783.8654,572.7486
7674,2780.6394,880.6247
7675,2777.0128,908.9894
7676,2783.7075,885.8114
7677,2777.341,679.9997
7678,2779.5173,621.8713
7679,2776.3552,565.9712
7680,2782.788,569.3845
7681,2784.753,582.1574
7682,2781.3636,878.2376
7683,2779.8233,716.2322
7684,2785.4994,758.4813
7685,2779.1105,884.6487
7686,2780.1565,785.9254
7687,2786.8021,881.8613
7688,2782.7469,722.7299
7689,2781.3282,752.8869
7690,2786.6793,838.427
7691,2779.2559,832.4624
7692,2778.8796,682.1614
7693,2786.7414,747.2036
7694,2782.6204,804.9224
7695,2785.1503,845.2382
7696,2781.8144,800.6001
7697,2783.6658,837.0212
7698,2775.6533,852.8396
7699,2779.4148,908.8133
7700,2780.5108,678.9369
7701,2783.8133,886.487
7702,2782.4825,667.2998
7703,2782.8129,757.2313
7704,2772.6059,885.6076
7705,2778.4093,848.7355
7706,2775.2834,640.5427
7707,2776.438,819.511
7708,2772.6037,873.2485
7709,2776.8773,874.1235
7710,2773.1636,794.0797
7711,2784.0884,662.1324
7712,2780.6571,673.8413
7713,2771.5344,688.333
7714,2776.1756,648.7403
7715,2781.9439,707.7195
7716,2783.8738,769.0311
7717,2773.2098,638.3575
7718,2774.8142,806.3558
7719,2778.3169,696.2558
7720,2776.5996,578.9401
7721,2773.0917,677.3073
7722,2780.7502,905.7747
7723,2779.6535,611.5947
7724,2782.7886,861.2092
7725,2776.0234,609.1976
7726,2775.201,670.8282
7727,2771.9633,637.428
7728,2770.6742,723.4598
7729,2773.5006,797.7556
7730,2778.4768,722.2407
7731,2779.3336,793.3473
7732,2770.0352,816.0905
7733,2778.2399,718.3595
7734,2770.7822,737.5295
7735,2778.2525,904.288
7736,2773.821,796.3317
7737,2771.7094,817.7165
7738,2777.4403,791.2811
7739,2779.5512,661.5844
7740,2781.5459,573.0052
7741,2777.878,650.6604
7742,2780.369,742.6459
7743,2772.1559,605.3514
7744,2771.1788,739.0158
7745,2780.7267,756.7036
7746,2779.2737,765.8731
7747,2775.5589,583.4128
7748,2773.4077,570.1498
7749,2773.5969,855.7785
7750,2773.8073,905.311
7751,2774.53,906.6913
7752,2779.7626,905.8005
7753,2769.0025,670.7111
7754,2772.5813,689.2143
7755,2773.7824,754.8784
7756,2772.7021,804.1904
7757,2766.8464,863.2212
7758,2777.668,870.26
7759,2774.6975,649.5973
7760,2769.7743,866.2942
7761,2776.8955,836.9098
7762,2774.7015,591.4736
7763,2772.5317,847.8497
7764,2765.7437,800.8584
7765,2773.7005,846.7385
7766,2771.1965,720.1987
7767,2775.894,891.3686
7768,2773.9482,809.1151
7769,2766.988,636.0469
7770,2764.8844,561.4354
7771,2771.01,732.9746
7772,2765.8619,727.9229
7773,2777.0669,738.7842
7774,2777.4361,849.2645
7775,2770.9163,860.3056
7776,2767.6172,895.2758
7777,2777.0582,827.9089
7778,2776.1586,734.8711
7779,2776.5716,726.2831
7780,2767.5758,611.9361
7781,2764.5947,806.935
7782,2766.8252,870.0532
7783,2769.268,665.128
7784,2776.2194,891.5009
7785,2774.2098,646.9929
7786,2773.4385,733.1277
7787,2773.4023,870.2733
7788,2775.5821,825.9463
7789,2766.3445,836.2142
7790,2762.9766,710.063
7791,2774.7928,887.2956
7792,2772.4717,668.1892
7793,2762.2471,629.4521
7794,2770.1004,824.6941
7795,2764.0286,713.4351
7796,2773.8862,576.1273
7797,2763.3088,830.4463
7798,2764.2187,849.2026
7799,2770.9208,701.5513
7800,2766.2825,746.046
7801,2773.9333,748.1933
7802,2763.1668,715.6059
7803,2772.8079,745.7851
7804,2772.0767,770.5491
7805,2772.2166,758.4943
7806,2768.3809,751.7823
7807,2771.5099,833.5017
7808,2760.8792,781.5951
7809,2770.0308,877.7555
7810,2766.3251,712.0615
7811,2759.6405,832.0844
7812,2761.5199,898.9679
7813,2767.0825,579.9344
7814,2771.4467,735.9334
7815,2760.6399,860.2871
7816,2769.233,832.6164
7817,2764.3707,730.3811
7818,2762.3167,714.3385
7819,2766.8622,777.4817
7820,2770.0414,899.8633
7821,2758.6598,568.1934
7822,2766.2546,602.4616
7823,2770.0071,779.0707
7824,2762.0039,818.5586
7825,2769.9434,724.0914
7826,2761.5225,740.6496
7827,2758.0535,754.4905
7828,2767.7429,893.1622
7829,2767.8745,854.9496
7830,2766.1332,829.9997
7831,2765.8374,630.7084
7832,2763.2401,794.6359
7833,2758.4666,895.301
7834,2769.5525,596.0616
7835,2769.1622,653.8708
7836,2763.3565,573.237
7837,2760.3201,604.0049
7838,2763.47,630.8617
7839,2763.1422,597.1314
7840,2765.7099,638.8329
7841,2766.954,898.6858
7842,2765.9369,890.4499
7843,2759.3284,875.0051
7844,2758.518,849.2387
7845,2760.5834,840.0359
7846,2765.7945,637.6504
7847,2766.637,616.3379
7848,2756.0856,759.8499
7849,2767.2351,786.48
7850,2764.0779,732.0696
7851,2758.9287,577.495
7852,2764.975,777.8359
7853,2756.8209,672.2829
7854,2757.5476,890.4706
7855,2766.3324,642.6605
7856,2765.7751,643.055
7857,2766.5141,800.9659
7858,2753.6868,824.6706
7859,2756.1107,891.0396
7860,2766.0683,817.4927
7861,2758.3612,765.3997
7862,2760.0559,683.8693
7863,2762.9763,729.4558
7864,2759.9151,705.9505
7865,2762.8869,760.5024
7866,2755.5846,749.0309
7867,2764.5378,577.4312
7868,2764.9366,620.5432
7869,2763.8159,580.1471
7870,2752.2921,818.8125
7871,2758.2305,814.5507
7872,2758.7565,763.9973
7873,2752.2834,839.8633
7874,2759.1199,901.3487
7875,2759.5848,695.0535
7876,2755.3152,878.0513
7877,2754.7411,563.1191
7878,2762.8994,795.7254
7879,2763.6718,820.7302
7880,2754.9184,729.953
7881,2755.4524,622.0475
7882,2759.6811,671.9199
7883,2753.4493,604.176
7884,2752.713,576.0305
7885,2757.6883,876.2186
7886,2755.1942,754.1414
7887,2758.0638,832.412
7888,2761.6545,692.4134
7889,2753.1599,635.4854
7890,2752.5245,809.0094
7891,2752.8968,758.6617
7892,2756.1076,762.9312
7893,2760.868,854.7063
7894,2759.3303,717.4865
7895,2760.1056,851.2888
7896,2749.1874,736.85
7897,2748.316,740.3011
7898,2748.6314,719.9977
7899,2752.3288,800.2965
7900,2750.5137,610.9659
7901,2753.4158,660.4507
7902,2754.9923,686.9354
7903,2759.1656,612.3272
7904,2759.3946,840.7752
7905,2746.9099,639.2105
7906,2750.455,861.8129
7907,2751.1444,559.2952
7908,2747.9805,801.2734
7909,2758.483,683.384
7910,2755.7594,674.3833
7911,2749.8112,813.4919
7912,2751.0768,859.3192
7913,2758.2954,639.7551
7914,2755.5547,691.5031
7915,2748.658,649.6174
7916,2752.0901,887.4571
7917,2756.9865,742.8128
7918,2756.6628,648.0864
7919,2752.0322,717.8349
7920,2749.1288,683.1403
7921,2758.3819,746.0201
7922,2747.2067,643.1525
7923,2751.3846,697.0577
7924,2751.6361,655.3882
7925,2748.6437,585.9623
7926,2755.9252,805.5675
7927,2749.3802,694.8915
7928,2752.068,570.6429
7929,2757.3558,786.0603
7930,2747.4185,870.802
7931,2753.117,724.5917
7932,2747.8001,576.2441
7933,2744.7114,860.7801
7934,2748.7783,816.3594
7935,2754.0475,724.2401
7936,2751.572,609.2342
7937,2743.5184,883.9249
7938,2752.8983,886.1805
7939,2747.8857,748.9738
7940,2754.1718,845.9945
7941,2753.0406,610.6793
7942,2749.6766,754.7113
7943,2749.3486,681.7384
7944,2748.2674,774.3148
7945,2741.7565,628.0255
7946,2742.3816,889.3481
7947,2742.1424,662.6476
7948,2752.7119,872.0294
7949,2753.8665,779.68
7950,2751.3786,588.2107
7951,2746.9779,653.0185
7952,2753.7402,611.8563
7953,2751.5921,665.1157
7954,2747.3242,562.2127
7955,2746.4135,630.6035
7956,2750.1541,770.5899
7957,2745.1261,763.5458
7958,2748.6262,888.5642
7959,2745.7185,740.2691
7960,2742.8286,728.8815
7961,2748.0971,894.3415
7962,2751.5691,844.378
7963,2741.1891,605.7899
7964,2748.2429,604.226
7965,2744.6673,835.1896
7966,2739.6364,764.3653
7967,2746.7303,650.5264
7968,2741.1422,878.0362
7969,2738.909,613.6405
7970,2751.4547,642.2231
7971,2751.4745,708.8405
7972,2747.6681,856.104
7973,2741.6235,795.8209
7974,2741.1256,881.6008
7975,2747.9684,874.7337
7976,2745.9844,827.6622
7977,2750.6615,845.2155
7978,2746.867,893.9962
7979,2744.7999,745.9001
7980,2741.5882,730.9367
7981,2737.244,814.9396
7982,2745.122,900.9681
7983,2749.9452,698.6279
7984,2749.7372,832.7799
7985,2749.6004,674.4533
7986,2741.2384,637.2508
7987,2738.0672,844.878
7988,2741.7594,804.6794
7989,2740.7465,605.6146
7990,2748.1445,763.2245
7991,2746.0183,600.1999
7992,2740.4613,870.9706
7993,2737.2479,662.1818
7994,2744.3432,635.0463
7995,2744.2429,692.7672
7996,2737.3954,804.4263
7997,2747.1525,851.6552
7998,2744.5585,656.4125
7999,2737.3572,661.4225
8000,2746.236,819.5741
8001,2738.0882,607.7579
8002,2744.9056,681.3265
8003,2739.6069,620.3238
8004,2746.7193,693.3784
8005,2739.8244,811.6573
8006,2736.0077,640.2542
8007,2735.4247,653.4275
8008,2746.2746,790.3067
8009,2742.2505,720.4138
8010,2743.0467,838.7364
8011,2741.6362,703.2455
8012,2733.5263,827.9963
8013,2738.5055,813.3296
8014,2743.8689,602.1389
8015,2734.0156,601.0547
8016,2741.905,635.3905
8017,2739.0972,817.9485
8018,2732.9357,783.3475
8019,2738.7629,744.2004
8020,2740.5222,731.5944
8021,2743.7853,839.2676
8022,2735.9846,642.1279
8023,2731.3754,647.4644
8024,2740.5746,753.9922
8025,2735.2807,860.5253
8026,2731.6535,894.8403
8027,2733.62,619.4215
8028,2732.1509,858.9524
8029,2743.1579,765.5817
8030,2741.4552,803.5665
8031,2735.4516,851.3354
8032,2730.9524,674.003
8033,2740.5496,759.8909
8034,2737.7924,597.5386
8035,2738.6461,748.6255
8036,2735.4349,613.8871
8037,2730.9493,702.0313
8038,2736.8513,811.04
8039,2730.8056,635.8169
8040,2735.2493,711.6255
8041,2732.5132,658.793
8042,2734.6475,708.8191
8043,2736.2374,603.234
8044,2741.3544,637.2069
8045,2732.2697,606.2303
8046,2738.2992,687.2983
8047,2732.9344,578.8821
8048,2736.392,748.6958
8049,2735.3206,720.6374
8050,2740.508,794.7607
8051,2734.866,693.733
8052,2736.4436,631.1705
8053,2733.8989,753.825
8054,2733.0364,848.2952
8055,2728.5549,788.6025
8056,2734.4278,749.7962
8057,2731.9755,642.3371
8058,2732.1815,887.8962
8059,2734.4147,678.6785
8060,2727.8147,863.2527
8061,2736.8197,629.8549
8062,2727.3727,777.5228
8063,2725.737,798.1598
8064,2737.2901,629.0457
8065,2735.3141,730.827
8066,2736.6797,810.7872
8067,2736.6709,608.2813
8068,2728.7278,787.1047
8069,2729.8745,833.0353
8070,2729.8661,736.1322
8071,2735.3193,893.7272
8072,2736.1041,730.4208
8073,2724.0512,744.8078
8074,2724.0324,643.5528
8075,2731.8189,844.2555
8076,2731.4999,590.3857
8077,2731.4298,645.3959
8078,2725.095,878.4695
8079,2725.9875,856.2644
8080,2729.5592,712.9128
8081,2736.1462,847.1021
8082,2724.9873,590.6273
8083,2733.1922,654.9724
8084,2727.7085,868.1329
8085,2722.7563,703.3183
8086,2724.1363,867.148
8087,2732.9634,608.7288
8088,2733.3074,798.668
8089,2726.9593,750.8339
8090,2726.9456,678.2649
8091,2725.5043,895.0069
8092,2732.3701,557.5873
8093,2728.2188,844.1829
8094,2730.0318,705.7165
8095,2722.2484,844.8043
8096,2732.1146,778.7163
8097,2724.7968,674.8397
8098,2733.3916,846.7055
8099,2724.0938,640.5629
8100,2729.1137,806.1473
8101,2721.8775,554.4187
8102,2732.2962,854.8892
8103,2723.3621,831.4611
8104,2723.3896,735.4411
8105,2725.9313,881.0947
8106,2729.4824,810.7879
8107,2729.5871,566.0226
8108,2731.9724,653.0373
8109,2725.6196,702.1506
8110,2728.2253,865.1623
8111,2731.9868,590.32
8112,2719.5567,767.6052
8113,2724.6355,584.5899
8114,2723.4853,729.2295
8115,2729.1131,638.271
8116,2721.0959,859.8103
8117,2718.0887,583.9315
8118,2718.6445,730.0782
8119,2726.3762,602.5568
8120,2721.3892,852.6919
8121,2730.2168,763.1663
8122,2730.4993,722.3626
8123,2727.4624,841.093
8124,2719.2842,838.8981
8125,2728.7094,611.3473
8126,2721.2146,879.9934
8127,2727.8626,666.403
8128,2726.7218,836.1599
8129,2718.2975,608.6668
8130,2717.0137,580.6023
8131,2727.2301,820.4864
8132,2728.5913,733.3755
8133,2720.6242,762.9164
8134,2723.65,717.015
8135,2716.4999,739.9435
8136,2726.2923,838.6697
8137,2721.5125,813.8819
8138,2726.9484,721.8457
8139,2720.638,697.0876
8140,2720.8922,783.9725
8141,2715.6349,668.6797
8142,2719.0585,809.8647
8143,2727.0804,681.2278
8144,2723.4872,851.8824
8145,2723.6113,704.3436
8146,2714.7063,831.1779
8147,2717.4527,683.6614
8148,2724.9742,578.2153
8149,2717.8264,585.2708
8150,2722.4706,787.2134
8151,2722.9023,835.335
8152,2717.9316,719.3466
8153,2725.9282,575.2448
8154,2715.1612,669.4384
8155,2720.5796,675.6165
8156,2721.4546,641.0476
8157,2722.0617,798.2249
8158,2720.6436,893.7403
8159,2722.5671,784.9625
8160,2713.7363,822.2969
8161,2721.4845,741.948
8162,2719.5317,765.8107
8163,2718.7801,836.335
8164,2723.4926,752.7821
8165,2712.9529,639.8222
8166,2712.8112,581.9813
8167,2721.1717,566.5878
8168,2721.2123,631.5339
8169,2722.671,633.1308
8170,2714.2991,633.336
8171,2722.0825,643.2127
8172,2714.067,885.2953
8173,2714.9447,717.0036
8174,2712.6063,816.6564
8175,2711.2504,719.4536
8176,2718.9162,575.7231
8177,2712.5272,821.3943
8178,2710.232,723.4957
8179,2719.9574,825.4637
8180,2712.2134,822.3385
8181,2719.9649,784.6859
8182,2717.8565,688.0083
8183,2714.4186,815.6967
8184,2709.7537,652.4823
8185,2717.3064,656.9393
8186,2720.2049,859.7571
8187,2707.946,873.2001
8188,2714.791,725.9494
8189,2720.4191,715.5608
8190,2707.9973,583.1154
8191,2710.08,782.7494
8192,2709.6227,605.5411
8193,2715.4644,892.2361
8194,2718.1816,672.5486
8195,2712.9538,558.5447
8196,2718.1531,685.1989
8197,2707.1148,829.9282
8198,2709.7018,768.8691
8199,2706.1757,587.4034
8200,2709.2279,869.7318
8201,2715.1233,589.8112
8202,2712.8077,852.0136
8203,2715.7799,753.519
8204,2718.3609,583.8891
8205,2709.9322,589.8162
8206,2718.617,745.4077
8207,2710.1567,746.8504
8208,2705.6708,759.723
8209,2711.9013,701.5048
8210,2709.2708,581.5213
8211,2712.3915,651.3894
8212,2711.9596,726.2727
8213,2710.5026,867.5262
8214,2708.9593,817.8593
8215,2705.0642,741.4639
8216,2710.5654,847.7401
8217,2715.8802,682.6091
8218,2711.1147,746.7811
8219,2708.0546,630.3226
8220,2712.6023,752.4748
8221,2707.7994,876.0205
8222,2707.9348,703.6926
8223,2707.7572,823.8785
8224,2714.7491,810.9012
8225,2704.2813,748.5556
8226,2705.7912,551.1407
8227,2715.0052,672.4201
8228,2710.8747,828.5894
8229,2702.4155,623.3322
8230,2710.1606,582.4392
8231,2709.0261,820.2187
8232,2714.8474,744.1234
8233,2713.7914,783.7526
8234,2711.7187,601.5838
8235,2706.1068,564.266
8236,2705.1251,802.3796
8237,2713.763,803.0098
8238,2704.8741,618.6478
8239,2702.5275,624.156
8240,2710.5259,645.7737
8241,2709.778,683.5554
8242,2705.5629,791.8699
8243,2711.413,768.8097
8244,2709.6265,838.2706
8245,2709.4287,780.0876
8246,2704.1657,635.3849
8247,2710.4339,580.5198
8248,2712.6003,665.9356
8249,2709.3976,659.8713
8250,2711.168,623.2226
8251,2702.2282,638.6017
8252,2710.7082,630.7174
8253,2705.2574,737.7949
8254,2708.9819,822.4856
8255,2711.0193,653.4564
8256,2698.4654,751.6339
8257,2709.892,666.5131
8258,2701.6798,711.2248
8259,2708.9001,779.4895
8260,2705.4711,673.9635
8261,2708.2374,879.7725
8262,2701.5934,703.7222
8263,2699.7955,748.3597
8264,2706.8122,744.9568
8265,2697.2219,723.2314
8266,2698.6694,848.6388
8267,2705.1663,830.7046
8268,2698.9565,732.5868
8269,2699.7593,787.7339
8270,2696.2202,796.1474
8271,2705.1032,661.8684
8272,2701.8653,681.251
8273,2704.9256,634.5704
8274,2707.3654,663.0827
8275,2697.3901,717.6052
8276,2707.6029,788.0083
8277,2701.2296,627.5159
8278,2703.1512,727.6616
8279,2697.1334,605.3945
8280,2699.963,787.7671
8281,2696.6378,733.9235
8282,2701.8038,724.9065
8283,2703.0932,785.4213
8284,2703.7203,815.3487
8285,2695.1591,620.7746
8286,2695.8732,675.563
8287,2699.7057,607.5679
8288,2695.8043,804.9205
8289,2698.7314,632.022
8290,2701.8765,813.4753
8291,2698.8642,763.117
8292,2701.3156,589.8439
8293,2701.5407,655.3341
8294,2693.2059,573.6372
8295,2698.2871,677.3993
8296,2696.9182,676.5337
8297,2696.4389,754.6648
8298,2700.2079,731.3198
8299,2694.3115,732.5692
8300,2695.9053,857.6427
8301,2697.5836,822.2753
8302,2702.0479,556.0523
8303,2693.7341,810.1203
8304,2695.7436,788.5979
8305,2700.3181,619.9281
8306,2699.9185,757.1943
8307,2695.8068,789.5594
8308,2699.4369,851.8844
8309,2700.5001,796.9615
8310,2702.6866,554.8752
8311,2692.1855,553.2102
8312,2703.7915,716.6817
8313,2692.7297,758.3266
8314,2693.6466,816.7715
8315,2692.6079,793.2076
8316,2699.3056,851.1587
8317,2689.7021,835.7355
8318,2693.2074,666.3328
8319,2694.209,825.3425
8320,2700.3022,798.2198
8321,2700.904,855.5766
8322,2690.1703,709.295
8323,2702.3137,817.6772
8324,2698.2089,722.7406
8325,2691.0482,826.8919
8326,2695.1117,875.6976
8327,2695.1621,798.6997
8328,2697.534,570.7001
8329,2694.5695,806.0462
8330,2690.7262,681.108
8331,2700.7828,722.436
8332,2695.7322,863.7949
8333,2695.6054,581.9534
8334,2698.2677,589.0408
8335,2695.4572,743.3823
8336,2696.8306,800.7966
8337,2687.8083,605.6286
8338,2687.32,671.3815
8339,2687.0621,725.3849
8340,2693.8574,723.2148
8341,2687.0245,797.2996
8342,2689.443,594.8144
8343,2697.3036,719.6795
8344,2687.9916,659.7327
8345,2694.6591,604.8626
8346,2685.955,811.8379
8347,2693.8304,615.2599
8348,2698.3208,839.0172
8349,2696.6925,676.2004
8350,2692.95,802.8093
8351,2696.3565,863.1381
8352,2697.0978,741.8609
8353,2689.4592,792.8142
8354,2693.2495,605.9733
8355,2694.9017,553.7563
8356,2685.6766,697.2737
8357,2688.0802,553.97
8358,2690.0874,732.2754
8359,2691.7159,690.1851
8360,2686.2336,795.7288
8361,2695.597,725.6314
8362,2688.5124,663.4056
8363,2690.6075,686.3592
8364,2684.2422,735.9486
8365,2692.9283,872.0232
8366,2691.6872,857.7696
8367,2691.4155,593.5635
8368,2684.6005,864.1505
8369,2692.306,639.1477
8370,2685.8912,786.0559
8371,2695.4563,582.4917
8372,2682.5485,880.3037
8373,2687.9026,812.5339
8374,2686.413,740.9826
8375,2687.9355,714.4919
8376,2693.9618,800.4177
8377,2693.4778,847.7728
8378,2686.727,688.7236
8379,2682.6391,607.1766
8380,2683.8852,787.8192
8381,2690.6055,702.581
8382,2684.9159,823.4118
8383,2690.0427,654.6098
8384,2691.6743,813.9682
8385,2683.5547,684.1152
8386,2691.5511,818.5482
8387,2681.5739,794.701
8388,2685.2485,660.2493
8389,2686.1055,574.2387
8390,2691.9639,554.5209
8391,2680.1927,551.2537
8392,2680.7274,695.3835
8393,2688.5451,805.4517
8394,2687.5353,627.6922
8395,2691.2144,728.2578
8396,2689.6668,748.7049
8397,2691.3621,673.1183
8398,2689.3147,700.9539
8399,2681.3317,810.6233
8400,2688.1502,662.5555
8401,2687.0062,620.3579
8402,2680.9351,687.1411
8403,2681.379,625.2479
8404,2681.8749,859.4702
8405,2684.4339,856.5354
8406,2685.8048,690.9381
8407,2682.164,849.9151
8408,2682.3576,699.756
8409,2688.4149,602.469
8410,2688.6271,874.4144
8411,2689.3639,547.8903
8412,2685.7509,585.1261
8413,2677.1999,660.5338
8414,2687.8656,608.6912
8415,2684.542,562.3037
8416,2681.7771,577.1446
8417,2686.7986,855.8701
8418,2679.1014,639.1259
8419,2688.1034,748.7377
8420,2685.4781,688.4601
8421,2677.4899,868.095
8422,2678.8131,699.8176
8423,2685.7014,732.2933
8424,2687.1308,581.1891
8425,2686.4058,614.0817
8426,2681.8557,698.0017
8427,2675.9624,840.5715
8428,2686.9191,638.0528
8429,2683.3823,618.5697
8430,2679.4214,730.4425
8431,2685.2786,771.6938
8432,2685.6044,693.3081
8433,2678.5956,852.2179
8434,2675.4044,598.5068
8435,2685.3649,595.4769
8436,2686.7829,842.7845
8437,2675.406,827.3241
8438,2679.1621,795.1976
8439,2673.6374,656.6496
8440,2678.6956,787.3786
8441,2685.6704,739.0099
8442,2685.3311,871.8055
8443,2685.6531,597.7852
8444,2683.4152,767.9937
8445,2685.1113,721.402
8446,2682.3012,808.1821
8447,2673.9943,683.4703
8448,2677.6438,827.2088
8449,2681.7317,775.2639
8450,2677.3319,808.7994
8451,2672.1284,754.3821
8452,2684.6513,745.8851
8453,2676.5556,826.0185
8454,2679.1344,774.0516
8455,2673.9771,788.3036
8456,2684.2378,770.9809
8457,2680.9621,762.9467
8458,2673.7484,563.582
8459,2676.8746,623.0135
8460,2682.9763,605.3638
8461,2677.554,693.2953
8462,2681.7348,783.1174
8463,2670.8307,848.2453
8464,2676.0931,808.6554
8465,2680.938,624.7219
8466,2679.3547,620.8258
8467,2682.6687,858.3206
8468,2675.2418,871.2909
8469,2680.6592,545.0732
8470,2677.5929,563.0957
8471,2680.4146,759.4542
8472,2680.6504,836.1624
8473,2680.3447,676.1472
8474,2672.1082,571.8939
8475,2674.0727,618.9455
8476,2676.5834,844.4344
8477,2680.6617,550.1309
8478,2681.3083,721.8516
8479,2670.3955,567.7423
8480,2673.9883,749.3933
8481,2672.2516,756.8045
8482,2680.8713,712.5352
8483,2679.9132,721.6993
8484,2669.5065,636.9239
8485,2669.2135,832.7186
8486,2669.0262,774.0001
8487,2674.6474,745.485
8488,2676.9068,723.0815
8489,2679.6433,634.6972
8490,2673.1815,562.7008
8491,2667.6781,574.3523
8492,2676.0831,570.029
8493,2671.7827,669.0475
8494,2674.7268,705.5029
8495,2670.2578,732.3409
8496,2668.4088,820.7889
8497,2678.7996,590.2084
8498,2669.5545,826.9492
8499,2670.3558,763.4399
8500,2666.8427,714.0709
8501,2678.8267,871.7173
8502,2669.2658,703.1523
8503,2668.9875,750.6904
8504,2678.5014,614.61
8505,2666.8103,742.8772
8506,2671.2381,870.8468
8507,2664.9229,815.6151
8508,2669.4955,804.6874
8509,2672.3929,578.0053
8510,2668.3608,658.0426
8511,2665.6531,815.6109
8512,2672.9776,626.6897
8513,2672.543,606.5454
8514,2668.5072,564.771
8515,2670.3854,762.5926
8516,2673.3507,832.6318
8517,2668.518,755.8062
8518,2672.9346,610.2949
8519,2670.7349,868.0127
8520,2672.5868,612.9941
8521,2663.6367,751.616
8522,2665.3965,802.2732
8523,2672.7869,863.754
8524,2670.9331,653.7112
8525,2672.7752,823.6551
8526,2672.4292,573.084
8527,2668.2927,823.5106
8528,2675.1002,750.9399
8529,2672.8207,761.8484
8530,2666.4384,658.8378
8531,2663.716,585.5588
8532,2674.3776,795.2913
8533,2667.7369,755.1093
8534,2669.9891,790.7635
8535,2671.2022,657.4697
8536,2671.9042,638.4102
8537,2670.2385,644.6026
8538,2670.0977,852.7265
8539,2663.2229,760.4046
8540,2661.7162,582.1544
8541,2663.0561,608.0049
8542,2666.5279,773.6737
8543,2664.4774,764.3629
8544,2669.0128,865.8968
8545,2670.6874,632.9392
8546,2662.0108,553.0326
8547,2669.0425,634.4893
8548,2668.7701,657.9888
8549,2671.854,869.5102
8550,2666.051,732.7931
8551,2666.6938,663.5408
8552,2661.9229,738.9295
8553,2661.4206,560.9147
8554,2661.2951,805.4091
8555,2659.9347,621.6653
8556,2669.1309,860.5792
8557,2671.8064,609.9146
8558,2659.8879,654.6598
8559,2660.6309,686.6647
8560,2663.3766,802.6154
8561,2668.4325,833.8642
8562,2670.2993,774.3505
8563,2670.6409,572.6691
8564,2670.5261,765.6311
8565,2662.5603,753.6859
8566,2663.2146,634.6298
8567,2666.2498,684.0542
8568,2668.7038,593.1584
8569,2668.073,813.1482
8570,2665.8822,871.8092
8571,2657.9024,675.3434
8572,2667.1669,729.8862
8573,2667.8625,598.3775
8574,2665.7824,674.1672
8575,2665.0744,827.6752
8576,2669.9298,603.9796
8577,2660.4918,815.8431
8578,2664.9328,575.8017
8579,2661.9124,844.0681
8580,2656.7735,782.8143
8581,2663.5591,793.3463
8582,2656.5794,871.8236
8583,2668.2784,675.5198
8584,2662.0981,628.2868
8585,2659.3985,653.8479
8586,2665.9025,631.2738
8587,2656.7701,736.1183
8588,2666.3727,633.711
8589,2658.9655,715.1155
8590,2662.7414,678.6885
8591,2658.0649,561.2708
8592,2666.0108,872.5885
8593,2663.0437,805.3655
8594,2661.8268,794.3743
8595,2656.8776,573.7948
8596,2664.9643,786.4421
8597,2656.8241,772.4298
8598,2660.2948,620.0352
8599,2663.2626,787.7972
8600,2662.7802,837.0074
8601,2666.3793,581.2997
8602,2655.7097,587.67
8603,2659.4588,735.6891
8604,2656.1523,640.4476
8605,2665.8026,570.2624
8606,2665.7509,812.7076
8607,2654.2897,836.3763
8608,2663.0294,838.4634
8609,2657.3095,767.6477
8610,2655.8991,613.6469
8611,2656.8223,735.5726
8612,2662.2688,732.3063
8613,2655.6832,839.4279
8614,2658.4745,756.3115
8615,2662.7156,697.7614
8616,2662.8525,565.9644
8617,2659.2686,810.1127
8618,2652.1016,693.6159
8619,2665.0267,823.6676
8620,2658.1431,582.6699
8621,2653.9106,843.9186
8622,2659.7099,590.7569
8623,2653.7563,550.9354
8624,2663.1394,702.0803
8625,2655.3857,630.8598
8626,2660.3849,868.3457
8627,2655.0615,721.7804
8628,2655.0548,572.8102
8629,2651.3395,651.5007
8630,2663.2504,623.1563
8631,2662.9088,777.9062
8632,2663.4468,757.3145
8633,2655.6713,856.0493
8634,2655.9486,794.3162
8635,2652.402,670.2196
8636,2650.731,631.1174
8637,2658.0218,856.1503
8638,2655.6468,783.1293
8639,2655.1687,617.2207
8640,2654.8575,853.8429
8641,2657.5471,724.5425
8642,2653.8996,627.5075
8643,2656.2925,796.5043
8644,2652.7778,659.0701
8645,2655.0048,824.027
8646,2655.7037,715.1689
8647,2656.8047,559.5468
8648,2656.2272,613.5967
8649,2649.718,775.8474
8650,2660.7428,623.6895
8651,2654.045,695.4844
8652,2660.9294,711.4481
8653,2652.0563,727.2984
8654,2651.1944,540.6153
8655,2648.2953,667.3617
8656,2656.4952,871.8567
8657,2652.6316,595.9455
8658,2658.5392,661.5498
8659,2656.5872,635.9227
8660,2651.6007,738.9162
8661,2652.5944,651.953
8662,2647.5358,599.8181
8663,2653.6617,771.2618
8664,2656.3464,826.1087
8665,2650.9054,563.4686
8666,2647.6467,589.9703
8667,2655.591,801.5916
8668,2652.3051,814.0095
8669,2652.5601,545.7906
8670,2656.8108,842.2799
8671,2654.8638,614.6545
8672,2655.0742,772.7912
8673,2654.4148,854.2167
8674,2652.2961,830.5409
8675,2653.2886,844.5268
8676,2656.9006,621.2959
8677,2648.1773,689.8011
8678,2654.2912,850.7397
8679,2651,765.1913
8680,2653.5582,597.4809
8681,2648.199,821.3933
8682,2646.6952,793.4063
8683,2648.926,707.7055
8684,2651.5375,868.8912
8685,2648.2143,600.4909
8686,2649.3704,735.1412
8687,2648.2747,816.7703
8688,2651.2951,636.0448
8689,2650.4261,713.0313
8690,2655.728,609.1671
8691,2650.1679,741.6199
8692,2650.5712,545.7813
8693,2652.9255,568.2345
8694,2646.7769,798.6351
8695,2648.8414,711.8386
8696,2652.2734,568.9945
8697,2653.3169,663.8892
8698,2646.9594,591.5789
8699,2648.1818,814.6439
8700,2656.2937,686.8651
8701,2652.5787,854.3681
8702,2643.867,756.4653
8703,2653.7344,612.0767
8704,2645.3547,867.212
8705,2648.5771,632.5625
8706,2654.2494,717.1666
8707,2651.903,698.0619
8708,2652.7523,651.3129
8709,2644.587,543.2736
8710,2651.0048,552.816
8711,2647.3617,741.0081
8712,2652.0042,846.5866
8713,2642.8822,723.7753
8714,2652.5089,826.2601
8715,2652.6252,791.7249
8716,2647.8815,570.3959
8717,2655.1224,721.5376
8718,2650.0908,723.0526
8719,2654.0404,559.715
8720,2645.5547,708.9525
8721,2646.2849,657.8663
8722,2651.6835,852.4239
8723,2645.2734,812.9285
8724,2645.801,825.7078
8725,2652.6041,769.1698
8726,2654.0005,653.6999
8727,2649.8135,603.901
8728,2649.9217,732.8052
8729,2652.3988,867.4855
8730,2648.9693,716.0077
8731,2646.5645,625.6239
8732,2644.9833,602.2815
8733,2648.6834,591.4103
8734,2647.7861,781.7508
8735,2640.8144,711.9436
8736,2646.8388,783.3305
8737,2641.1127,665.9303
8738,2640.6844,742.5196
8739,2645.6002,606.0593
8740,2652.779,662.1312
8741,2648.8674,677.7822
8742,2650.9531,811.1688
8743,2650.6486,625.8655
8744,2644.732,622.8928
8745,2647.7945,642.8475
8746,2648.9324,639.8959
8747,2649.7309,785.6856
8748,2646.0667,602.5988
8749,2648.0499,678.2507
8750,2645.5399,827.8758
8751,2639.6722,755.537
8752,2647.286,851.8513
8753,2644.0572,725.7601
8754,2644.0925,814.2282
8755,2648.1817,620.2476
8756,2650.6285,671.6949
8757,2650.6792,658.7721
8758,2641.8585,738.1178
8759,2648.9222,865.8198
8760,2648.1079,750.5084
8761,2649.794,606.2091
8762,2650.2553,816.3218
8763,2640.9116,852.9975
8764,2646.3257,577.0253
8765,2638.6084,688.98
8766,2644.6818,768.1853
8767,2650.5685,634.7598
8768,2640.8056,538.4435
8769,2645.5615,728.9216
8770,2642.2815,789.5632
8771,2646.0106,848.4882
8772,2646.4876,734.6444
8773,2645.1625,656.318
8774,2645.7415,572.1263
8775,2648.7187,612.0714
8776,2646.534,606.965
8777,2642.5714,852.31
8778,2645.0215,788.4867
8779,2641.1031,633.3363
8780,2643.2176,849.0268
8781,2646.6379,814.5579
8782,2647.7717,867.9085
8783,2642.299,560.0378
8784,2648.8731,678.3547
8785,2639.3082,596.5977
8786,2639.2123,618.4305
8787,2647.5571,640.6889
8788,2637.9431,543.5994
8789,2640.9991,690.83
8790,2637.4673,688.0617
8791,2642.0908,541.3017
8792,2635.9027,707.2881
8793,2643.7873,812.44
8794,2644.8673,742.9568
8795,2644.9196,710.3461
8796,2643.3721,609.9273
8797,2636.172,614.257
8798,2640.7499,853.0062
8799,2635.9964,830.2316
8800,2638.0981,709.7475
8801,2647.2608,789.0889
8802,2643.38,751.5428
8803,2647.2217,581.2868
8804,2643.5495,696.9511
8805,2643.648,820.6766
8806,2647.5153,835.2238
8807,2639.0182,725.8378
8808,2642.2426,572.9324
8809,2636.8291,709.156
8810,2644.5012,567.5101
8811,2637.2371,655.3935
8812,2638.935,681.1418
8813,2637.9126,763.6214
8814,2641.8162,759.1673
8815,2635.9656,547.6805
8816,2637.7133,678.1311
8817,2639.7501,773.8142
8818,2639.447,862.6282
8819,2640.0231,558.4758
8820,2636.5272,787.9224
8821,2634.6991,611.7716
8822,2633.8298,803.3077
8823,2637.1053,563.8283
8824,2641.7032,637.1951
8825,2645.6041,855.37
8826,2637.531,794.9738
8827,2641.4726,610.0352
8828,2640.3909,824.2062
8829,2633.013,698.3552
8830,2637.4197,795.0414
8831,2634.036,718.0401
8832,2642.019,822.8354
8833,2645.6522,796.6905
8834,2645.1133,777.1394
8835,2636.3735,762.7739
8836,2637.9463,576.4863
8837,2640.4425,552.7264
8838,2636.3941,749.6252
8839,2644.2969,669.093
8840,2643.429,629.1786
8841,2638.7767,727.794
8842,2632.5377,567.1716
8843,2638.1553,726.9171
8844,2644.188,809.697
8845,2640.3704,784.4909
8846,2634.9418,753.3627
8847,2644.2867,670.5055
8848,2636.0244,590.596
8849,2634.6592,754.4673
8850,2642.4078,728.4391
8851,2634.7076,638.3383
8852,2640.0404,741.3029
8853,2643.5167,771.2259
8854,2632.6615,690.8106
8855,2635.439,765.9632
8856,2634.0844,700.1233
8857,2635.6932,862.2235
8858,2633.9891,660.7064
8859,2642.1215,664.5211
8860,2632.194,658.1674
8861,2633.8844,809.4161
8862,2631.5988,547.538
8863,2637.9147,765.527
8864,2630.9788,766.6388
8865,2640.8186,539.5274
8866,2640.6329,802.0395
8867,2640.6514,852.0988
8868,2637.0528,651.967
8869,2640.3138,791.3627
8870,2641.715,852.3017
8871,2636.3526,684.308
8872,2635.2516,762.7553
8873,2631.8037,745.8405
8874,2630.256,551.3909
8875,2632.1895,680.2332
8876,2634.3503,840.6253
8877,2641.0122,575.9245
8878,2629.9011,756.0962
8879,2633.4937,836.3422
8880,2634.7943,691.2545
8881,2630.7426,796.9087
8882,2630.1478,801.5553
8883,2640.5458,692.7749
8884,2641.4255,743.2305
8885,2641.5466,679.5877
8886,2630.0149,539.1467
8887,2632.9514,629.1276
8888,2638.1249,839.7124
8889,2630.7398,575.7545
8890,2639.8603,733.1093
8891,2631.2464,766.4478
8892,2635.5163,675.2762
8893,2631.002,719.556
8894,2629.6228,624.2009
8895,2640.3851,641.2513
8896,2629.8877,811.2936
8897,2634.2202,800.7002
8898,2637.0284,802.9464
8899,2639.2786,590.6189
8900,2635.4175,824.5046
8901,2629.5268,812.4011
8902,2636.6671,620.4514
8903,2631.9999,710.902
8904,2640.8333,820.741
8905,2637.8229,791.138
8906,2636.0091,630.053
8907,2632.067,807.1143
8908,2635.1088,791.0857
8909,2640.3507,551.1507
8910,2637.6796,840.6733
8911,2630.2238,580.1188
8912,2639.0293,801.244
8913,2632.937,635.3941
8914,2630.9852,836.6811
8915,2639.7553,825.0706
8916,2631.9676,543.7866
8917,2632.3241,611.3535
8918,2636.9509,802.0345
8919,2631.7625,771.8913
8920,2629.361,548.617
8921,2640.4137,683.9023
8922,2634.1902,798.4269
8923,2632.8605,673.3904
8924,2629.4798,749.4584
8925,2630.2759,764.6385
8926,2630.0841,793.121
8927,2635.7206,576.829
8928,2637.3931,669.393
8929,2633.7302,792.891
8930,2633.7737,675.4443
8931,2632.9745,722.5637
8932,2633.0764,770.5178
8933,2634.1121,831.8403
8934,2633.742,719.0497
8935,2635.1663,848.6534
8936,2629.3253,799.522
8937,2639.5651,647.4014
8938,2630.3403,753.5861
8939,2630.1371,758.1253
8940,2627.0134,664.5396
8941,2629.057,777.0384
8942,2636.4511,642.0361
8943,2626.9598,660.2074
8944,2630.143,555.3923
8945,2629.1136,814.3263
8946,2634.5193,857.0735
8947,2638.2763,587.1008
8948,2638.4535,758.0055
8949,2628.4544,619.4773
8950,2638.6814,716.414
8951,2632.2459,657.5823
8952,2627.9698,603.6846
8953,2628.6544,699.7226
8954,2635.7651,845.2106
8955,2638.9171,721.412
8956,2631.6245,743.8544
8957,2629.1763,641.3405
8958,2631.1927,778.0608
8959,2627.2749,653.1537
8960,2626.6359,534.5765
8961,2631.2157,661.7002
8962,2634.3898,567.2708
8963,2628.5613,572.187
8964,2636.8437,802.4193
8965,2627.6371,746.7835
8966,2632.0766,719.0469
8967,2626.0479,636.2808
8968,2632.2586,860.4483
8969,2629.6656,689.6061
8970,2628.2173,635.3521
8971,2637.5921,710.1672
8972,2630.0666,584.7956
8973,2626.2145,652.0479
8974,2631.6022,611.7046
8975,2625.2572,682.1375
8976,2635.3151,727.7229
8977,2634.1203,861.8431
8978,2632.0928,855.9732
8979,2627.0809,792.6524
8980,2633.124,837.1345
8981,2636.0406,821.8427
8982,2625.8716,659.7
8983,2632.0511,552.374
8984,2626.8357,762.2606
8985,2635.274,811.0162
8986,2633.1477,802.4476
8987,2628.3691,651.3629
8988,2625.8184,851.0428
8989,2636.5845,614.5811
8990,2627.162,718.0483
8991,2625.448,766.4118
8992,2637.0101,799.1261
8993,2631.2662,782.6236
8994,2629.7638,767.7564
8995,2631.6712,547.1156
8996,2627.5683,845.5141
8997,2636.3045,710.5027
8998,2624.8094,724.8026
8999,2633.4075,752.0725
9000,2631.3495,567.7488
9001,2628.3879,616.5808
9002,2634.7753,594.9512
9003,2630.2203,681.1141
9004,2626.8405,862.9697
9005,2637.0526,614.0954
9006,2635.6592,799.8461
9007,2626.262,726.7855
9008,2624.6762,734.0861
9009,2632.9871,696.4946
9010,2636.2064,842.3989
9011,2635.3657,808.1542
9012,2633.4235,558.2343
9013,2631.6779,747.6257
9014,2626.4948,861.8608
9015,2633.5182,548.3983
9016,2629.2928,844.461
9017,2634.9693,726.7872
9018,2630.8917,814.2969
9019,2631.541,761.8238
9020,2627.3368,744.0168
9021,2624.9852,785.1321
9022,2631.2883,647.3907
9023,2636.5603,590.0351
9024,2628.3194,694.1853
9025,2635.5269,862.9957
9026,2624.197,799.1946
9027,2628.3179,794.0814
9028,2630.8855,540.2064
9029,2631.1398,851.4428
9030,2625.9675,676.9657
9031,2632.0797,644.7813
9032,2628.2806,821.7968
9033,2628.416,615.1505
9034,2630.7494,602.3905
9035,2635.9536,663.7127
9036,2624.1268,663.0341
9037,2626.4495,659.3852
9038,2633.8876,702.4881
9039,2632.6735,698.344
9040,2625.9238,825.2487
9041,2630.3486,693.7758
9042,2633.7579,668.4103
9043,2634.1369,740.4448
9044,2625.4676,728.8704
9045,2630.2438,838.9891
9046,2629.181,824.0201
9047,2623.3742,833.7286
9048,2631.3989,586.9148
9049,2631.3894,806.14
9050,2629.0278,693.9686
9051,2624.8998,545.6631
9052,2627.7654,700.8416
9053,2628.3412,723.6793
9054,2633.2718,772.9996
9055,2628.3893,643.8374
9056,2628.7575,671.0802
9057,2633.9203,695.8152
9058,2632.2665,844.37
9059,2628.8687,608.1957
9060,2628.7919,675.4001
9061,2633.2046,696.8898
9062,2626.9654,651.2854
9063,2633.0074,818.582
9064,2631.4124,620.3738
9065,2623.4552,581.1453
9066,2627.7479,772.0764
9067,2632.4475,803.4835
9068,2626.2648,650.0965
9069,2632.3063,789.2838
9070,2635.7736,776.9048
9071,2630.6876,664.225
9072,2633.8902,853.5767
9073,2629.7369,747.0748
9074,2629.9435,774.1075
9075,2623.8338,810.7975
9076,2626.1909,844.5237
9077,2629.8064,825.3007
9078,2635.575,854.0348
9079,2624.5328,796.6241
9080,2635.0761,785.6053
9081,2623.8606,537.011
9082,2628.2863,574.2658
9083,2633.5603,759.1329
9084,2623.5532,815.9626
9085,2629.7226,703.5995
9086,2626.5959,616.692
9087,2633.6625,789.2514
9088,2634.0675,625.2249
9089,2632.0769,564.6193
9090,2631.326,661.9882
9091,2631.1561,783.4
9092,2626.7811,683.1227
9093,2627.1604,662.4273
9094,2634.7838,767.304
9095,2633.8817,771.0783
9096,2625.4974,842.0557
9097,2626.3903,714.6392
9098,2624.9686,843.7938
9099,2631.4531,768.3076
9100,2627.8099,824.3762
9101,2629.1919,732.8152
9102,2628.6627,642.041
9103,2632.8499,826.9017
9104,2633.6542,560.1319
9105,2632.7789,740.1468
9106,2628.5617,809.7461
9107,2627.0144,640.9992
9108,2635.509,730.0469
9109,2632.6607,711.2599
9110,2628.4681,741.2132
9111,2628.3501,713.8884
9112,2625.6113,765.2047
9113,2634.8442,557.1084
9114,2632.7319,568.1221
9115,2628.3647,795.0493
9116,2635.7761,743.26
9117,2634.2218,847.614
9118,2625.3594,751.5844
9119,2626.725,842.1204
9120,2628.1374,805.9397
9121,2623.0802,560.6201
9122,2632.5267,726.4547
9123,2630.7741,705.217
9124,2623.9499,741.5097
9125,2633.9172,569.8876
9126,2632.5371,642.3308
9127,2625.1812,853.9828
9128,2635.1948,768.9742
9129,2633.0213,733.5209
9130,2630.2289,717.6891
9131,2632.6406,647.9876
9132,2634.9296,774.2876
9133,2627.2472,801.8881
9134,2624.3415,731.6739
9135,2626.5949,770.4728
9136,2624.2889,753.3285
9137,2629.0735,665.9446
9138,2624.4119,758.773
9139,2628.686,649.5856
9140,2623.1673,598.2388
9141,2627.339,672.6423
9142,2627.7457,821.4743
9143,2629.1472,780.957
9144,2633.5775,821.634
9145,2631.9565,751.034
9146,2632.7138,792.8019
9147,2631.6297,550.9657
9148,2627.6491,650.911
9149,2624.2147,774.281
9150,2624.1775,605.6227
9151,2624.7741,814.4692
9152,2626.4832,609.5794
9153,2633.8384,829.3661
9154,2623.5725,765.8295
9155,2623.6914,650.5758
9156,2625.0495,546.179
9157,2633.5489,718.657
9158,2626.0059,595.8554
9159,2627.9587,709.4921
9160,2634.3903,708.0732
9161,2635.3589,603.6904
9162,2631.4192,584.8208
9163,2627.3471,793.3699
9164,2631.432,621.6824
9165,2629.8697,537.4637
9166,2635.8807,682.3571
9167,2623.8889,681.7693
9168,2632.3613,820.2139
9169,2623.404,702.6123
9170,2624.0382,852.579
9171,2628.0541,614.907
9172,2636.2615,715.4294
9173,2625.2495,601.137
9174,2633.0396,672.6501
9175,2632.8082,720.5891
9176,2625.5892,594.9927
9177,2627.7021,758.9867
9178,2635.6289,812.2952
9179,2624.5321,733.3343
9180,2631.2863,848.7099
9181,2628.6112,626.691
9182,2628.3343,765.2276
9183,2629.7863,781.6644
9184,2623.7781,625.3292
9185,2629.0454,855.3443
9186,2624.4962,591.6642
9187,2628.8253,817.736
9188,2630.8432,776.6187
9189,2627.6985,592.7982
9190,2634.1334,844.366
9191,2626.3034,538.2867
9192,2624.6183,600.9613
9193,2631.5799,733.154
9194,2632.7833,796.1196
9195,2634.1346,540.6046
9196,2630.5926,659.5904
9197,2627.8683,853.3116
9198,2628.065,713.0672
9199,2630.0612,810.1328
9200,2625.767,559.1684
9201,2634.3264,704.556
9202,2637.0288,545.8371
9203,2629.2177,632.5189
9204,2634.5172,801.1576
9205,2628.3648,809.4943
9206,2635.9023,549.6004
9207,2625.8164,850.4907
9208,2625.9847,844.0434
9209,2624.5064,556.3678
9210,2637.4034,671.7846
9211,2636.9238,679.9834
9212,2632.0354,701.4477
9213,2632.9087,719.9453
9214,2631.4514,665.9133
9215,2626.2709,583.2512
9216,2635.7475,849.0991
9217,2632.5732,856.6942
9218,2624.6078,753.2554
9219,2628.9932,648.0056
9220,2629.76,770.7554
9221,2631.8785,675.335
9222,2630.4377,644.1747
9223,2626.624,774.87
9224,2636.7474,752.1062
9225,2625.6138,575.4893
9226,2629.1629,591.8408
9227,2635.711,818.4825
9228,2637.1184,603.7795
9229,2629.6663,776.4023
9230,2628.9467,557.3095
9231,2629.0923,833.522
9232,2627.1827,723.2141
9233,2631.1386,623.0903
9234,2626.7254,765.1967
9235,2637.4611,841.9415
9236,2636.1593,819.1929
9237,2633.5472,589.3471
9238,2628.8599,735.2066
9239,2625.7242,618.4814
9240,2634.4536,602.8575
9241,2635.4688,826.6345
9242,2635.0044,760.8525
9243,2631.697,689.8076
9244,2630.9236,770.7864
9245,2633.6846,647.2026
9246,2632.0316,621.4016
9247,2627.2703,672.2987
9248,2628.9106,844.0952
9249,2632.8495,810.5895
9250,2630.2473,591.6725
9251,2634.4551,626.6202
9252,2637.0537,801.0007
9253,2633.3374,815.8107
9254,2629.2476,758.9204
9255,2633.9589,787.5387
9256,2638.7512,573.0637
9257,2629.002,719.1343
9258,2635.3719,605.9443
9259,2633.2304,715.159
9260,2629.273,808.9462
9261,2628.1184,736.2181
9262,2630.7193,673.1475
9263,2629.7521,728.4348
9264,2633.1015,573.1128
9265,2632.8546,704.4424
9266,2633.0879,630.1334
9267,2636.2401,647.4215
9268,2635.5285,537.6799
9269,2637.3709,854.2792
9270,2628.3577,589.4316
9271,2632.2925,564.0236
9272,2633.5372,675.0675
9273,2637.4283,584.4289
9274,2636.8439,661.4682
9275,2637.9187,574.9246
9276,2637.4561,570.0349
9277,2629.1211,630.5664
9278,2628.6265,649.8547
9279,2634.3798,644.2519
9280,2631.9488,606.2162
9281,2636.2174,781.4153
9282,2627.3895,600.4724
9283,2631.0434,651.876
9284,2633.6558,640.3093
9285,2629.3244,806.2328
9286,2637.18,656.1076
9287,2640.0209,861.6064
9288,2630.0409,590.4008
9289,2629.1498,629.1589
9290,2639.7573,756.0278
9291,2639.3989,555.4196
9292,2633.3378,684.0407
9293,2628.1761,619.5666
9294,2636.1803,786.2051
9295,2638.585,632.1359
9296,2631.2927,658.5471
9297,2639.1406,772.6262
9298,2628.5211,729.5968
9299,2634.6968,647.6829
9300,2630.6498,782.5995
9301,2636.1508,853.8757
9302,2630.5222,779.6171
9303,2633.0234,613.0377
9304,2629.7115,808.0974
9305,2637.463,707.842
9306,2641.1055,555.691
9307,2637.175,653.2737
9308,2633.3338,828.0653
9309,2641.1294,561.2531
9310,2640.6823,794.4682
9311,2637.2603,813.1243
9312,2634.8738,627.4788
9313,2632.3992,702.4801
9314,2633.0087,702.9649
9315,2632.0901,732.1409
9316,2640.6448,669.6471
9317,2640.2907,682.3361
9318,2630.9434,841.0019
9319,2635.6782,725.9357
9320,2629.5273,817.8903
9321,2639.7933,679.6558
9322,2641.7624,579.1559
9323,2630.342,588.2919
9324,2640.8168,585.6837
9325,2632.9463,685.3739
9326,2637.3299,744.5027
9327,2636.8026,562.9953
9328,2640.3913,760.5486
9329,2638.7117,681.7364
9330,2633.46,563.3163
9331,2631.3619,660.2994
9332,2638.4469,630.4906
9333,2641.7833,845.5772
9334,2637.6039,769.6313
9335,2634.7265,699.2206
9336,2639.7388,862.2759
9337,2639.9647,569.3591
9338,2638.5896,633.2825
9339,2640.1994,650.6596
9340,2634.9026,618.6407
9341,2639.0212,694.3891
9342,2637.8347,553.3326
9343,2636.5564,736.331
9344,2637.6859,718.2045
9345,2641.314,773.512
9346,2640.4818,760.744
9347,2640.2836,862.9349
9348,2637.0628,748.9251
9349,2644.0955,580.2989
9350,2632.2357,693.0739
9351,2643.5801,642.4642
9352,2638.9063,620.604
9353,2641.3068,657.0385
9354,2644.9027,752.9928
9355,2644.4909,778.6223
9356,2635.619,755.194
9357,2642.6898,788.4007
9358,2642.2449,568.2767
9359,2644.2322,862.1965
9360,2642.3707,560.6947
9361,2640.8839,717.9677
9362,2643.1192,762.1295
9363,2636.7055,649.4221
9364,2633.3316,630.9356
9365,2643.4018,831.0003
9366,2638.6013,631.7746
9367,2636.7616,739.1356
9368,2643.6324,680.6351
9369,2644.5303,582.0772
9370,2644.9911,720.0241
9371,2636.2424,710.6565
9372,2642.2612,719.3245
9373,2644.6975,593.2976
9374,2639.6806,659.8433
9375,2645.3518,800.7711
9376,2643.0625,683.3074
9377,2638.115,688.5906
9378,2634.201,730.3851
9379,2637.627,822.7052
9380,2636.4148,545.366
9381,2644.8274,539.0074
9382,2641.1712,719.5188
9383,2639.482,796.7171
9384,2641.8751,587.3393
9385,2644.0722,753.4621
9386,2640.2063,826.9492
9387,2643.7715,777.1861
9388,2646.0093,856.0881
9389,2637.4934,641.3481
9390,2644.2498,838.9588
9391,2645.2985,673.0345
9392,2640.4468,825.4429
9393,2647.9332,686.4899
9394,2640.998,764.6473
9395,2635.601,769.3245
9396,2643.1884,621.9999
9397,2642.5036,706.3981
9398,2645.0321,539.6392
9399,2645.0156,802.9345
9400,2635.8109,576.0718
9401,2642.386,832.5121
9402,2640.9975,829.9906
9403,2636.9193,820.8046
9404,2641.1364,765.6905
9405,2642.3052,772.8306
9406,2643.2369,596.0538
9407,2637.1693,546.7036
9408,2644.5744,683.799
9409,2648.381,800.1053
9410,2642.9157,805.1624
9411,2641.4269,646.7607
9412,2641.8729,703.0891
9413,2644.6507,692.3866
9414,2640.1682,799.6178
9415,2650.0555,610.0027
9416,2637.2796,655.862
9417,2642.6477,566.0025
9418,2647.7582,765.84
9419,2637.7775,864.0814
9420,2640.8611,861.5989
9421,2642.7808,656.2419
9422,2645.6253,749.5924
9423,2646.7065,617.7003
9424,2647.4198,649.4063
9425,2641.2578,793.1636
9426,2648.9433,811.5525
9427,2645.2995,700.7098
9428,2640.7586,859.648
9429,2641.9688,756.0869
9430,2643.859,686.4816
9431,2640.8572,721.5219
9432,2643.78,617.5539
9433,2642.0491,786.8032
9434,2643.6449,608.8453
9435,2648.7684,740.0602
9436,2642.9812,857.0076
9437,2648.6946,828.798
9438,2651.7623,648.9355
9439,2641.4174,781.5829
9440,2639.6296,632.5454
9441,2648.2322,539.1944
9442,2641.2278,692.785
9443,2647.4645,777.7697
9444,2640.4167,715.5586
9445,2640.9149,757.406
9446,2642.7271,628.8372
9447,2645.4205,665.6363
9448,2650.7458,637.2659
9449,2650.6675,634.7247
9450,2640.588,602.5756
9451,2641.2852,603.1526
9452,2653.6387,593.0979
9453,2651.8286,827.1168
9454,2647.0977,724.1807
9455,2644.2046,622.1316
9456,2648.0693,594.0104
9457,2650.1848,737.9977
9458,2645.5283,552.0847
9459,2643.7511,679.9119
9460,2654.3734,788.3354
9461,2652.6101,695.9765
9462,2644.0269,776.0688
9463,2648.2605,696.2096
9464,2650.7958,761.4268
9465,2645.1626,709.8077
9466,2643.0375,844.8432
9467,2647.6791,691.337
9468,2648.006,670.4367
9469,2646.4539,740.663
9470,2654.8405,812.9964
9471,2646.2976,728.9379
9472,2650.9885,540.7506
9473,2650.8862,849.4423
9474,2645.0609,801.8832
9475,2650.0016,769.7567
9476,2653.5387,849.0603
9477,2651.4002,599.3747
9478,2654.9231,615.4502
9479,2656.3652,631.5107
9480,2653.4809,790.4449
9481,2653.3317,770.3565
9482,2657.0876,663.7165
9483,2651.9908,869.5652
9484,2648.9684,612.7782
9485,2645.9365,823.5026
9486,2652.3755,786.5306
9487,2656.2929,686.0984
9488,2652.1801,719.4018
9489,2654.6581,644.254
9490,2654.8161,784.243
9491,2657.8458,834.651
9492,2645.6887,666.0207
9493,2648.7971,756.6681
9494,2654.1769,542.0073
9495,2653.7622,601.0003
9496,2657.0781,787.7076
9497,2658.1459,783.0117
9498,2658.2133,693.5708
9499,2647.4312,585.4804
9500,2654.2426,578.7685
9501,2646.9466,802.2294
9502,2647.03,722.3383
9503,2653.8834,660.4115
9504,2654.5529,835.1281
9505,2652.9132,713.1674
9506,2659.0149,741.6994
9507,2652.2767,781.0525
9508,2650.5289,684.2738
9509,2655.3837,708.0864
9510,2657.7825,775.0272
9511,2653.4974,565.1437
9512,2648.8029,737.7579
9513,2651.8604,551.9664
9514,2654.9696,863.172
9515,2659.7865,661.0575
9516,2651.8791,808.0778
9517,2659.0849,808.1636
9518,2659.4319,714.6144
9519,2657.4632,734.6227
9520,2656.1849,739.759
9521,2657.273,587.9905
9522,2656.3195,542.8486
9523,2661.7134,783.7457
9524,2649.2217,551.0292
9525,2654.1809,806.0122
9526,2661.2754,681.8686
9527,2652.2223,594.5938
9528,2650.538,708.5667
9529,2662.8163,835.0086
9530,2661.9987,866.144
9531,2658.1382,820.3731
9532,2655.2411,851.6127
9533,2656.7071,655.1717
9534,2652.7634,755.848
9535,2654.9426,757.6147
9536,2655.4552,566.0288
9537,2652.461,806.8653
9538,2658.3282,808.2608
9539,2659.8101,602.1572
9540,2651.216,695.0289
9541,2653.7438,706.757
9542,2655.8649,827.6907
9543,2659.6236,862.2571
9544,2659.0283,587.4131
9545,2656.4541,616.5206
9546,2655.9283,778.4167
9547,2657.8223,607.555
9548,2652.2972,852.4541
9549,2665.1963,870.3931
9550,2654.2104,559.3248
9551,2655.1794,655.5763
9552,2656.6214,641.7763
9553,2661.2345,541.8719
9554,2664.958,849.905
9555,2664.5704,707.5087
9556,2653.8169,558.5169
9557,2665.1734,828.5694
9558,2654.4156,781.5014
9559,2657.1334,695.3724
9560,2659.6382,855.6594
9561,2655.9029,853.1006
9562,2665.077,602.4519
9563,2655.3909,831.5407
9564,2655.4711,799.6555
9565,2663.7549,826.6914
9566,2667.9441,794.1135
9567,2664.5511,541.8991
9568,2663.6224,567.9421
9569,2668.3312,820.0541
9570,2660.4809,704.1815
9571,2662.3463,838.5734
9572,2665.5363,772.4933
9573,2658.5313,626.9601
9574,2661.4677,651.6952
9575,2666.7951,754.2162
9576,2667.8875,734.9547
9577,2658.8443,751.5222
9578,2664.6878,819.0388
9579,2658.1945,790.8716
9580,2669.5044,736.2308
9581,2662.399,832.9323
9582,2660.6512,645.4409
9583,2659.4218,781.8157
9584,2666.1757,554.6315
9585,2659.7482,751.736
9586,2662.3902,871.5137
9587,2666.6116,761.7369
9588,2664.9244,823.9967
9589,2671.236,660.9379
9590,2669.7772,711.8211
9591,2666.2127,801.5819
9592,2667.3779,652.7909
9593,2665.283,823.8177
9594,2670.3536,784.5134
9595,2671.8719,619.1297
9596,2670.7014,809.4827
9597,2670.463,849.6313
9598,2668.2025,546.9235
9599,2659.8881,602.0921
9600,2669.2924,774.0901
9601,2672.8555,563.0453
9602,2672.132,718.0554
9603,2663.1404,709.8507
9604,2664.3588,622.3273
9605,2666.3922,710.8924
9606,2672.0063,573.9685
9607,2662.9818,688.1716
9608,2662.0324,663.3215
9609,2667.7292,853.2191
9610,2666.9749,567.5398
9611,2673.094,678.1912
9612,2665.8176,677.8979
9613,2672.5706,604.8108
9614,2673.1863,797.1037
9615,2672.489,757.9517
9616,2663.918,751.6409
9617,2674.3446,780.8579
9618,2673.3471,638.5798
9619,2665.2192,641.441
9620,2668.5321,767.9515
9621,2670.6234,666.3515
9622,2669.0378,628.2227
9623,2669.7759,821.8643
9624,2666.4333,867.5968
9625,2669.1215,794.5757
9626,2674.9933,635.4259
9627,2667.2624,728.4225
9628,2672.0034,552.7359
9629,2668.2074,734.0562
9630,2673.2749,603.149
9631,2666.7768,638.7805
9632,2667.8797,650.0614
9633,2665.3468,691.0874
9634,2672.8146,727.2098
9635,2674.3444,597.4251
9636,2669.0791,781.5887
9637,2674.0546,562.5815
9638,2675.2169,753.6251
9639,2670.0411,757.4397
9640,2673.5762,649.3524
9641,2672.7642,870.1675
9642,2666.8224,769.8575
9643,2675.3824,736.8726
9644,2668.307,712.0513
9645,2679.3255,782.6313
9646,2669.8277,828.8563
9647,2675.948,722.091
9648,2679.3712,806.0919
9649,2676.0803,589.442
9650,2672.3993,831.7673
9651,2673.0182,566.6937
9652,2680.5322,867.8231
9653,2681.4154,649.3739
9654,2677.8308,563.9116
9655,2676.6181,810.8521
9656,2669.0654,724.093
9657,2676.8317,652.457
9658,2673.2248,578.8469
9659,2679.1263,873.9381
9660,2673.2709,626.6542
9661,2680.2525,547.2867
9662,2671.6232,876.1886
9663,2682.4462,638.8812
9664,2681.2093,792.577
9665,2677.3009,784.876
9666,2677.8907,716.2446
9667,2674.6067,867.2156
9668,2682.0827,616.3144
9669,2684.6759,809.9155
9670,2675.2791,768.1878
9671,2674.0479,871.1346
9672,2676.9493,858.9972
9673,2685.2851,744.2367
9674,2676.3141,734.6183
9675,2676.0373,623.5656
9676,2681.3082,570.4184
9677,2685.8242,803.0791
9678,2684.3249,866.8328
9679,2677.1224,565.5958
9680,2684.5722,777.7221
9681,2679.9568,765.3197
9682,2676.8129,626.42
9683,2682.1057,724.2531
9684,2680.3936,704.072
9685,2681.4421,801.0072
9686,2679.9054,712.8151
9687,2678.4317,596.0911
9688,2679.6807,727.4329
9689,2686.8315,719.8218
9690,2679.9655,597.8563
9691,2682.8581,710.611
9692,2685.067,702.4624
9693,2685.903,813.4569
9694,2678.1676,726.8489
9695,2677.7681,840.8956
9696,2676.9414,757.5831
9697,2676.9791,662.296
9698,2689.6334,656.1884
9699,2685.3321,872.1295
9700,2677.6617,844.3422
9701,2679.9628,644.9567
9702,2690.649,645.4782
9703,2682.0587,673.8538
9704,2686.7811,761.4734
9705,2688.8106,740.6421
9706,2681.9512,635.9969
9707,2687.7524,569.8885
9708,2688.4858,713.4634
9709,2687.5444,594.7726
9710,2691.2695,806.006
9711,2691.6514,628.7463
9712,2689.1377,654.761
9713,2691.718,622.1092
9714,2683.9415,846.7327
9715,2686.3739,793.2951
9716,2682.9294,825.7781
9717,2693.7439,563.0768
9718,2688.7403,634.7335
9719,2693.4821,825.2575
9720,2685.3593,551.2755
9721,2693.6548,829.7499
9722,2690.7068,603.0897
9723,2688.3548,861.5493
9724,2694.924,587.5862
9725,2689.3114,696.0439
9726,2694.4567,644.5103
9727,2687.3645,834.6746
9728,2683.9671,546.5733
9729,2694.1342,699.7924
9730,2683.4843,596.7693
9731,2685.3742,553.5443
9732,2695.2625,880.6121
9733,2691.5829,756.6173
9734,2684.3036,695.0368
9735,2694.7592,814.7266
9736,2695.1311,843.4569
9737,2691.9775,795.9741
9738,2690.5186,829.6196
9739,2697.2384,658.4415
9740,2694.9043,679.7717
9741,2694.9662,803.7141
9742,2693.616,795.1924
9743,2691.4126,788.6547
9744,2688.2201,719.3761
9745,2698.7511,618.694
9746,2690.1536,806.5599
9747,2692.0342,670.3745
9748,2699.1508,754.908
9749,2692.7833,767.1709
9750,2698.5477,612.3504
9751,2690.1212,771.063
9752,2697.8407,840.5441
9753,2692.486,823.3348
9754,2697.3757,820.8693
9755,2691.1247,653.9184
9756,2696.645,861.3711
9757,2698.715,613.7017
9758,2695.69,738.5072
9759,2699.2263,760.0303
9760,2691.4128,702.2034
9761,2697.5428,606.4387
9762,2689.7646,847.4052
9763,2697.0346,779.7603
9764,2703.3653,625.5466
9765,2692.8057,763.693
9766,2695.1054,601.2626
9767,2703.7087,867.2398
9768,2700.0162,752.6808
9769,2703.8895,854.5275
9770,2697.0438,817.3293
9771,2698.4434,747.2137
9772,2697.1681,638.281
9773,2705.2831,793.7562
9774,2699.1852,748.44
9775,2697.0899,730.3959
9776,2696.3594,821.0004
9777,2700.9176,814.3857
9778,2699.2527,719.3529
9779,2694.1915,716.8639
9780,2696.2619,718.5018
9781,2697.1364,755.4439
9782,2699.1336,568.6561
9783,2703.9966,870.8892
9784,2704.3599,819.7653
9785,2702.2611,644.5352
9786,2699.66,843.8112
9787,2695.7363,597.6611
9788,2696.3859,713.0171
9789,2701.8083,856.4101
9790,2704.6545,871.2271
9791,2704.3943,887.8382
9792,2701.3271,550.824
9793,2702.2221,806.6901
9794,2705.7209,555.7078
9795,2697.2967,819.3269
9796,2698.8649,584.1051
9797,2707.5542,868.0947
9798,2700.1363,565.6069
9799,2706.6868,833.0739
9800,2706.1809,636.5708
9801,2704.1661,579.9744
9802,2707.5308,798.8262
9803,2702.8956,753.1357
9804,2699.4029,592.8022
9805,2709.8097,825.0028
9806,2705.3063,853.2563
9807,2706.7655,673.1098
9808,2702.0765,827.3269
9809,2708.2524,605.7032
9810,2710.2018,867.4651
9811,2701.2086,648.8614
9812,2701.2866,671.4143
9813,2703.7414,870.1392
9814,2711.8517,639.4431
9815,2701.9926,589.6905
9816,2713.7746,773.7508
9817,2704.5606,867.664
9818,2702.7309,620.3433
9819,2703.9986,565.2783
9820,2704.6637,771.7752
9821,2711.3448,784.3129
9822,2705.1674,759.4034
9823,2711.1496,764.5667
9824,2705.6148,599.3021
9825,2710.6431,682.003
9826,2712.367,658.1135
9827,2716.2804,774.8415
9828,2708.9606,739.413
9829,2713.4072,810.187
9830,2712.4481,607.2889
9831,2712.4198,782.555
9832,2715.759,598.5633
9833,2714.8343,784.1706
9834,2719.2052,577.7597
9835,2707.4373,639.2795
9836,2716.5199,674.1067
9837,2717.1684,613.7159
9838,2708.7335,875.5247
9839,2712.2331,653.4899
9840,2719.7958,716.4567
9841,2713.4706,869.1365
9842,2720.1755,867.9621
9843,2720.9223,839.1559
9844,2712.1255,816.9869
9845,2720.6705,803.1395
9846,2709.0151,644.7098
9847,2710.4857,564.8035
9848,2718.6947,646.3872
9849,2716.1956,707.6439
9850,2721.7191,685.9353
9851,2718.1316,792.0508
9852,2710.2911,750.6297
9853,2717.3534,588.7232
9854,2721.6297,774.8165
9855,2716.199,854.3521
9856,2712.1138,724.989
9857,2717.1078,739.0342
9858,2713.4547,733.6825
9859,2724.9339,682.6282
9860,2725.726,706.7245
9861,2717.8709,679.6338
9862,2715.158,726.7262
9863,2722.6627,557.8986
9864,2718.5928,790.7876
9865,2724.4229,782.9531
9866,2722.1372,614.9263
9867,2721.7864,670.0577
9868,2724.4459,566.1083
9869,2720.9262,887.3996
9870,2727.8619,709.3563
9871,2723.1992,762.1178
9872,2715.9503,615.1894
9873,2719.9947,753.8553
9874,2725.7106,663.8639
9875,2726.8283,623.0088
9876,2719.252,803.4828
9877,2718.6811,868.8156
9878,2724.6149,604.3536
9879,2720.2446,653.4837
9880,2728.6046,777.2809
9881,2729.2048,877.4361
9882,2725.4419,813.9191
9883,2724.6302,647.2067
9884,2730.2221,791.451
9885,2722.4856,833.6833
9886,2719.6291,848.6746
9887,2724.5246,842.6206
9888,2728.0643,876.283
9889,2732.6216,594.9207
9890,2721.4948,796.4316
9891,2733.2584,622.5434
9892,2722.0209,711.6932
9893,2733.4052,890.4883
9894,2721.6926,751.7388
9895,2723.0363,631.4819
9896,2722.1874,894.6683
9897,2727.1786,823.0064
9898,2726.271,703.896
9899,2729.231,752.6962
9900,2724.5646,847.2473
9901,2730.8176,739.6431
9902,2724.382,821.7721
9903,2736.2467,585.8845
9904,2733.5932,686.4518
9905,2724.5168,617.6769
9906,2725.2896,777.6551
9907,2726.7168,668.6366
9908,2731.3107,798.1976
9909,2736.0016,579.9661
9910,2727.639,622.3786
9911,2737.6574,719.8171
9912,2737.6682,708.8574
9913,2735.1187,895.8533
9914,2730.4134,893.0103
9915,2737.208,799.5694
9916,2733.3111,628.7184
9917,2736.0711,720.9349
9918,2727.564,892.8183
9919,2737.6856,730.3197
9920,2729.1591,685.3519
9921,2733.668,768.5477
9922,2730.0774,801.0404
9923,2731.757,554.7676
9924,2742.0201,730.9815
9925,2739.0835,786.6639
9926,2738.8511,889.2768
9927,2737.0922,834.5895
9928,2735.7116,881.2593
9929,2741.0038,804.6978
9930,2740.4165,677.3624
9931,2733.8095,789.6618
9932,2743.4118,739.7013
9933,2740.4526,587.8785
9934,2736.5359,653.5419
9935,2740.5417,574.968
9936,2744.3568,842.916
9937,2738.892,811.3243
9938,2737.7881,639.2474
9939,2740.5151,899.537
9940,2740.8582,825.443
9941,2736.8749,561.7666
9942,2734.4182,770.496
9943,2736.2253,601.3587
9944,2739.9785,828.604
9945,2747.3805,868.5485
9946,2741.9389,849.3177
9947,2739.5174,566.8687
9948,2744.3743,733.9469
9949,2739.3048,604.4206
9950,2743.871,883.8074
9951,2748.5206,691.9186
9952,2741.1379,779.1493
9953,2741.2734,841.6263
9954,2739.4539,599.6831
9955,2747.9591,881.8105
9956,2742.8897,708.8689
9957,2748.5285,698.5492
9958,2746.1668,814.1289
9959,2750.8896,694.3087
9960,2741.6815,557.8114
9961,2741.4669,845.9658
9962,2753.0676,828.0354
9963,2747.4889,807.6574
9964,2745.8135,585.6562
9965,2752.5754,781.6086
9966,2753.9722,822.1804
9967,2745.0279,794.5087
9968,2742.9123,895.9738
9969,2748.7966,700.0838
9970,2751.5304,895.1549
9971,2752.6411,866.2594
9972,2744.7692,599.3352
9973,2753.129,839.8669
9974,2754.7709,836.3819
9975,2744.8935,765.3913
9976,2750.3549,617.6162
9977,2745.8727,560.9596
9978,2748.6462,693.5087
9979,2754.5255,828.025
9980,2752.6323,786.9813
9981,2757.2253,725.8138
9982,2749.8863,660.8704
9983,2747.6158,902.8509
9984,2747.0924,568.9172
9985,2752.3452,570.3122
9986,2753.5299,806.1395
9987,2746.9077,566.4995
9988,2758.997,836.1093
9989,2752.5966,884.8099
9990,2748.6542,756.5205
9991,2748.6893,718.1166
9992,2754.4021,902.9348
9993,2749.7635,614.3097
9994,2753.7179,583.9111
9995,2754.385,601.1506
9996,2762.9167,866.2014
9997,2758.4834,655.7664
9998,2752.5891,824.8416
9999,2761.2926,834.7065
10000,2755.5006,771.4769
10001,2754.1891,711.004
10002,2757.983,690.8042
10003,2758.2183,808.6214
10004,2755.3872,638.1108
10005,2764.9814,847.3329
10006,2763.3956,627.6736
10007,2761.3038,780.3878
10008,2763.0725,564.2643
10009,2755.6257,777.0935
10010,2762.3081,579.9384
10011,2765.6124,714.0584
10012,2761.5886,743.1765
10013,2759.9889,852.4123
10014,2766.9692,739.8363
10015,2758.2665,903.1661
10016,2760.1321,899.7942
10017,2766.1472,841.1525
10018,2759.5052,694.3324
10019,2767.3262,609.9543
10020,2760.4708,807.6007
10021,2769.9094,854.1201
10022,2770.6689,818.2515
10023,2757.8951,810.4386
10024,2767.6558,705.0741
10025,2763.1339,608.295
10026,2759.5647,609.2506
10027,2768.2017,785.7992
10028,2764.7831,750.5752
10029,2763.7522,787.2588
10030,2765.2329,566.5469
10031,2762.4771,803.3088
10032,2770.1048,671.0633
10033,2761.4145,627.7767
10034,2770.9181,859.1456
10035,2764.5994,697.4908
10036,2767.8453,707.5256
10037,2771.4692,674.8134
10038,2775.2742,781.892
10039,2766.2247,776.1062
10040,2775.7511,592.0094
10041,2769.8388,884.7832
10042,2774.743,668.6094
10043,2774.4002,637.2059
10044,2775.8602,596.0298
10045,2775.4402,676.9903
10046,2777.4909,821.6035
10047,2778.4335,734.7858
10048,2776.0569,886.7583
10049,2773.6286,862.6846
10050,2769.5115,603.0675
10051,2776.2827,696.1606
10052,2766.8762,881.9248
10053,2779.4402,908.4143
10054,2779.0129,674.985
10055,2775.4711,769.1735
10056,2780.8171,893.9288
10057,2780.3224,884.5412
10058,2771.3267,689.5099
10059,2768.6899,842.049
10060,2775.3563,644.9348
10061,2776.3012,815.9457
10062,2779.1928,798.9923
10063,2783.4524,689.3171
10064,2770.916,875.7837
10065,2776.4485,825.6331
10066,2775.982,691.0988
10067,2777.511,697.819
10068,2774.1381,866.2198
10069,2773.1516,781.4347
10070,2783.5994,772.6846
10071,2779.4179,892.1827
10072,2785.9735,872.5569
10073,2772.9128,763.7859
10074,2778.7487,568.8214
10075,2775.7906,839.7791
10076,2781.1029,654.5294
10077,2784.7213,649.4819
10078,2783.7644,857.9158
10079,2779.9458,839.8374
10080,2775.4591,624.2188
10081,2786.8556,782.7636
10082,2786.4463,735.7516
10083,2789.6495,688.2349
10084,2789.187,618.6492
10085,2787.1961,745.4435
10086,2784.6381,789.968
10087,2778.2724,622.6013
10088,2786.2155,653.5756
10089,2788.4222,815.8195
10090,2779.6317,909.5624
10091,2788.7791,842.5387
10092,2784.7144,802.2575
10093,2787.0326,728.8537
10094,2784.6846,878.9721
10095,2792.8705,609.6473
10096,2790.0281,813.6146
10097,2780.7223,646.925
10098,2781.8582,573.2881
10099,2788.2921,699.7441
10100,2786.2649,730.9262
10101,2783.0238,650.9661
10102,2783.8458,882.8131
10103,2786.41,665.0957
10104,2792.8643,887.0743
10105,2785.763,896.423
10106,2795.6284,779.3085
10107,2786.0464,827.3806
10108,2795.0568,783.919
10109,2788.8131,663.459
10110,2791.473,889.4907
10111,2798.4966,583.8557
10112,2792.5,754.3661
10113,2791.57,821.1578
10114,2788.7843,613.8739
10115,2795.1141,689.7246
10116,2797.0575,792.9408
10117,2793.0991,582.8198
10118,2794.6588,828.0844
10119,2798.9599,878.537
10120,2792.7749,750.2602
10121,2789.175,731.6166
10122,2796.0392,872.4376
10123,2796.6445,915.4178
10124,2800.17,909.5641
10125,2795.3343,694.8142
10126,2790.3347,744.8009
10127,2791.489,844.485
10128,2797.3368,908.1062
10129,2794.7282,676.0711
10130,2794.0938,849.5314
10131,2800.2412,679.9315
10132,2803.4743,588.1564
10133,2796.1207,918.2438
10134,2795.1034,706.6889
10135,2803.8226,893.0281
10136,2803.2344,655.3025
10137,2805.756,883.9075
10138,2804.6146,877.6372
10139,2796.1432,618.42
10140,2802.0624,732.5082
10141,2794.8559,861.346
10142,2798.3323,677.043
10143,2802.2918,629.0336
10144,2799.8905,731.7747
10145,2800.6374,905.3505
10146,2801.1346,641.1666
10147,2798.5584,667.8039
10148,2797.491,711.4405
10149,2797.2255,898.4598
10150,2803.6961,739.4072
10151,2811.36,923.1321
10152,2805.3154,728.6222
10153,2798.3137,892.3933
10154,2799.783,652.7645
10155,2810.2692,892.3145
10156,2801.0687,802.3494
10157,2809.6498,730.7993
10158,2807.5773,867.5023
10159,2809.1099,778.8093
10160,2806.0493,846.9843
10161,2812.4746,887.0116
10162,2803.1619,857.2997
10163,2809.8463,844.137
10164,2802.1989,771.5791
10165,2811.0926,832.4265
10166,2804.2336,809.9692
10167,2815.8626,650.5509
10168,2814.0105,883.1729
10169,2813.5916,868.5776
10170,2803.8987,819.4588
10171,2816.3091,896.8626
10172,2815.8249,638.9827
10173,2812.6679,858.95
10174,2810.9143,573.1709
10175,2809.2855,660.3466
10176,2807.1195,770.8231
10177,2814.7566,847.0755
10178,2817.0554,617.2969
10179,2815.1238,777.5261
10180,2813.5304,922.5582
10181,2818.6875,727.2572
10182,2813.6547,640.8195
10183,2812.1033,905.4856
10184,2811.2153,767.2794
10185,2814.642,754.8907
10186,2809.0279,628.0345
10187,2810.3697,835.5366
10188,2813.5438,741.4922
10189,2819.3061,661.0123
10190,2815.0091,775.2445
10191,2812.7783,908.1639
10192,2816.4966,833.7794
10193,2824.5392,813.9625
10194,2822.0696,700.8032
10195,2825.3219,743.3781
10196,2813.3887,786.8255
10197,2814.608,666.721
10198,2819.5658,676.4294
10199,2819.4406,712.9443
10200,2816.7863,835.3979
10201,2822.3301,733.0268
10202,2817.8962,830.102
10203,2821.3863,755.6411
10204,2823.7488,816.2557
10205,2816.2776,651.1515
10206,2818.3416,604.3478
10207,2823.5256,815.9044
10208,2816.6853,919.6959
10209,2825.5611,860.3466
10210,2817.1135,833.3856
10211,2825.2503,681.6281
10212,2821.1517,750.8865
10213,2826.124,694.8303
10214,2825.7282,629.4556
10215,2829.4298,714.3356
10216,2818.4727,863.1653
10217,2823.4961,802.8493
10218,2828.0172,802.4936
10219,2822.0171,593.6576
10220,2830.4418,770.801
10221,2828.0357,649.1458
10222,2826.0072,880.3733
10223,2826.4086,810.2062
10224,2822.9741,724.1545
10225,2828.0307,832.3691
10226,2832.9407,808.3446
10227,2835.2306,600.9508
10228,2827.9033,675.6374
10229,2828.9422,855.2777
10230,2828.3109,833.1889
10231,2831.3887,776.4278
10232,2833.9112,847.8049
10233,2831.9567,872.3384
10234,2835.0786,704.2739
10235,2836.1729,645.018
10236,2828.0761,747.8265
10237,2833.6887,842.0533
10238,2836.2511,856.2238
10239,2837.3654,594.4217
10240,2829.8449,773.7497
10241,2829.7484,574.8684
10242,2834.2188,925.5851
10243,2837.6703,821.2933
10244,2828.6654,835.0639
10245,2830.2722,890.0144
10246,2828.432,715.4502
10247,2828.6255,891.6415
10248,2837.988,786.6615
10249,2830.5352,683.174
10250,2831.54,782.6526
10251,2839.1911,716.5533
10252,2831.776,585.4573
10253,2838.04,634.8653
10254,2842.4477,768.8331
10255,2844.5155,680.9894
10256,2831.1096,859.9468
10257,2843.0884,733.7024
10258,2837.3173,786.9381
10259,2845.7989,877.129
10260,2840.505,932.7014
10261,2841.9916,915.0077
10262,2834.7172,759.2492
10263,2839.5803,744.4793
10264,2842.0106,638.6298
10265,2842.3919,811.4715
10266,2840.9104,789.2482
10267,2844.216,873.7858
10268,2836.7044,738.6979
10269,2835.0068,880.9813
10270,2835.7863,916.3601
10271,2845.8473,692.6333
10272,2841.7678,849.5665
10273,2850.2796,860.881
10274,2844.1913,673.1286
10275,2843.0956,874.3553
10276,2839.6802,916.7469
10277,2839.9411,783.0084
10278,2839.5352,836.0238
10279,2850.3729,882.1079
10280,2850.3564,617.1114
10281,2849.09,673.9479
10282,2853.1727,614.0077
10283,2843.8383,881.1341
10284,2853.0115,916.5932
10285,2841.8805,894.5727
10286,2841.1152,582.6071
10287,2844.3194,634.636
10288,2852.0637,816.9175
10289,2849.2829,846.1186
10290,2851.5837,823.1766
10291,2850.3003,826.2544
10292,2854.2461,751.0359
10293,2846.4049,739.0415
10294,2853.9732,853.0182
10295,2850.9585,657.2015
10296,2852.5627,824.996
10297,2854.5119,763.1354
10298,2853.1253,604.7588
10299,2848.7203,633.6885
10300,2848.459,859.6179
10301,2846.123,742.8408
10302,2847.8393,829.7558
10303,2856.3469,764.5223
10304,2848.7668,628.0526
10305,2854.7765,772.3675
10306,2851.6409,841.9835
10307,2857.1146,872.6165
10308,2861.1762,915.3689
10309,2856.4336,688.0468
10310,2861.0365,584.7397
10311,2848.4275,892.9301
10312,2857.9377,851.594
10313,2850.8037,774.6269
10314,2859.4267,901.1177
10315,2859.7644,900.184
10316,2850.7567,736.9464
10317,2860.3762,795.1799
10318,2852.3156,753.7708
10319,2862.2515,937.0285
10320,2863.0718,698.3885
10321,2856.9969,760.2068
10322,2861.7173,659.497
10323,2862.871,707.7952
10324,2863.2739,874.4236
10325,2857.0141,636.0832
10326,2862.7352,841.3359
10327,2866.563,873.6435
10328,2861.2547,720.4656
10329,2861.5917,651.4474
10330,2865.9712,859.645
10331,2854.6908,622.5539
10332,2864.6428,938.6622
10333,2864.8795,815.1769
10334,2856.1229,635.6885
10335,2865.9494,924.8097
10336,2856.5776,844.328
10337,2861.8316,774.2275
10338,2860.1533,589.7376
10339,2861.2842,738.1751
10340,2865.6008,768.6119
10341,2860.8517,865.1848
10342,2860.7398,854.482
10343,2871.5379,845.3881
10344,2870.7299,903.708
10345,2871.0299,803.3146
10346,2866.7021,715.4062
10347,2867.9453,877.6297
10348,2872.9781,637.7841
10349,2869.6534,666.7428
10350,2861.8824,858.0298
10351,2870.4855,721.8124
10352,2867.3172,936.2385
10353,2871.9638,629.4496
10354,2865.7146,626.7564
10355,2861.7297,674.1688
10356,2870.1706,718.9232
10357,2874.6579,851.355
10358,2870.8703,840.7647
10359,2862.967,753.8586
10360,2875.8797,790.183
10361,2867.8402,677.7642
10362,2872.9487,865.9005
10363,2874.1163,700.2851
10364,2875.6653,911.9903
10365,2876.4244,758.3449
10366,2868.523,606.2663
10367,2871.4611,732.3673
10368,2876.4152,768.371
10369,2870.9269,738.8633
10370,2869.9367,832.433
10371,2868.253,791.205
10372,2870.6414,803.3666
10373,2872.6454,888.7339
10374,2871.5556,689.874
10375,2868.7518,778.7924
10376,2879.7315,790.3599
10377,2873.4457,681.4551
10378,2879.4975,708.5513
10379,2873.3552,633.5973
10380,2878.6253,932.0229
10381,2882.7508,755.1115
10382,2881.8861,715.5301
10383,2877.3222,890.4605
10384,2871.6048,796.8772
10385,2877.7597,938.6787
10386,2877.4387,763.076
10387,2873.2228,644.6848
10388,2876.6619,928.6623
10389,2882.4803,748.7823
10390,2872.9529,785.3741
10391,2885.5653,716.3706
10392,2879.0265,698.0859
10393,2881.8775,872.11
10394,2885.0298,694.4633
10395,2881.0479,670.7038
10396,2875.6308,833.3264
10397,2880.4797,917.3622
10398,2887.2957,929.9943
10399,2878.1464,866.2962
10400,2879.7317,695.0112
10401,2882.9345,661.1476
10402,2878.7635,750.2572
10403,2889.4565,745.869
10404,2880.8245,591.3468
10405,2882.4831,619.4673
10406,2877.6509,673.4849
10407,2887.2177,647.9663
10408,2880.9006,690.3489
10409,2887.4861,888.6535
10410,2880.4678,933.0251
10411,2881.8479,921.5346
10412,2885.7268,838.6393
10413,2885.3243,842.3022
10414,2888.1155,628.7021
10415,2886.653,931.9687
10416,2885.309,888.2697
10417,2882.8195,644.6517
10418,2888.0332,703.3176
10419,2890.4741,608.5029
10420,2889.6372,820.0286
10421,2886.1053,709.7407
10422,2881.7398,739.2389
10423,2895.1163,924.3392
10424,2890.4971,662.9787
10425,2890.0696,856.1376
10426,2895.7643,693.8249
10427,2888.2107,861.5462
10428,2890.6456,632.5279
10429,2887.3765,642.3223
10430,2890.7953,825.6595
10431,2883.7992,659.5388
10432,2887.7107,759.6482
10433,2890.4209,869.4084
10434,2886.132,855.3174
10435,2894.9232,767.1492
10436,2894.2154,647.7643
10437,2898.1339,721.0742
10438,2897.833,713.3471
10439,2890.0074,686.3522
10440,2900.7318,883.3051
10441,2890.6834,701.4581
10442,2891.3983,673.1042
10443,2891.4161,724.5929
10444,2898.9485,748.2792
10445,2897.7537,832.1783
10446,2889.6771,825.4737
10447,2899.6801,755.5131
10448,2891.9446,751.5347
10449,2892.1969,849.1303
10450,2890.8206,693.6635
10451,2893.2446,830.9761
10452,2889.7682,658.2368
10453,2895.7207,811.0245
10454,2895.4897,831.3443
10455,2890.4376,947.5603
10456,2902.7964,773.8957
10457,2903.4617,600.8005
10458,2903.2306,696.6469
10459,2900.2053,911.1677
10460,2893.4978,941.9895
10461,2892.8859,806.9384
10462,2898.608,870.2076
10463,2904.7571,883.7483
10464,2903.1122,752.7549
10465,2897.5882,816.4053
10466,2901.5376,678.2173
10467,2901.7474,709.5136
10468,2902.8519,851.8564
10469,2894.9812,816.9146
10470,2907.8126,899.7088
10471,2899.7964,656.3835
10472,2899.9874,642.9342
10473,2897.3735,859.2349
10474,2909.5425,767.4052
10475,2902.4908,821.9345
10476,2896.5868,756.3521
10477,2909.1832,809.6495
10478,2910.1825,808.3297
10479,2903.5881,733.8223
10480,2903.2962,772.0911
10481,2897.6617,887.8559
10482,2900.1188,741.7083
10483,2900.7271,787.158
10484,2911.2973,939.3729
10485,2912.9105,598.6831
10486,2902.9635,729.7059
10487,2904.3868,784.2004
10488,2902.8016,827.2528
10489,2905.329,913.2303
10490,2907.2101,900.395
10491,2908.045,685.8629
10492,2905.7624,808.0552
10493,2902.7081,842.7816
10494,2907.2139,689.1305
10495,2905.5434,723.6711
10496,2912.2076,797.082
10497,2905.9841,944.0672
10498,2913.6883,922.0639
10499,2915.9653,791.6867
10500,2902.8859,738.8053
10501,2913.7088,767.1419
10502,2912.2419,664.7149
10503,2916.44,947.9188
10504,2904.4521,793.8368
10505,2915.3453,933.0892
10506,2917.2674,800.7171
10507,2916.8054,810.6747
10508,2914.9746,641.8615
10509,2909.0354,776.9392
10510,2907.7205,707.3375
10511,2906.9797,667.4614
10512,2911.2177,804.5465
10513,2914.8299,932.312
10514,2905.928,768.0536
10515,2909.9307,744.8152
10516,2906.5817,594.0604
10517,2910.518,724.9156
10518,2910.087,626.6995
10519,2910.546,830.9739
10520,2918.0568,952.3667
10521,2912.8099,698.8336
10522,2909.5159,938.7029
10523,2914.601,605.2228
10524,2912.2734,797.6866
10525,2915.5474,789.648
10526,2909.9939,615.2773
10527,2910.7981,745.8586
10528,2921.2365,666.7193
10529,2917.8089,858.9968
10530,2916.9394,676.6119
10531,2911.0806,767.6104
10532,2915.4567,755.2049
10533,2915.6605,856.5267
10534,2918.7833,875.63
10535,2915.6257,797.3679
10536,2919.734,819.8624
10537,2925.3331,782.8687
10538,2920.2137,908.3689
10539,2913.6383,609.5642
10540,2922.7456,691.8285
10541,2922.1611,890.2441
10542,2919.1479,846.3709
10543,2927.3526,724.3727
10544,2923.2127,778.6564
10545,2918.0894,890.0743
10546,2916.8247,653.0545
10547,2923.5957,906.2965
10548,2920.9241,879.2148
10549,2918.2144,758.2328
10550,2915.4917,950.3404
10551,2920.2642,948.9746
10552,2929.0072,739.8748
10553,2923.5921,929.0879
10554,2926.5404,777.0301
10555,2924.983,958.1981
10556,2930.2495,834.0248
10557,2918.753,784.896
10558,2923.5071,680.338
10559,2923.6638,598.0348
10560,2919.3815,914.7189
10561,2925.4493,916.5118
10562,2923.2923,919.2817
10563,2926.9125,918.132
10564,2921.0928,870.2101
10565,2922.7332,894.7904
10566,2930.1214,892.1896
10567,2931.8393,825.0509
10568,2928.0258,710.2256
10569,2927.9005,678.329
10570,2929.0386,859.8465
10571,2922.3646,771.2731
10572,2929.8534,891.4977
10573,2927.8962,678.5755
10574,2920.5305,657.9447
10575,2931.4239,681.028
10576,2929.1301,929.3478
10577,2931.6244,792.9944
10578,2929.8656,949.3125
10579,2921.316,868.4538
10580,2930.0937,771.1373
10581,2926.181,932.9008
10582,2928.6516,791.8475
10583,2923.3023,833.3282
10584,2935.6327,792.942
10585,2932.7266,777.756
10586,2936.8176,637.6608
10587,2931.1672,642.1396
10588,2937.3177,761.0453
10589,2937.5935,862.468
10590,2930.236,834.6074
10591,2931.6943,888.7452
10592,2927.1272,767.8709
10593,2932.8474,892.9914
10594,2938.07,762.8093
10595,2925.7651,811.8424
10596,2924.7738,675.5152
10597,2929.6977,926.6999
10598,2936.2602,662.8829
10599,2933.2995,617.2068
10600,2940.1247,647.5459
10601,2938.7185,685.5545
10602,2926.8639,753.4311
10603,2934.4631,923.802
10604,2931.3821,861.452
10605,2928.6045,707.4272
10606,2939.9265,781.2931
10607,2939.0286,780.6998
10608,2930.141,915.1935
10609,2936.5288,728.9141
10610,2929.8239,888.1994
10611,2939.5344,672.1756
10612,2931.742,837.2633
10613,2929.3135,961.5818
10614,2932.0809,927.6946
10615,2931.3808,898.3175
10616,2940.8987,921.9112
10617,2942.2821,660.0745
10618,2930.7089,942.0843
10619,2943.9902,937.8847
10620,2936.5294,706.6557
10621,2937.2402,854.3917
10622,2940.7179,850.319
10623,2930.3385,703.2497
10624,2930.7924,781.5892
10625,2942.2138,965.2928
10626,2931.3707,763.9106
10627,2935.0982,835.9747
10628,2941.3149,914.4645
10629,2933.7955,613.1179
10630,2943.0701,931.3648
10631,2936.3591,605.2051
10632,2939.9015,951.8651
10633,2944.1086,964.2361
10634,2940.8374,642.364
10635,2940.5417,956.3032
10636,2940.2365,683.5499
10637,2938.3317,720.0015
10638,2944.0929,760.546
10639,2934.8062,659.7948
10640,2935.6929,712.9335
10641,2945.5551,812.139
10642,2936.4096,697.9361
10643,2946.1804,853.1128
10644,2935.1318,962.9687
10645,2935.6049,752.0361
10646,2945.9991,601.1776
10647,2938.6182,674.0119
10648,2946.4224,741.1254
10649,2947.6118,880.3854
10650,2945.7495,904.4104
10651,2942.405,805.7191
10652,2946.8279,835.2952
10653,2936.0586,888.5755
10654,2950.0905,781.9755
10655,2947.093,620.3249
10656,2942.0932,752.5655
10657,2938.5278,907.2847
10658,2941.1343,655.5845
10659,2942.2003,647.9423
10660,2949.7362,940.3059
10661,2946.7236,730.0951
10662,2940.7194,812.3834
10663,2940.7675,954.8305
10664,2941.4976,770.4789
10665,2938.6613,793.1447
10666,2942.2574,758.6178
10667,2942.9049,701.501
10668,2945.0027,804.2698
10669,2940.254,840.941
10670,2942.6006,940.8913
10671,2947.9443,755.9906
10672,2950.7726,844.9927
10673,2944.2509,761.8096
10674,2948.7922,823.3434
10675,2942.2997,733.9564
10676,2949.317,764.0096
10677,2943.0312,917.3328
10678,2947.4137,723.9301
10679,2944.4468,681.7638
10680,2951.7993,733.0731
10681,2951.0754,872.6822
10682,2944.2443,703.8149
10683,2950.0538,611.7647
10684,2954.1163,619.982
10685,2955.484,848.5223
10686,2953.8097,655.0554
10687,2945.282,879.6785
10688,2954.907,868.772
10689,2951.6669,794.905
10690,2949.2782,651.7797
10691,2951.0876,735.558
10692,2944.7161,812.886
10693,2948.1938,789.4511
10694,2946.7336,611.4856
10695,2957.1488,653.5992
10696,2957.07,741.1466
10697,2951.498,951.3662
10698,2952.502,966.47
10699,2949.8222,722.5194
10700,2954.8923,897.6732
10701,2943.8868,765.8505
10702,2951.8769,691.0054
10703,2949.6806,768.0406
10704,2953.2631,788.9092
10705,2947.4298,603.0989
10706,2956.7711,942.5132
10707,2945.3875,684.6249
10708,2954.9176,640.7169
10709,2952.8361,637.3567
10710,2949.3317,820.9996
10711,2946.9505,726.6914
10712,2954.5952,820.1243
10713,2954.6584,859.4927
10714,2949.0823,771.4633
10715,2957.8202,842.4152
10716,2957.5054,815.8102
10717,2953.0713,958.8427
10718,2957.9704,900.5971
10719,2950.4614,962.8627
10720,2955.5274,676.3118
10721,2946.519,859.1479
10722,2956.1332,898.9087
10723,2954.0403,968.7858
10724,2954.7004,906.386
10725,2951.6995,747.9738
10726,2953.164,889.8387
10727,2952.3414,766.1126
10728,2953.535,851.7523
10729,2949.8634,653.9595
10730,2956.9393,694.8496
10731,2956.0104,923.6725
10732,2957.0128,803.9578
10733,2960.8921,617.2883
10734,2957.2747,898.3248
10735,2954.1765,837.4854
10736,2957.5092,939.7849
10737,2959.5065,921.9314
10738,2950.5312,855.1377
10739,2948.7505,969.1958
10740,2952.3983,633.461
10741,2957.9867,932.0636
10742,2950.0225,667.6381
10743,2955.6745,717.2633
10744,2960.6301,679.13
10745,2957.4525,708.3704
10746,2961.4659,945.8429
10747,2950.7116,840.0888
10748,2956.5229,707.2711
10749,2951.2899,776.03
10750,2960.0414,695.8068
10751,2962.694,941.1542
10752,2961.6692,610.8261
10753,2964.4382,635.0343
10754,2957.858,970.723
10755,2958.4388,839.9103
10756,2954.9637,856.7373
10757,2951.0842,833.884
10758,2958.5155,665.5659
10759,2962.7774,738.1699
10760,2954.6586,857.5881
10761,2951.8134,831.4692
10762,2952.5489,661.5484
10763,2964.3535,705.4258
10764,2962.2985,753.2478
10765,2956.7479,831.5598
10766,2962.2146,904.7751
10767,2965.0561,865.6504
10768,2966.4434,932.8032
10769,2963.5196,607.1385
10770,2963.0514,751.9808
10771,2957.2182,908.3572
10772,2953.7598,868.2696
10773,2952.2012,922.2501
10774,2961.9738,850.2373
10775,2961.2273,858.4796
10776,2954.2803,960.044
10777,2958.4609,929.5239
10778,2959.8985,658.9235
10779,2965.6465,797.0974
10780,2954.3611,663.0504
10781,2967.0365,754.5709
10782,2958.46,606.1392
10783,2958.3358,789.3832
10784,2955.4151,776.7586
10785,2961.8624,959.7147
10786,2958.4429,658.1639
10787,2964.6377,700.4891
10788,2954.6874,778.5209
10789,2959.2175,825.9098
10790,2958.806,959.2172
10791,2955.6764,787.5733
10792,2962.3918,787.3859
10793,2960.1533,962.5488
10794,2955.6046,964.6363
10795,2959.4006,640.5076
10796,2968.5754,776.6476
10797,2959.4654,937.5964
10798,2963.2218,741.8527
10799,2956.1941,823.0777
10800,2961.9449,878.7874
10801,2957.8111,950.309
10802,2959.8297,907.1915
10803,2960.2858,761.9119
10804,2964.4045,641.3735
10805,2961.4481,932.3106
10806,2960.293,873.5517
10807,2957.0525,943.5149
10808,2960.3285,808.8872
10809,2964.1662,805.4447
10810,2960.3671,640.8017
10811,2961.8685,717.4507
10812,2955.5599,767.2018
10813,2967.1767,767.4575
10814,2957.9351,920.4312
10815,2961.0166,739.3046
10816,2965.4116,715.6398
10817,2962.1644,629.3233
10818,2969.3065,845.1323
10819,2958.2548,919.6326
10820,2965.4182,698.699
10821,2965.2026,898.1211
10822,2963.4654,942.6289
10823,2969.6847,930.9132
10824,2964.1083,805.0921
10825,2965.2504,895.1564
10826,2969.0084,759.2637
10827,2961.0917,871.7692
10828,2963.3377,748.3124
10829,2958.8613,942.8266
10830,2957.0502,612.7436
10831,2962.2097,822.1782
10832,2959.7805,863.5992
10833,2957.6549,699.2375
10834,2956.5404,957.9143
10835,2964.529,729.172
10836,2971.053,780.5203
10837,2959.0538,774.495
10838,2960.138,815.4278
10839,2960.0044,630.0349
10840,2964.5046,887.111
10841,2964.4074,623.4169
10842,2958.74,795.5927
10843,2968.0567,632.9635
10844,2965.0948,920.6636
10845,2957.1399,931.1226
10846,2965.7388,899.2954
10847,2961.8938,660.0909
10848,2963.5627,964.6356
10849,2970.9682,892.6927
10850,2970.0275,647.9852
10851,2965.1515,710.2607
10852,2960.7589,775.5542
10853,2963.4846,801.4204
10854,2969.3845,609.5112
10855,2969.2582,681.1581
10856,2957.2817,617.4952
10857,2963.5809,657.9604
10858,2963.1075,924.2911
10859,2972.0092,737.1423
10860,2960.8412,623.0339
10861,2959.7225,726.0983
10862,2959.2739,732.4035
10863,2958.5011,854.3202
10864,2963.6,939.3272
10865,2970.0963,718.7712
10866,2969.4352,829.0929
10867,2967.86,925.8899
10868,2960.934,822.2761
10869,2969.6143,622.851
10870,2970.4204,623.3077
10871,2959.8884,859.994
10872,2965.5915,871.8539
10873,2968.0185,730.9302
10874,2961.7619,840.8287
10875,2968.314,928.459
10876,2961.6811,645.3683
10877,2966.616,809.9099
10878,2960.9702,889.2397
10879,2961.7343,630.5713
10880,2961.1389,717.231
10881,2958.1816,653.8571
10882,2962.0077,744.9278
10883,2964.2871,895.8387
10884,2966.7319,605.523
10885,2966.7743,779.4553
10886,2960.0321,921.3028
10887,2971.6405,688.6326
10888,2965.5434,793.0421
10889,2962.7539,656.4351
10890,2958.2347,963.0929
10891,2965.6761,800.2347
10892,2970.5597,885.5818
10893,2964.9455,746.8992
10894,2963.235,615.9463
10895,2965.1748,821.8592
10896,2971.6654,714.8486
10897,2970.3914,720.3004
10898,2965.6046,639.8036
10899,2966.5152,866.149
10900,2967.7584,964.8652
10901,2959.8674,791.0526
10902,2970.5072,621.4262
10903,2965.8164,759.3032
10904,2969.4269,867.6728
10905,2970.8378,907.8394
10906,2963.2655,784.2775
10907,2961.54,699.4856
10908,2971.7688,691.6503
10909,2959.9612,759.3705
10910,2965.4054,713.289
10911,2958.6552,850.4561
10912,2965.0148,929.2175
10913,2969.2372,810.3826
10914,2960.5714,811.5537
10915,2968.2935,685.1659
10916,2960.9678,970.4708
10917,2964.5348,650.1319
10918,2964.1899,755.8743
10919,2963.7394,713.0098
10920,2969.1286,634.7123
10921,2964.826,622.7433
10922,2969.3538,925.8667
10923,2961.853,628.5448
10924,2957.4854,766.8063
10925,2969.837,868.4047
10926,2960.0145,696.9911
10927,2957.9767,812.643
10928,2963.911,924.4295
10929,2958.78,971.6294
10930,2960.372,647.1889
10931,2964.5554,649.416
10932,2960.6623,797.7004
10933,2964.5311,932.8516
10934,2965.2341,725.9757
10935,2970.0453,878.8397
10936,2959.0152,804.2228
10937,2964.2287,602.8363
10938,2964.534,745.8898
10939,2966.5605,733.9387
10940,2970.5547,656.3093
10941,2960.8786,603.1895
10942,2960.5569,965.6791
10943,2965.2155,740.6147
10944,2958.0104,896.3996
10945,2968.161,815.9674
10946,2964.8667,785.4581
10947,2968.0529,842.3231
10948,2970.1188,713.9251
10949,2965.143,721.4049
10950,2962.293,904.1551
10951,2961.2518,955.068
10952,2957.6899,768.3005
10953,2959.4048,948.5795
10954,2959.2965,769.7473
10955,2959.8816,833.2156
10956,2961.4492,774.3287
10957,2960.4108,697.138
10958,2957.8111,704.7666
10959,2961.9191,716.3024
10960,2959.5028,949.417
10961,2961.6139,921.8416
10962,2969.6935,889.7841
10963,2965.7221,607.4993
10964,2967.2434,836.2453
10965,2961.5933,669.8402
10966,2968.2822,851.0515
10967,2959.3062,788.1547
10968,2967.5683,748.0006
10969,2967.8226,829.4609
10970,2967.8822,860.4448
10971,2966.5136,973.335
10972,2968.5184,946.1773
10973,2970.3468,838.0016
10974,2969.3703,791.9997
10975,2966.7356,883.7
10976,2967.6403,914.1849
10977,2961.9217,929.417
10978,2966.7773,675.7436
10979,2968.283,767.8206
10980,2959.2188,822.4907
10981,2967.5628,957.1565
10982,2964.8371,925.7886
10983,2965.7361,928.5214
10984,2962.4889,920.4107
10985,2969.2633,764.712
10986,2964.4518,835.4211
10987,2958.7993,721.6661
10988,2968.279,734.3124
10989,2960.5267,823.8201
10990,2958.6642,616.4452
10991,2961.3403,873.3588
10992,2959.6587,816.6478
10993,2966.8319,839.5243
10994,2955.8875,854.5456
10995,2963.2989,766.2175
10996,2968.1473,832.716
10997,2959.9918,957.9262
10998,2958.6913,651.6605
10999,2960.0064,934.6497
11000,2962.1425,690.0177
11001,2963.927,942.2554
11002,2963.0039,887.638
11003,2958.7667,940.2729
11004,2955.7465,868.3469
11005,2962.2046,720.4284
11006,2956.2454,727.5681
11007,2964.5823,720.4416
11008,2960.3528,626.4895
11009,2959.4249,834.6683
11010,2957.9541,875.2124
11011,2964.4041,931.8524
11012,2963.6864,655.8359
11013,2962.5996,615.7769
11014,2953.5356,961.3452
11015,2959.9165,924.5479
11016,2954.1775,828.6817
11017,2964.6373,703.4035
11018,2961.8527,707.4685
11019,2965.6906,923.463
11020,2953.9199,712.2839
11021,2958.1326,722.6253
11022,2959.2766,694.8959
11023,2963.9061,850.4413
11024,2960.1772,661.6867
11025,2964.0039,645.184
11026,2964.7793,840.7174
11027,2966.6236,909.2374
11028,2964.3506,819.808
11029,2964.174,666.5963
11030,2958.4059,876.2286
11031,2960.8283,773.1254
11032,2962.8545,716.1063
11033,2955.8459,919.9615
11034,2956.6587,797.6846
11035,2960.3675,825.4944
11036,2957.6333,957.6966
11037,2962.754,671.0175
11038,2965.4474,908.077
11039,2957.3545,787.8356
11040,2964.2015,945.3435
11041,2957.2026,889.2983
11042,2955.2119,960.3915
11043,2954.7042,661.3791
11044,2951.6536,618.3229
11045,2963.9621,771.2077
11046,2959.6051,818.7853
11047,2954.8948,810.9531
11048,2960.6161,605.4618
11049,2964.2697,847.1221
11050,2955.7426,737.9848
11051,2958.4395,886.9638
11052,2963.6672,652.6745
11053,2961.742,722.8853
11054,2950.754,863.1449
11055,2964.1075,911.8281
11056,2955.2184,949.43
11057,2963.0601,885.908
11058,2952.5905,809.9004
11059,2955.8787,914.8176
11060,2953.8311,879.5918
11061,2950.439,813.1079
11062,2955.4198,898.3592
11063,2949.0335,840.58
11064,2960.1938,692.6547
11065,2948.6416,913.833
11066,2956.1506,828.039
11067,2950.0494,749.9776
11068,2956.331,797.303
11069,2952.0372,740.9315
11070,2949.5611,678.0314
11071,2953.6988,838.3567
11072,2952.1645,894.6649
11073,2949.8208,801.3768
11074,2953.692,639.4807
11075,2957.3844,712.0558
11076,2955.5357,940.3998
11077,2952.4087,944.1473
11078,2949.0678,809.5129
11079,2957.4661,634.3876
11080,2955.0971,610.1597
11081,2956.2112,887.1707
11082,2953.277,834.3718
11083,2959.666,779.6211
11084,2947.972,827.4371
11085,2949.714,914.3215
11086,2950.2586,885.1617
11087,2955.3498,647.5947
11088,2948.4421,621.1881
11089,2947.547,815.4609
11090,2957.2098,682.5037
11091,2948.1293,884.7548
11092,2946.0893,619.473
11093,2945.4996,919.3631
11094,2946.5675,788.6467
11095,2955.8659,644.5947
11096,2948.6451,886.8159
11097,2946.2605,865.5954
11098,2947.0617,911.613
11099,2951.5431,896.2667
11100,2952.319,812.4215
11101,2950.4698,855.7272
11102,2949.9564,650.5213
11103,2958.0995,752.3047
11104,2945.6094,788.4512
11105,2952.6654,753.7047
11106,2950.6921,792.5628
11107,2947.5022,725.9974
11108,2955.1696,730.8518
11109,2950.607,614.6447
11110,2951.2141,680.3037
11111,2956.8903,739.4389
11112,2944.3639,786.6826
11113,2956.4137,929.8613
11114,2947.9671,727.7527
11115,2947.2787,844.6198
11116,2951.6257,941.2784
11117,2947.1065,679.1415
11118,2955.5815,853.015
11119,2947.5632,644.9187
11120,2948.4237,943.4512
11121,2951.2275,709.186
11122,2954.9225,960.9624
11123,2944.2434,886.2612
11124,2954.5356,816.6218
11125,2947.9306,710.8651
11126,2955.9401,969.5352
11127,2945.9347,742.0086
11128,2951.7557,837.6004
11129,2946.3526,826.5462
11130,2946.2468,938.3003
11131,2953.3042,877.4453
11132,2951.3692,856.4601
11133,2948.7895,928.2478
11134,2940.1934,605.5533
11135,2952.9264,890.2012
11136,2945.549,926.5721
11137,2947.8554,644.1465
11138,2948.3522,707.4389
11139,2948.6441,803.222
11140,2947.5937,891.5974
11141,2950.8122,757.1053
11142,2940.6947,650.5558
11143,2942.4534,674.6668
11144,2951.859,890.0508
11145,2949.1928,806.8169
11146,2951.8932,812.0654
11147,2938.5519,848.9894
11148,2944.2327,640.9265
11149,2950.5873,715.4604
11150,2950.4026,910.1624
11151,2942.9397,950.0281
11152,2939.7943,875.7637
11153,2938.0635,718.7161
11154,2950.3739,863.3888
11155,2947.3762,848.8783
11156,2947.0497,741.6512
11157,2948.7718,617.8919
11158,2937.7117,961.8002
11159,2949.8149,842.3363
11160,2941.7314,730.7482
11161,2946.9505,688.1965
11162,2941.3295,860.5734
11163,2940.3296,646.4272
11164,2949.759,776.1926
11165,2940.7088,751.9862
11166,2936.2957,826.3851
11167,2940.6048,805.2365
11168,2945.0887,877.9764
11169,2944.8548,736.6406
11170,2941.0426,719.8748
11171,2948.2248,628.6499
11172,2935.7064,770.3835
11173,2946.8084,924.9333
11174,2942.8242,933.7308
11175,2935.1797,754.2145
11176,2944.6145,893.7749
11177,2934.0327,888.3694
11178,2936.3247,850.3802
11179,2941.6448,861.5279
11180,2938.2789,866.1384
11181,2947.8615,727.3572
11182,2942.7884,789.9598
11183,2944.374,828.2873
11184,2942.4978,667.8078
11185,2945.2292,666.0052
11186,2941.9439,635.9489
11187,2942.6189,956.9296
11188,2945.8922,847.035
11189,2936.4771,799.5414
11190,2936.1375,684.8049
11191,2932.198,680.6137
11192,2933.4505,629.3985
11193,2941.119,745.584
11194,2938.6764,906.2701
11195,2936.911,742.9757
11196,2931.8958,757.9219
11197,2939.2956,938.8334
11198,2931.117,789.1423
11199,2941.8758,898.6339
11200,2936.8562,913.4968
11201,2933.0682,873.7791
11202,2931.6124,885.3661
11203,2942.0256,837.3283
11204,2931.4449,910.6266
11205,2931.0526,775.6859
11206,2930.7133,670.9672
11207,2943.3422,845.6682
11208,2942.1944,854.3216
11209,2936.9785,806.0201
11210,2934.2731,700.6152
11211,2938.0451,867.7743
11212,2938.7694,818.7366
11213,2939.559,936.311
11214,2936.8531,882.9718
11215,2939.5247,729.3758
11216,2933.4596,716.6019
11217,2938.7087,630.17
11218,2940.6297,789.8937
11219,2929.4039,902.3412
11220,2934.2376,688.5094
11221,2929.8374,615.718
11222,2930.9114,817.2354
11223,2934.8102,786.9989
11224,2929.5407,875.3118
11225,2934.2053,860.2024
11226,2933.8494,923.2678
11227,2929.7097,915.8512
11228,2937.5997,953.0997
11229,2926.1532,610.4417
11230,2937.2961,632.1282
11231,2929.6322,625.5446
11232,2931.5351,853.3728
11233,2924.8113,801.9686
11234,2927.6252,611.0839
11235,2937.8631,643.4694
11236,2927.5265,722.6802
11237,2935.8051,860.4824
11238,2930.2841,751.5563
11239,2923.9086,937.1069
11240,2937.1252,892.417
11241,2934.5201,689.8127
11242,2932.0407,785.8761
11243,2924.5845,908.9112
11244,2930.3994,741.4055
11245,2926.0898,664.7193
11246,2922.5365,684.1414
11247,2926.7848,791.4071
11248,2934.7035,654.0082
11249,2927.8105,601.4651
11250,2923.8101,886.4957
11251,2928.7036,889.8692
11252,2921.9584,823.2134
11253,2932.12,673.9112
11254,2926.338,810.8595
11255,2924.9718,694.2629
11256,2924.2669,880.2107
11257,2931.1215,764.4596
11258,2926.6601,869.05
11259,2933.7275,961.0163
11260,2934.0154,651.9691
11261,2925.4963,884.6525
11262,2931.2833,812.8553
11263,2930.6348,860.5105
11264,2932.3126,626.5526
11265,2922.0909,784.554
11266,2925.5511,782.3981
11267,2927.8543,884.556
11268,2928.1935,697.4785
11269,2928.5741,916.6352
11270,2928.6049,637.3333
11271,2925.0686,814.6219
11272,2930.6653,793.4656
11273,2920.2998,878.6591
11274,2928.5108,688.0842
11275,2918.8269,854.2331
11276,2920.2977,759.2939
11277,2929.641,732.7056
11278,2929.8172,754.8233
11279,2923.3479,594.5272
11280,2927.1744,907.089
11281,2917.6535,916.6494
11282,2919.276,908.5381
11283,2927.6805,650.6294
11284,2919.9558,891.2751
11285,2919.8205,949.8645
11286,2918.3037,885.0365
11287,2917.5958,734.3134
11288,2927.3179,711.8454
11289,2924.3248,689.2773
11290,2927.3186,922.6348
11291,2913.9728,685.7912
11292,2915.2922,692.0164
11293,2921.1232,732.8379
11294,2913.6324,926.6507
11295,2920.1705,625.0776
11296,2919.5863,693.154
11297,2926.7101,949.2515
11298,2918.3628,858.728
11299,2922.2421,703.1266
11300,2914.2168,882.9343
11301,2919.1805,922.867
11302,2916.1149,865.4752
11303,2916.0395,698.1765
11304,2922.4133,921.715
11305,2918.5104,880.2238
11306,2922.5154,770.663
11307,2925.4157,752.5396
11308,2913.9504,667.8506
11309,2916.2904,879.0596
11310,2915.2744,716.7283
11311,2917.9158,776.865
11312,2910.8061,600.8507
11313,2919.3684,673.0843
11314,2913.8997,953.6793
11315,2923.4501,819.6095
11316,2911.3945,754.1506
11317,2910.7195,694.4694
11318,2911.0168,942.2774
11319,2912.5941,924.1397
11320,2915.9181,701.9168
11321,2922.038,666.3686
11322,2918.1821,921.1567
11323,2913.4107,635.4779
11324,2916.951,708.6378
11325,2915.947,693.5431
11326,2907.3332,676.2166
11327,2913.9,862.6968
11328,2916.6244,753.5823
11329,2911.4867,808.6235
11330,2906.8102,708.097
11331,2918.9571,955.0091
11332,2917.9311,908.7749
11333,2918.8868,676.3599
11334,2907.8694,871.6623
11335,2907.7459,905.885
11336,2906.173,803.3714
11337,2907.0828,904.1548
11338,2918.6121,916.0057
11339,2915.6355,699.7864
11340,2914.6226,820.5336
11341,2904.7517,693.6357
11342,2912.6228,942.5368
11343,2907.6627,619.4491
11344,2916.9588,674.3433
11345,2910.2856,792.5131
11346,2904.0817,743.8434
11347,2905.2563,739.069
11348,2910.1097,609.0097
11349,2916.1799,596.7781
11350,2907.0823,748.6721
11351,2908.8677,649.2441
11352,2908.4024,721.7373
11353,2907.4134,674.9541
11354,2910.3878,945.506
11355,2910.4483,680.7661
11356,2907.18,948.4443
11357,2905.2938,630.2237
11358,2909.2359,870.1915
11359,2909.7759,742.0517
11360,2913.1636,710.5544
11361,2906.2642,781.0342
11362,2905.5478,944.1336
11363,2906.8757,766.3485
11364,2913.2676,775.9141
11365,2901.5082,705.2135
11366,2911.5954,728.8982
11367,2902.2581,767.2368
11368,2909.3543,828.45
11369,2901.7975,700.4576
11370,2906.7678,796.7388
11371,2905.2729,826.9864
11372,2905.2751,816.726
11373,2906.6079,632.5765
11374,2904.7287,656.4838
11375,2911.5043,889.0851
11376,2911.1919,932.9252
11377,2899.4221,912.4155
11378,2910.2345,925.3617
11379,2904.4012,813.8474
11380,2901.0034,623.2582
11381,2910.0912,636.9512
11382,2897.2952,738.5393
11383,2906.5289,927.267
11384,2904.791,618.7661
11385,2897.601,934.3302
11386,2906.3986,903.8954
11387,2907.7677,705.9291
11388,2906.386,857.621
11389,2905.0731,611.3402
11390,2894.6478,590.0583
11391,2901.204,668.4843
11392,2894.1332,675.322
11393,2902.624,640.9579
11394,2903.6882,856.9168
11395,2900.6444,869.7413
11396,2901.3332,720.2578
11397,2895.407,772.2913
11398,2900.3881,844.6487
11399,2897.2474,771.7574
11400,2904.5715,905.1052
11401,2905.2205,948.5659
11402,2904.4984,774.5062
11403,2892.179,692.9457
11404,2896.6899,926.1731
11405,2892.565,829.9815
11406,2896.8686,697.8085
11407,2891.9952,729.2437
11408,2891.2108,734.5101
11409,2895.5266,906.6521
11410,2902.4301,625.4186
11411,2898.9334,920.5597
11412,2893.3064,821.234
11413,2901.9152,637.8049
11414,2897.0279,786.0674
11415,2892.6691,775.8474
11416,2891.5358,947.8642
11417,2896.3309,915.6467
11418,2902.018,752.7345
11419,2898.3798,728.2945
11420,2897.1701,803.8414
11421,2894.5944,929.4486
11422,2897.1541,706.531
11423,2898.898,906.2901
11424,2891.7481,937.6113
11425,2896.7198,796.3037
11426,2892.1623,621.6724
11427,2886.571,683.0455
11428,2899.1815,734.6068
11429,2897.4555,812.5879
11430,2892.1201,712.4143
11431,2896.2631,904.5827
11432,2888.231,780.461
11433,2891.4191,593.3125
11434,2891.7924,713.1491
11435,2894.567,938.6436
11436,2895.7642,871.5268
11437,2890.3309,805.884
11438,2889.2586,803.4796
11439,2895.137,702.4422
11440,2886.1259,909.1104
11441,2886.4357,646.5456
11442,2885.0884,643.3806
11443,2894.2508,747.9551
11444,2893.5286,640.3227
11445,2895.7629,667.9858
11446,2884.9148,899.5498
11447,2885.3416,722.2135
11448,2889.198,669.2722
11449,2889.014,863.483
11450,2885.5709,936.8113
11451,2890.5801,870.66
11452,2881.504,864.9066
11453,2893.4953,861.1332
11454,2885.5367,875.9496
11455,2885.0671,938.3324
11456,2893.656,940.4863
11457,2880.0028,792.1276
11458,2883.2045,630.1218
11459,2890.7985,594.8758
11460,2892.8109,792.3261
11461,2892.5199,893.0359
11462,2891.3111,818.0306
11463,2882.0026,774.749
11464,2884.5407,612.6517
11465,2886.806,649.9429
11466,2890.5362,679.5902
11467,2880.9943,679.6174
11468,2882.1075,944.3492
11469,2888.077,848.9924
11470,2886.01,785.0776
11471,2877.9893,698.7775
11472,2884.7878,766.3434
11473,2887.8716,789.8548
11474,2888.6251,704.1259
11475,2880.5398,934.0475
11476,2881.9803,888.8969
11477,2877.6134,654.7315
11478,2885.9912,716.7275
11479,2880.055,739.8457
11480,2879.0772,873.6146
11481,2881.7491,932.8587
11482,2884.8972,636.0545
11483,2885.9633,876.9554
11484,2887.147,940.9723
11485,2877.4707,832.9988
11486,2883.4266,865.3567
11487,2874.1189,590.9333
11488,2872.4193,667.2131
11489,2882.3416,886.161
11490,2880.8788,655.1895
11491,2874.0514,758.1851
11492,2876.7484,731.6906
11493,2875.2819,659.4246
11494,2883.6312,731.7819
11495,2876.2399,780.9223
11496,2875.5885,694.4399
11497,2871.2315,941.0441
11498,2870.2037,927.9795
11499,2881.2185,675.524
11500,2873.6823,815.9045
11501,2874.9036,850.1767
11502,2870.4829,722.9165
11503,2879.7602,677.2373
11504,2872.0079,893.7574
11505,2874.5239,755.5874
11506,2874.4796,672.7505
11507,2876.2624,899.0464
11508,2873.6448,608.6413
11509,2872.9206,653.7146
11510,2874.4724,608.0456
11511,2874.4938,803.8515
11512,2873.87,729.8398
11513,2871.4056,920.914
11514,2878.0176,784.8006
11515,2868.0737,853.2242
11516,2872.0687,659.8064
11517,2865.9738,594.9635
11518,2871.9406,817.9859
11519,2878.3707,649.1979
11520,2876.8706,803.6154
11521,2871.1002,664.6369
11522,2877.7859,742.9653
11523,2866.2928,638.5254
11524,2864.8097,675.9512
11525,2875.8994,826.1372
11526,2864.0373,907.444
11527,2863.7958,732.998
11528,2865.3057,624.7376
11529,2873.5301,846.8521
11530,2864.1664,656.5226
11531,2867.7057,728.2512
11532,2874.547,935.987
11533,2873.9141,751.2108
11534,2871.2876,592.4621
11535,2862.8052,844.4256
11536,2868.7808,695.6274
11537,2865.7234,585.5599
11538,2868.3522,913.5073
11539,2870.1772,804.0198
11540,2874.1597,905.1441
11541,2869.3567,726.4328
11542,2866.8675,596.5383
11543,2871.4312,753.2264
11544,2867.8129,912.8378
11545,2872.2261,798.2419
11546,2865.9014,591.4133
11547,2868.3981,915.5692
11548,2861.9038,643.9467
11549,2862.7338,927.3963
11550,2867.1749,655.2044
11551,2870.6329,587.6979
11552,2864.9586,774.9855
11553,2869.6342,731.297
11554,2861.2859,806.1239
11555,2870.2789,784.4037
11556,2871.2722,887.6608
11557,2860.4676,872.4562
11558,2867.8991,807.8475
11559,2862.1837,617.5264
11560,2856.8321,768.9654
11561,2856.6466,728.6278
11562,2865.9437,940.5551
11563,2859.2178,704.5723
11564,2867.2651,879.4861
11565,2862.132,780.8856
11566,2868.2354,650.1391
11567,2863.5198,772.243
11568,2868.4279,849.9773
11569,2867.1506,868.2118
11570,2854.9808,906.3435
11571,2862.4298,902.9755
11572,2864.5758,582.0796
11573,2861.1665,761.6453
11574,2862.2302,685.2344
11575,2861.3251,841.5881
11576,2866.7712,649.9096
11577,2859.0758,836.1767
11578,2855.5184,916.3069
11579,2853.9138,882.8936
11580,2860.7581,904.5687
11581,2856.093,719.0995
11582,2863.1603,835.0301
11583,2855.5251,684.5485
11584,2851.0116,922.62
11585,2852.0429,773.9677
11586,2853.9665,916.1346
11587,2853.8792,817.24
11588,2863.2171,597.8358
11589,2861.241,854.332
11590,2862.5019,876.8449
11591,2855.7637,829.8116
11592,2861.2681,921.8982
11593,2861.2283,715.385
11594,2857.2701,853.9546
11595,2852.4339,931.2748
11596,2854.5929,899.9216
11597,2848.3167,845.4873
11598,2854.2974,677.8193
11599,2856.0923,819.3736
11600,2854.6345,899.8943
11601,2848.6854,620.5523
11602,2849.0019,580.198
11603,2850.8962,646.7938
11604,2858.9879,625.6781
11605,2856.6448,853.9316
11606,2846.1929,782.6751
11607,2850.5491,864.3705
11608,2847.131,622.7135
11609,2846.0689,796.0744
11610,2858.5092,822.7925
11611,2857.3051,642.8364
11612,2845.3718,768.0603
11613,2852.6439,711.6936
11614,2856.7933,769.2271
11615,2853.0028,589.9803
11616,2851.4563,831.6924
11617,2849.5365,638.2066
11618,2857.6092,717.2249
11619,2845.9269,920.8791
11620,2844.8095,859.8138
11621,2855.8439,677.8568
11622,2853.3228,755.1979
11623,2856.1241,591.1869
11624,2850.0018,880.5699
11625,2845.377,628.6119
11626,2843.9179,825.314
11627,2851.8239,789.4746
11628,2850.9678,722.5551
11629,2847.8432,822.6369
11630,2845.8843,777.8499
11631,2848.5177,667.9555
11632,2854.0081,931.9655
11633,2845.5412,817.7796
11634,2850.0397,820.2933
11635,2853.6829,865.7804
11636,2845.1293,601.7871
11637,2840.7948,581.6441
11638,2848.7964,820.5542
11639,2847.0565,578.7145
11640,2847.3319,912.4514
11641,2850.5294,843.6279
11642,2844.8784,710.1447
11643,2841.351,800.2924
11644,2851.3144,617.8693
11645,2851.7629,881.4547
11646,2846.4164,679.8723
11647,2845.2169,744.2835
11648,2841.1129,905.7615
11649,2848.1163,831.7757
11650,2848.424,898.8073
11651,2841.183,802.5573
11652,2844.5606,613.0263
11653,2845.9581,678.4595
11654,2835.9774,780.6598
11655,2847.1475,651.995
11656,2847.3888,877.6872
11657,2838.7721,805.8094
11658,2844.7203,794.207
11659,2842.8436,682.0654
11660,2848.1098,824.4967
11661,2843.6662,923.425
11662,2840.1695,595.6174
11663,2839.3056,881.6722
11664,2838.8487,875.4745
11665,2846.7906,737.7029
11666,2843.2245,797.1437
11667,2833.5415,778.9837
11668,2838.8032,823.2712
11669,2845.5803,884.4494
11670,2844.1168,814.2143
11671,2840.3333,792.3933
11672,2836.5778,764.1183
11673,2838.1568,926.9001
11674,2834.7575,633.0112
11675,2844.955,930.2955
11676,2843.2094,830.8304
11677,2839.8487,580.0693
11678,2843.3214,663.8345
11679,2838.1144,785.2712
11680,2840.3677,864.334
11681,2835.1785,589.495
11682,2835.934,894.0213
11683,2837.9524,740.6938
11684,2832.5055,874.0899
11685,2841.9654,693.0315
11686,2840.1069,724.8157
11687,2832.254,725.345
11688,2837.9748,613.5647
11689,2831.7196,623.0228
11690,2839.3768,766.3162
11691,2841.9192,709.9182
11692,2829.0818,688.4331
11693,2841.1102,580.0799
11694,2833.0339,642.4077
11695,2829.2315,817.7372
11696,2834.5373,820.6022
11697,2832.5799,881.1384
11698,2831.7191,882.2455
11699,2833.7407,702.4114
11700,2835.3566,694.3394
11701,2835.014,902.0934
11702,2831.2158,680.1031
11703,2828.9324,684.4252
11704,2837.1734,586.3434
11705,2826.8598,611.2203
11706,2836.5144,929.6339
11707,2833.2015,709.6602
11708,2834.2184,842.2715
11709,2824.7753,920.7586
11710,2826.453,617.495
11711,2829.3874,781.9772
11712,2834.0841,828.3317
11713,2827.1204,749.3407
11714,2829.9436,643.6529
11715,2823.1909,926.8238
11716,2835.2908,914.1994
11717,2833.7899,874.2825
11718,2824.4358,766.9692
11719,2835.0492,664.0509
11720,2822.2875,899.4669
11721,2824.1234,812.8778
11722,2830.5221,804.4863
11723,2822.2892,670.8617
11724,2834.0135,667.5189
11725,2831.1435,628.7912
11726,2827.0406,713.1224
11727,2830.9786,648.1327
11728,2824.3798,749.0775
11729,2823.1344,903.0684
11730,2827.0659,784.8627
11731,2832.7346,664.8722
11732,2824.9812,725.6916
11733,2829.6219,601.1618
11734,2832.1196,641.7029
11735,2832.6752,773.466
11736,2819.7073,711.7125
11737,2830.8254,920.2471
11738,2824.7973,648.2412
11739,2822.9013,744.2548
11740,2821.5183,896.5128
11741,2830.6644,838.041
11742,2826.9828,676.0131
11743,2826.1367,906.5304
11744,2821.2218,841.6883
11745,2824.4366,859.7144
11746,2822.7075,923.7436
11747,2824.071,640.4484
11748,2823.5335,819.2706
11749,2821.8424,778.6951
11750,2816.1963,645.5361
11751,2822.6026,923.7224
11752,2824.7696,908.2332
11753,2827.8909,898.0102
11754,2817.2852,731.0683
11755,2819.1106,624.7111
11756,2822.0995,733.4435
11757,2821.4803,881.8334
11758,2823.9195,725.8267
11759,2821.0531,766.9017
11760,2826.8257,718.4865
11761,2818.9569,869.374
11762,2821.4776,775.2713
11763,2826.4146,812.6489
11764,2813.571,620.7844
11765,2823.7311,672.0219
11766,2819.4743,853.9152
11767,2813.5459,774.0335
11768,2823.4339,882.0596
11769,2820.986,890.8312
11770,2814.9022,639.0285
11771,2825.5042,832.7098
11772,2824.824,610.4008
11773,2822.3198,714.7945
11774,2824.0561,916.6755
11775,2815.4193,755.3403
11776,2814.8661,719.7236
11777,2823.5137,893.8088
11778,2823.4452,835.3882
11779,2823.9565,927.4369
11780,2822.2051,902.5956
11781,2819.1096,846.4471
11782,2810.9821,896.9298
11783,2819.5591,672.2983
11784,2815.8481,893.4895
11785,2815.4974,693.0278
11786,2819.8509,602.3768
11787,2818.3995,578.7755
11788,2810.538,623.8938
11789,2811.1405,697.407
11790,2813.8918,807.6314
11791,2821.1927,648.8505
11792,2810.9824,731.0758
11793,2808.3092,824.9462
11794,2813.5083,582.4754
11795,2809.5115,624.4288
11796,2819.1746,670.3692
11797,2820.488,607.8448
11798,2820.2061,742.3678
11799,2817.793,919.6719
11800,2814.2145,876.3393
11801,2816.0074,624.6255
11802,2813.8149,828.7563
11803,2813.2539,597.9729
11804,2813.0203,616.402
11805,2818.8869,921.1592
11806,2808.8339,675.8265
11807,2805.3932,694.4471
11808,2812.0816,713.1515
11809,2811.8531,876.2451
11810,2808.784,795.7007
11811,2806.7791,906.9439
11812,2809.0165,918.3459
11813,2807.1313,901.6868
11814,2803.9606,651.3985
11815,2803.8736,858.0958
11816,2803.5844,693.6387
11817,2804.1202,731.1024
11818,2812.1321,739.9472
11819,2815.8063,729.1005
11820,2812.8756,782.4058
11821,2814.9521,644.64
11822,2804.4976,844.6848
11823,2804.2835,589.389
11824,2815.7743,788.4864
11825,2806.7141,670.3314
11826,2809.1307,764.784
11827,2804.9321,902.3152
11828,2807.4804,842.6801
11829,2812.6182,810.1728
11830,2814.761,598.5992
11831,2803.4647,921.1222
11832,2801.3933,882.4675
11833,2801.3137,883.7136
11834,2806.7302,866.4999
11835,2800.5015,803.5484
11836,2812.3664,899.2741
11837,2806.4075,833.8663
11838,2811.5217,895.2328
11839,2806.7564,617.7387
11840,2805.1637,748.3219
11841,2807.081,897.4707
11842,2807.9276,690.9708
11843,2807.0178,906.6082
11844,2801.0508,695.3226
11845,2799.6258,824.2475
11846,2799.5544,819.8143
11847,2799.2528,579.284
11848,2807.0666,692.4175
11849,2811.4019,886.9901
11850,2799.0178,792.2985
11851,2801.8728,662.6293
11852,2802.6868,739.3739
11853,2797.9839,768.6031
11854,2800.2381,616.4327
11855,2809.2419,574.735
11856,2806.0379,898.3256
11857,2805.0575,667.5575
11858,2808.0014,785.5968
11859,2803.9541,709.3161
11860,2807.1648,667.2281
11861,2804.7335,819.4748
11862,2801.7801,730.6552
11863,2803.8951,804.0884
11864,2805.0118,735.7961
11865,2798.2706,837.9963
11866,2799.3037,838.5442
11867,2797.3727,655.1966
11868,2804.6861,585.1313
11869,2795.4558,678.5481
11870,2796.994,616.9021
11871,2795.405,635.0269
11872,2805.1678,725.7213
11873,2793.5543,814.8343
11874,2799.9952,895.0986
11875,2798.1806,579.0388
11876,2795.7813,710.8498
11877,2800.4857,809.4464
11878,2805.0323,611.443
11879,2796.722,830.1468
11880,2803.815,779.7214
11881,2794.4043,708.8174
11882,2796.2463,824.8005
11883,2791.6507,688.4674
11884,2798.7516,668.1657
11885,2795.978,895.8165
11886,2794.71,804.3201
11887,2800.485,642.662
11888,2791.3188,917.1418
11889,2800.8183,772.0196
11890,2801.6524,640.5117
11891,2804.0766,913.592
11892,2794.2037,627.7186
11893,2798.3376,707.3587
11894,2795.7372,711.9039
11895,2793.3304,915.487
11896,2799.0616,613.0417
11897,2789.7769,886.7128
11898,2801.9318,577.7594
11899,2802.2622,822.7369
11900,2793.845,610.2958
11901,2800.8512,689.746
11902,2795.521,916.9568
11903,2790.1681,571.0714
11904,2788.5075,813.0257
11905,2800.8217,601.8011
11906,2801.7252,782.6895
11907,2794.0674,780.7157
11908,2800.0402,767.4464
11909,2797.1277,831.987
11910,2788.0539,819.9687
11911,2791.9976,786.9466
11912,2798.9132,762.9179
11913,2793.9757,899.4412
11914,2793.5766,695.6706
11915,2795.5257,861.9299
11916,2793.2251,691.9887
11917,2799.2882,688.5424
11918,2797.3481,901.0039
11919,2796.6513,814.3214
11920,2795.4336,602.6055
11921,2786.6533,696.2258
11922,2785.627,571.1293
11923,2793.2001,745.0733
11924,2786.4297,666.2759
11925,2786.6729,701.0665
11926,2789.1549,604.4589
11927,2797.1898,866.4005
11928,2791.6895,841.3228
11929,2790.5746,823.9392
11930,2786.9066,875.7296
11931,2793.6334,880.8355
11932,2796.7242,685.5812
11933,2785.2881,651.6196
11934,2788.5028,746.2365
11935,2784.5087,687.5743
11936,2784.8823,582.7643
11937,2791.2656,896.9262
11938,2794.7541,862.7957
11939,2796.3813,823.7438
11940,2788.0948,826.0708
11941,2788.9105,573.1466
11942,2782.7833,728.329
11943,2784.3136,837.9102
11944,2783.7065,592.174
11945,2792.6733,823.2843
11946,2783.1983,860.2694
11947,2786.926,679.7064
11948,2788.825,815.8434
11949,2789.9461,667.4829
11950,2793.8033,863.0312
11951,2793.9922,648.8028
11952,2785.8522,774.2924
11953,2789.8433,757.772
11954,2786.0316,906.3612
11955,2783.3778,789.0691
11956,2783.7545,730.0002
11957,2783.9016,791.299
11958,2783.1021,692.6092
11959,2792.0444,729.6939
11960,2789.2139,847.4819
11961,2784.8875,628.4755
11962,2790.6639,768.1373
11963,2782.4725,733.4123
11964,2786.9941,647.5068
11965,2780.2856,912.0112
11966,2779.4162,848.8795
11967,2780.8236,696.2194
11968,2782.9986,719.1174
11969,2784.0707,821.5935
11970,2784.8948,819.5626
11971,2779.975,758.2647
11972,2780.2168,851.4544
11973,2786.8694,750.953
11974,2780.7923,654.797
11975,2782.8421,648.1586
11976,2786.8562,854.74
11977,2781.8072,878.4812
11978,2788.9879,621.3607
11979,2784.5816,830.0419
11980,2781.6591,688.1315
11981,2784.2856,732.2885
11982,2786.5946,732.2647
11983,2778.0381,816.9734
11984,2786.4989,903.6781
11985,2786.7168,816.0819
11986,2777.3654,737.3622
11987,2788.4849,595.1889
11988,2788.4221,668.1994
11989,2778.5831,810.5664
11990,2781.2068,866.8315
11991,2786.4572,804.6231
11992,2784.4889,822.4072
11993,2783.87,575.8291
11994,2781.1779,666.3968
11995,2787.9146,875.0855
11996,2783.2323,835.6746
11997,2785.8073,618.8542
11998,2783.2307,648.5233
11999,2780.1059,790.1611
12000,2775.2591,760.5819
12001,2783.2242,845.5901
12002,2783.0061,633.9828
12003,2774.7935,604.5664
12004,2783.6166,782.8822
12005,2782.3511,908.5197
12006,2774.6133,694.5699
12007,2774.4148,791.4615
12008,2781.0812,614.0986
12009,2773.655,622.0437
12010,2780.9151,893.2965
12011,2778.2867,758.9853
12012,2775.4207,879.2346
12013,2773.8137,692.2944
12014,2774.1141,712.2041
12015,2781.2235,601.4168
12016,2773.8964,894.5932
12017,2779.0204,860.9802
12018,2785.1238,686.5247
12019,2773.3095,764.6278
12020,2783.4287,772.3499
12021,2773.9505,872.4785
12022,2772.3515,811.7043
12023,2772.639,886.0577
12024,2773.0116,730.9462
12025,2782.9437,636.8709
12026,2783.0617,881.7693
12027,2777.4924,831.512
12028,2776.5399,709.1206
12029,2775.5789,874.8363
12030,2770.2838,744.14
12031,2778.7786,883.0734
12032,2778.0685,802.8454
12033,2779.4419,591.3758
12034,2776.4076,698.2877
12035,2771.5715,830.562
12036,2777.2982,649.3442
12037,2771.5021,734.5188
12038,2779.4286,715.2431
12039,2779.4762,766.6937
12040,2782.5021,851.544
12041,2778.1082,608.9223
12042,2780.8357,741.6519
12043,2776.7268,631.4213
12044,2769.8282,770.9795
12045,2779.7144,760.2247
12046,2769.7793,564.7284
12047,2769.7599,782.0839
12048,2772.5706,870.6849
12049,2772.2894,832.6472
12050,2769.7153,727.6687
12051,2769.714,608.2292
12052,2777.2598,676.6979
12053,2774.0864,867.7797
12054,2768.4968,849.0163
12055,2780.3787,806.034
12056,2775.7496,853.3834
12057,2775.4009,714.4401
12058,2773.4438,864.6616
12059,2773.255,849.5268
12060,2775.3848,797.5081
12061,2774.5899,578.136
12062,2773.1383,813.8594
12063,2776.9526,739.6831
12064,2766.2879,626.8442
12065,2775.1769,834.4823
12066,2770.5498,696.5168
12067,2771.9001,562.9987
12068,2766.099,604.4592
12069,2774.7117,630.1513
12070,2775.5974,819.075
12071,2775.8515,726.1798
12072,2769.2557,792.7805
12073,2774.1752,573.0952
12074,2777.125,718.4313
12075,2778.1613,828.0919
12076,2774.6685,746.7166
12077,2768.4107,611.2988
12078,2775.8065,882.519
12079,2770.6355,841.3936
12080,2770.1677,803.9201
12081,2769.0999,709.1666
12082,2773.0806,868.6921
12083,2771.1434,612.9795
12084,2764.5446,823.6784
12085,2764.8233,896.2751
12086,2772.5176,816.4138
12087,2767.3371,866.9281
12088,2764.3216,891.9525
12089,2770.0692,699.3995
12090,2772.211,806.8962
12091,2771.9854,743.3977
12092,2772.1181,592.9649
12093,2768.866,675.219
12094,2765.4732,569.2789
12095,2765.2652,820.8891
12096,2762.4954,702.5029
12097,2775.2654,768.9368
12098,2775.1875,830.7372
12099,2765.9618,784.5908
12100,2770.706,775.6585
12101,2775.213,821.4989
12102,2767.4684,777.6284
12103,2771.4841,806.3234
12104,2773.9772,678.3886
12105,2766.1924,699.3486
12106,2770.808,655.5533
12107,2769.7766,777.5068
12108,2763.9076,580.7436
12109,2764.1844,891.4278
12110,2772.5667,596.0709
12111,2765.3387,873.9654
12112,2761.9024,566.6579
12113,2760.8201,563.563
12114,2771.9865,634.6499
12115,2764.9272,863.6097
12116,2761.8226,834.0644
12117,2770.4724,708.536
12118,2763.877,876.7297
12119,2772.8705,904.8732
12120,2764.9529,879.2296
12121,2767.075,809.4518
12122,2772.5922,639.0601
12123,2760.8928,649.2589
12124,2772.6779,816.1636
12125,2760.6684,764.5493
12126,2762.9878,866.9013
12127,2767.9694,693.3088
12128,2763.1421,807.8148
12129,2759.5739,579.7803
12130,2771.3461,732.5715
12131,2759.6549,853.8408
12132,2759.2528,893.6476
12133,2768.3709,786.1797
12134,2770.9537,736.6064
12135,2762.3548,600.7242
12136,2770.7794,653.5614
12137,2764.251,739.1554
12138,2770.5224,696.2936
12139,2765.7178,711.9016
12140,2769.2865,718.3787
12141,2770.1511,696.2812
12142,2761.9222,836.7694
12143,2768.9415,671.1826
12144,2768.6883,655.0906
12145,2761.9236,808.2914
12146,2769.3226,893.4581
12147,2757.307,866.1276
12148,2764.2374,810.6773
12149,2761.2399,692.1864
12150,2760.9275,646.4024
12151,2768.3065,596.4646
12152,2769.6052,894.0314
12153,2758.9446,830.3213
12154,2760.6506,751.1605
12155,2758.2745,819.721
12156,2768.4499,737.914
12157,2762.1514,728.6831
12158,2762.9656,821.0975
12159,2756.8101,767.7395
12160,2759.2531,758.9899
12161,2764.2666,653.7884
12162,2768.3266,722.4278
12163,2757.3104,675.1232
12164,2762.9314,816.7023
12165,2757.4331,642.3653
12166,2758.3719,633.2178
12167,2763.799,778.411
12168,2758.3873,885.2474
12169,2767.5064,782.829
12170,2767.8991,868.7829
12171,2768.2942,681.7239
12172,2756.2647,730.4615
12173,2757.3662,772.7538
12174,2758.5679,671.1476
12175,2768.0213,873.1662
12176,2754.7195,791.7818
12177,2756.013,690.6774
12178,2766.2652,739.3055
12179,2767.8949,562.6525
12180,2763.31,860.5106
12181,2758.4293,657.9625
12182,2755.2953,743.5164
12183,2758.6285,905.8705
12184,2755.4465,607.0525
12185,2759.525,609.5526
12186,2760.7489,685.614
12187,2754.831,561.6149
12188,2764.2687,892.3347
12189,2762.5207,800.705
12190,2755.1083,754.4826
12191,2753.9375,648.8788
12192,2753.4055,793.0477
12193,2757.8327,903.8039
12194,2766.2999,889.9899
12195,2759.2176,576.8952
12196,2763.4162,789.5905
12197,2753.8643,884.2569
12198,2762.8757,799.9344
12199,2756.6348,680.6505
12200,2764.9991,700.7067
12201,2755.1676,781.4747
12202,2759.9606,814.2285
12203,2753.2843,834.5577
12204,2756.2044,763.9045
12205,2762.2518,575.3198
12206,2763.398,877.5263
12207,2765.8241,862.136
12208,2752.5262,860.9643
12209,2753.0604,878.4489
12210,2764.5702,851.9255
12211,2756.7994,740.2876
12212,2765.6222,759.1227
12213,2761.7873,750.8422
12214,2754.5192,572.4034
12215,2759.5156,584.1362
12216,2762.9743,873.0712
12217,2763.3823,850.5504
12218,2763.3103,664.0223
12219,2757.1732,756.8505
12220,2755.2151,675.6592
12221,2759.0311,882.9829
12222,2751.9133,635.2414
12223,2753.7313,604.0755
12224,2753.5374,799.6032
12225,2760.7792,736.6048
12226,2763.0826,623.262
12227,2755.2844,566.5266
12228,2756.3221,730.4884
12229,2762.9816,691.5934
12230,2755.4478,605.6115
12231,2759.644,561.1112
12232,2763.2377,659.7846
12233,2764.1284,676.8514
12234,2757.8154,864.8404
12235,2760.5742,798.801
12236,2762.5281,671.2447
12237,2758.4714,777.2617
12238,2752.9295,803.911
12239,2761.1737,611.1407
12240,2754.7629,625.056
12241,2752.5437,572.2023
12242,2758.4226,727.2248
12243,2756.7681,846.4925
12244,2753.2197,807.218
12245,2762.4352,783.1443
12246,2758.1899,677.0287
12247,2763.1623,881.315
12248,2750.8896,734.0982
12249,2762.1836,873.6524
12250,2762.256,711.9939
12251,2749.8856,787.9978
12252,2762.3808,603.3031
12253,2750.2511,850.8707
12254,2759.966,591.1598
12255,2761.92,610.696
12256,2761.0705,806.1498
12257,2757.8954,744.1375
12258,2753.8078,807.4835
12259,2756.6659,649.5278
12260,2751.5171,880.7589
12261,2757.0717,692.8855
12262,2754.5825,649.614
12263,2749.3724,633.5029
12264,2762.3582,886.5511
12265,2756.8099,698.6783
12266,2756.0498,612.081
12267,2755.5167,623.3735
12268,2755.7813,688.706
12269,2759.2274,624.4289
12270,2758.7315,831.7612
12271,2758.1967,724.1971
12272,2752.3702,856.482
12273,2753.0005,670.6831
12274,2758.4943,793.7707
12275,2755.8286,582.423
12276,2760.567,606.4306
12277,2750.0806,693.9668
12278,2760.3972,574.2097
12279,2758.7055,902.5049
12280,2753.6563,647.1302
12281,2751.6115,616.2525
12282,2749.3466,596.9311
12283,2754.3417,709.612
12284,2753.3382,759.6463
12285,2754.0141,665.0086
12286,2755.9712,871.3821
12287,2759.6716,885.3564
12288,2752.5228,798.3764
12289,2748.9253,796.2875
12290,2752.4882,750.5069
12291,2754.6453,882.8015
12292,2759.843,744.8602
12293,2750.1592,811.1677
12294,2750.5085,898.3037
12295,2758.1239,856.3672
12296,2759.2362,834.7666
12297,2750.2162,825.659
12298,2757.1259,843.7996
12299,2760.2249,842.0073
12300,2752.014,689.5164
12301,2748.9159,647.796
12302,2760.0354,786.8877
12303,2749.6358,867.9976
12304,2760.4304,794.8374
12305,2747.3586,870.581
12306,2757.6952,748.4309
12307,2755.8989,722.7206
12308,2759.2551,827.8097
12309,2750.0125,716.981
12310,2753.5065,687.8991
12311,2753.2271,633.5192
12312,2747.4389,714.7305
12313,2748.1174,822.6569
12314,2749.6658,769.8039
12315,2751.5169,806.02
12316,2757.3289,785.2476
12317,2755.5145,700.5776
12318,2760.1232,790.7311
12319,2759.6223,637.5851
12320,2759.3564,873.9755
12321,2760.3613,700.7842
12322,2758.0556,849.3816
12323,2757.8049,905.0871
12324,2755.0559,606.3017
12325,2752.948,786.3527
12326,2751.5122,824.4749
12327,2756.0011,821.3495
12328,2747.0489,711.2127
12329,2757.0161,732.2205
12330,2747.098,578.4913
12331,2755.1828,871.7715
12332,2758.156,813.2954
12333,2747.5142,714.1167
12334,2759.4895,765.4363
12335,2756.4816,736.8853
12336,2748.4344,831.3914
12337,2752.0667,784.2457
12338,2758.7337,565.6751
12339,2755.4495,788.6814
12340,2748.9425,640.7986
12341,2749.0197,568.8435
12342,2757.6223,649.4175
12343,2753.9517,604.7464
12344,2756.4656,816.0358
12345,2757.3028,598.1874
12346,2749.4302,651.7773
12347,2758.8624,613.5776
12348,2746.126,898.1289
12349,2748.0054,597.17
12350,2747.9919,691.7883
12351,2755.7892,682.7489
12352,2756.7511,811.789
12353,2756.7558,791.8987
12354,2759.4131,808.4788
12355,2755.8981,897.229
12356,2753.8629,624.4118
12357,2757.374,624.5307
12358,2758.2623,634.7881
12359,2759.5435,762.5829
12360,2751.0896,776.396
12361,2748.7756,775.8419
12362,2755.6552,731.0999
12363,2749.1861,819.0136
12364,2746.1353,828.5922
12365,2751.1247,846.756
12366,2754.4992,860.6082
12367,2751.123,587.095
12368,2746.3558,817.7378
12369,2749.21,817.2117
12370,2757.5559,763.3902
12371,2756.688,780.2627
12372,2752.2274,714.7662
12373,2753.8404,755.8647
12374,2751.8523,702.0185
12375,2748.9842,830.2616
12376,2748.5194,874.0259
12377,2756.4564,829.0553
12378,2755.7684,752.6765
12379,2757.0246,786.5925
12380,2753.9879,649.8362
12381,2754.2684,792.8991
12382,2753.9902,702.5634
12383,2749.9613,770.0513
12384,2756.3239,889.7563
12385,2747.3627,798.1398
12386,2750.8151,694.0506
12387,2748.5453,804.8868
12388,2756.8734,721.1275
12389,2751.1373,636.7645
12390,2746.0499,653.7585
12391,2759.0111,819.6262
12392,2754.235,842.8804
12393,2752.2704,814.587
12394,2752.6667,742.7121
12395,2746.1336,655.2896
12396,2757.6813,592.5136
12397,2750.2893,819.7216
12398,2745.8566,595.1671
12399,2750.0066,766.8775
12400,2751.9234,698.5056
12401,2757.1618,656.8971
12402,2754.4702,683.0087
12403,2749.2644,822.0324
12404,2748.34,695.5172
12405,2755.9104,567.3943
12406,2746.8194,754.6186
12407,2751.4037,774.9827
12408,2753.9639,900.742
12409,2746.8369,782.1579
12410,2756.6367,569.2177
12411,2753.8291,827.7653
12412,2747.8161,628.6997
12413,2746.5615,676.1564
12414,2753.0146,744.4369
12415,2751.415,606.5723
12416,2754.3823,764.1979
12417,2750.984,854.2255
12418,2756.4565,803.8171
12419,2746.945,705.4658
12420,2756.9635,647.0891
12421,2748.453,874.466
12422,2751.6029,559.6023
12423,2755.2415,854.5535
12424,2757.3181,817.8904
12425,2759.6483,714.9662
12426,2747.4903,878.2249
12427,2758.0088,860.8286
12428,2753.3077,831.6122
12429,2757.7379,801.0813
12430,2755.8195,669.3044
12431,2757.751,686.3955
12432,2759.4524,699.457
12433,2757.2835,825.4148
12434,2752.7044,602.71
12435,2754.8601,718.4312
12436,2759.5486,903.3313
12437,2746.3718,601.2733
12438,2752.5961,848.0515
12439,2746.2772,599.9777
12440,2754.7126,624.1513
12441,2757.4816,815.7329
12442,2753.1319,777.0243
12443,2756.8198,809.0761
12444,2758.8516,605.5637
12445,2756.1385,751.9908
12446,2747.9418,871.5424
12447,2757.9136,651.0543
12448,2752.0833,898.9883
12449,2757.5079,622.4211
12450,2757.2529,791.0576
12451,2758.4518,666.2763
12452,2752.4418,596.1144
12453,2756.4298,604.9215
12454,2759.8237,814.8738
12455,2759.5455,629.7613
12456,2753.6461,771.4448
12457,2759.9804,889.7086
12458,2750.8388,598.9258
12459,2750.2099,665.6798
12460,2754.3251,866.914
12461,2750.4108,661.1167
12462,2757.8247,596.0709
12463,2757.9568,748.914
12464,2756.0909,876.3611
12465,2750.3634,816.057
12466,2753.9341,795.5087
12467,2751.7881,756.1574
12468,2754.9559,822.8729
12469,2760.3099,655.7403
12470,2750.1542,678.9114
12471,2752.3348,741.8111
12472,2752.7612,774.0288
12473,2754.4776,575.8274
12474,2753.874,754.3522
12475,2759.1721,788.8401
12476,2751.1697,889.7762
12477,2754.5515,819.0337
12478,2749.8519,880.4633
12479,2748.4241,899.7849
12480,2758.4243,730.2918
12481,2758.881,652.7915
12482,2756.0747,763.9396
12483,2750.1044,884.7321
12484,2760.2477,777.8954
12485,2749.5957,741.0768
12486,2752.4243,564.4498
12487,2759.3278,840.9483
12488,2758.6769,894.8272
12489,2752.8277,877.4752
12490,2753.13,656.7199
12491,2755.4392,840.2926
12492,2755.2192,734.0879
12493,2750.076,902.6263
12494,2761.1775,698.5613
12495,2758.0131,803.2805
12496,2752.6076,825.1673
12497,2759.2733,867.5161
12498,2755.6742,722.306
12499,2755.3466,711.8915
12500,2753.9174,795.7477
12501,2756.6647,703.8776
12502,2750.2251,795.5103
12503,2761.6421,880.4508
12504,2758.0496,845.9202
12505,2756.5085,809.7211
12506,2755.6243,564.0386
12507,2754.9709,647.4147
12508,2751.3298,727.8104
12509,2750.7963,586.1727
12510,2759.6247,872.1752
12511,2748.7964,712.5225
12512,2755.6387,741.7017
12513,2757.4062,629.1601
12514,2755.0204,819.2215
12515,2754.6251,847.2281
12516,2754.2222,889.2465
12517,2751.8637,785.732
12518,2749.589,629.4055
12519,2758.0658,766.4907
12520,2754.001,586.9878
12521,2761.4503,585.7246
12522,2756.9479,749.124
12523,2756.4371,862.5516
12524,2757.8305,747.39
12525,2752.297,665.3195
12526,2757.0688,670.7039
12527,2757.9639,879.3182
12528,2760.0886,810.7631
12529,2750.0217,848.9095
12530,2756.0724,831.7135
12531,2761.0598,776.1531
12532,2756.546,856.1741
12533,2763.0531,688.0115
12534,2755.0146,890.5448
12535,2754.5011,837.4928
12536,2752.797,840.2799
12537,2757.5148,893.7729
12538,2759.1951,686.1281
12539,2761.4259,881.5513
12540,2755.0024,626.8193
12541,2758.1209,901.2034
12542,2751.6793,811.6001
12543,2757.8937,820.0794
12544,2759.9375,718.3986
12545,2757.8616,656.6163
12546,2751.0359,657.6208
12547,2761.3386,709.3298
12548,2755.0461,879.4066
12549,2763.5621,584.04
12550,2755.2118,747.0194
12551,2756.6769,755.3147
12552,2762.1568,842.4366
12553,2764.7175,708.6194
12554,2751.4333,811.7162
12555,2758.1902,889.4447
12556,2763.0318,818.5807
12557,2756.547,628.6725
12558,2759.6838,790.0916
12559,2759.329,584.1187
12560,2758.2393,718.3159
12561,2763.928,798.7488
12562,2753.0168,724.3188
12563,2752.6537,785.3133
12564,2759.3053,751.5466
12565,2760.9232,563.799
12566,2763.1771,860.3236
12567,2762.4146,907.7014
12568,2758.2775,891.2865
12569,2758.5304,681.9532
12570,2753.3186,667.1148
12571,2764.5334,647.002
12572,2765.7039,700.8777
12573,2753.3642,761.2306
12574,2764.053,643.2829
12575,2755.5639,566.3701
12576,2761.838,613.7946
12577,2758.6415,884.7096
12578,2762.6188,805.8242
12579,2761.5221,594.1108
12580,2757.3286,801.8211
12581,2754.2204,609.8912
12582,2756.0494,674.2735
12583,2757.1085,604.6188
12584,2754.3748,761.3729
12585,2757.7373,677.5764
12586,2762.5611,844.9554
12587,2761.1896,617.6065
12588,2761.6401,756.7738
12589,2761.5711,792.5755
12590,2762.5901,690.1469
12591,2767.8316,864.6826
12592,2756.078,693.9589
12593,2755.357,755.1561
12594,2759.4808,573.8542
12595,2756.5438,893.5483
12596,2763.771,765.8555
12597,2761.9855,841.2626
12598,2758.4426,628.7267
12599,2758.317,614.7451
12600,2767.9391,611.8004
12601,2758.4788,887.9103
12602,2759.0421,681.3761
12603,2760.5514,891.2336
12604,2761.201,759.1701
12605,2768.7738,705.6159
12606,2759.0672,711.2081
12607,2764.7692,904.625
12608,2764.8121,739.7901
12609,2762.0521,890.7412
12610,2765.5084,618.9327
12611,2764.5363,611.4961
12612,2759.6511,712.6152
12613,2762.0834,906.9757
12614,2756.5381,646.4071
12615,2770.0211,806.737
12616,2763.6334,889.6392
12617,2762.5626,761.9643
12618,2759.5334,788.4172
12619,2764.8651,873.0259
12620,2763.1505,585.4361
12621,2760.299,772.3039
12622,2762.4563,860.2483
12623,2765.9958,822.474
12624,2758.7896,705.2026
12625,2768.7887,764.2132
12626,2759.9214,704.0931
12627,2758.2578,875.4874
12628,2770.0311,885.9273
12629,2763.0551,660.6627
12630,2761.4718,857.8101
12631,2759.3533,561.2962
12632,2765.5551,574.3941
12633,2761.3865,764.3181
12634,2762.4451,737.1054
12635,2765.0004,816.6414
12636,2765.5821,643.8864
12637,2759.1569,865.0226
12638,2764.6303,666.0058
12639,2762.8133,564.1147
12640,2765.4947,881.1148
12641,2770.4399,759.6004
12642,2771.999,634.9321
12643,2765.1838,852.6383
12644,2768.8658,859.3953
12645,2766.9738,806.2236
12646,2770.148,881.225
12647,2767.9357,802.9404
12648,2767.6318,842.3441
12649,2763.2589,660.0364
12650,2770.3987,703.9404
12651,2769.5823,678.3072
12652,2771.0789,745.9031
12653,2771.5278,790.4927
12654,2767.9499,863.2411
12655,2761.5959,644.0795
12656,2766.173,566.0771
12657,2766.4415,645.9462
12658,2762.2617,705.3654
12659,2771.0907,749.6112
12660,2769.5105,595.4823
12661,2766.8353,638.8495
12662,2766.2754,825.2113
12663,2769.7911,668.3253
12664,2769.9403,692.3727
12665,2766.4516,888.509
12666,2771.9645,755.6792
12667,2772.7849,842.3677
12668,2762.963,895.9372
12669,2774.6876,864.305
12670,2769.1589,778.6816
12671,2767.6559,809.9481
12672,2775.2465,698.1224
12673,2770.949,910.6101
12674,2768.2725,576.4367
12675,2765.1772,884.9098
12676,2773.5158,885.9472
12677,2765.9953,633.3291
12678,2772.0025,840.9557
12679,2766.2763,843.3896
12680,2776.2258,801.2034
12681,2765.4104,718.1449
12682,2774.7947,739.3099
12683,2764.3464,646.0231
12684,2773.3383,738.7311
12685,2772.3486,848.7772
12686,2775.7641,837.8223
12687,2767.401,901.3091
12688,2778.0902,769.1212
12689,2773.2257,688.9551
12690,2766.1332,715.551
12691,2768.3506,731.9404
12692,2776.9675,613.1478
12693,2770.9264,629.8026
12694,2777.8773,742.508
12695,2773.4588,632.5023
12696,2769.9262,682.9511
12697,2772.6544,807.77
12698,2775.7514,706.1361
12699,2778.5203,755.3276
12700,2778.1855,713.6713
12701,2778.8526,630.8508
12702,2770.8218,597.0029
12703,2776.9401,649.2103
12704,2778.515,755.5461
12705,2777.0669,680.8966
12706,2768.4821,773.8389
12707,2770.7673,683.6782
12708,2775.0445,756.2234
12709,2768.324,893.195
12710,2767.8567,769.1985
12711,2781.4927,909.2904
12712,2780.3039,725.9899
12713,2781.0289,713.709
12714,2770.137,600.2104
12715,2774.1465,829.5414
12716,2770.4147,626.7218
12717,2774.3521,799.7775
12718,2781.6361,855.9497
12719,2774.0972,648.9389
12720,2780.0257,801.1746
12721,2773.6129,752.866
12722,2775.0533,651.067
12723,2782.6298,661.2729
12724,2774.053,687.914
12725,2781.8363,878.9232
12726,2776.7181,846.1013
12727,2774.7364,843.8846
12728,2771.8128,791.7574
12729,2770.5975,834.7377
12730,2783.928,786.5235
12731,2771.8367,567.5243
12732,2781.8882,899.7572
12733,2780.8062,790.6118
12734,2772.3205,678.8751
12735,2782.2932,709.6688
12736,2779.3373,853.7324
12737,2775.3919,835.1237
12738,2773.4676,696.0824
12739,2772.3857,722.5328
12740,2781.6154,805.28
12741,2778.2413,859.9105
12742,2773.7162,730.4551
12743,2776.1058,744.6085
12744,2784.3853,902.9497
12745,2777.7904,844.0355
12746,2784.7546,659.5555
12747,2786.2903,881.4776
12748,2779.5659,680.4235
12749,2777.2507,712.3472
12750,2782.1756,886.2993
12751,2782.107,573.9834
12752,2781.1247,715.7947
12753,2786.1334,652.859
12754,2778.0237,874.1648
12755,2782.6712,880.8322
12756,2785.4163,787.459
12757,2781.4989,884.9791
12758,2779.3089,584.0071
12759,2784.3061,818.0963
12760,2778.8181,627.3247
12761,2788.3516,875.6196
12762,2782.3616,625.8455
12763,2786.7472,768.4392
12764,2780.2463,659.4678
12765,2788.2668,779.3915
12766,2782.1117,756.6354
12767,2784.3847,613.456
12768,2784.7611,850.4916
12769,2787.5443,828.2877
12770,2777.2164,639.7859
12771,2785.1339,885.6538
12772,2779.4159,905.3633
12773,2786.1453,863.5498
12774,2779.3054,848.4524
12775,2783.8374,815.0883
12776,2778.8601,892.4935
12777,2779.0818,704.2725
12778,2785.2715,894.136
12779,2778.8044,726.2493
12780,2787.8973,574.8686
12781,2779.3791,784.679
12782,2792.0652,806.3171
12783,2783.2414,681.1905
12784,2789.9342,654.7261
12785,2786.3914,571.105
12786,2784.4562,740.3629
12787,2788.483,617.6692
12788,2790.4348,633.4719
12789,2787.9704,910.3021
12790,2792.5923,781.191
12791,2789.6111,733.2959
12792,2787.945,576.4577
12793,2783.42,776.4037
12794,2789.7129,887.6382
12795,2793.823,881.54
12796,2782.9138,724.2653
12797,2785.3162,717.4554
12798,2794.4914,800.5245
12799,2789.719,622.0219
12800,2789.3097,910.4877
12801,2790.1146,770.2774
12802,2790.1615,638.6682
12803,2794.4475,724.9583
12804,2788.1938,777.0745
12805,2782.6677,702.7585
12806,2784.5303,650.9217
12807,2789.6642,663.4073
12808,2790.7115,639.5274
12809,2792.4625,698.3064
12810,2795.7865,589.9566
12811,2786.2681,707.4804
12812,2796.2637,752.3578
12813,2786.3328,891.4659
12814,2788.859,638.6676
12815,2794.978,632.4251
12816,2793.3499,908.0055
12817,2785.0063,751.9309
12818,2794.2615,840.4199
12819,2791.8112,866.2553
12820,2788.7449,754.0901
12821,2794.7471,868.2345
12822,2788.975,788.1731
12823,2798.2339,764.7823
12824,2798.5105,731.6754
12825,2789.1174,881.0526
12826,2794.4966,853.6846
12827,2795.8587,774.193
12828,2795.4659,759.7477
12829,2797.4798,571.7491
12830,2792.0222,882.7929
12831,2790.114,639.9062
12832,2796.3954,739.3768
12833,2792.2217,891.9218
12834,2794.5218,811.6405
12835,2788.9433,629.5272
12836,2787.9718,872.2355
12837,2796.637,755.4666
12838,2790.9876,758.7423
12839,2790.4819,785.7058
12840,2800.7881,685.7548
12841,2795.1849,817.0409
12842,2795.8205,841.4291
12843,2798.0022,655.9161
12844,2801.4984,765.1619
12845,2795.0889,794.2076
12846,2796.539,568.1653
12847,2802.6698,842.7581
12848,2792.2048,756.7285
12849,2793.2018,865.5783
12850,2793.6723,821.4195
12851,2801.3081,828.9442
12852,2803.7266,901.4089
12853,2796.8888,667.5101
12854,2796.8812,788.8658
12855,2803.9619,697.201
12856,2793.5405,651.2572
12857,2797.6232,860.8244
12858,2795.8787,637.1741
12859,2796.7623,862.8768
12860,2797.8273,623.1188
12861,2802.0938,693.6199
12862,2793.5567,576.9
12863,2799.5597,608.1901
12864,2797.2111,707.4168
12865,2794.619,832.9126
12866,2794.2674,668.7649
12867,2803.5381,753.8331
12868,2793.692,661.8041
12869,2804.3501,793.5475
12870,2802.463,892.6406
12871,2805.1799,840.1048
12872,2802.2902,900.0702
12873,2795.3441,605.5652
12874,2796.6657,663.5938
12875,2799.1829,897.8236
12876,2798.6569,799.3203
12877,2803.1978,580.1096
12878,2808.4549,751.4091
12879,2800.0199,658.8345
12880,2802.2167,728.8466
12881,2798.2725,917.1693
12882,2807.2967,781.6018
12883,2804.0923,917.3323
12884,2800.5809,770.4529
12885,2808.8419,745.5803
12886,2799.5298,750.3691
12887,2799.6026,595.8006
12888,2799.2548,597.8175
12889,2810.676,636.1055
12890,2807.3702,916.6946
12891,2803.4387,867.5499
12892,2810.2615,854.9388
12893,2810.3019,783.3079
12894,2810.3809,571.3994
12895,2800.3178,783.3726
12896,2808.3767,737.7382
12897,2804.7912,635.6423
12898,2801.5578,883.069
12899,2799.3673,826.8108
12900,2804.4269,673.4436
12901,2811.5444,608.2432
12902,2806.8967,619.085
12903,2811.7245,669.0463
12904,2802.5945,745.943
12905,2806.6641,820.0985
12906,2806.2646,693.6526
12907,2802.1963,784.5611
12908,2801.089,627.2889
12909,2811.0205,664.4413
12910,2802.7548,629.0518
12911,2805.0829,640.8195
12912,2813.4549,704.7483
12913,2810.8602,881.0343
12914,2814.2693,875.8178
12915,2806.3711,628.3772
12916,2815.8215,737.2011
12917,2806.7575,798.4372
12918,2816.0464,616.2819
12919,2810.2225,572.8674
12920,2806.9921,814.372
12921,2807.6943,616.177
12922,2805.1711,623.8751
12923,2812.9091,668.2517
12924,2813.6343,801.7634
12925,2803.9866,748.7596
12926,2807.3462,741.1673
12927,2815.1599,657.4197
12928,2805.588,886.9897
12929,2810.5932,607.4039
12930,2809.3348,872.7798
12931,2810.9714,898.7342
12932,2807.528,657.3451
12933,2807.4274,714.3503
12934,2811.5256,661.5754
12935,2817.0951,797.0614
12936,2817.4793,780.4655
12937,2807.3824,774.2395
12938,2809.4239,707.4515
12939,2814.2118,837.3257
12940,2807.116,740.0323
12941,2812.3843,601.8684
12942,2818.8831,872.8935
12943,2810.5439,682.2619
12944,2820.7094,896.768
12945,2816.244,729.1043
12946,2818.0401,848.0486
12947,2815.2234,839.6126
12948,2813.0101,921.4304
12949,2809.1234,577.3523
12950,2818.6287,581.2715
12951,2810.3074,898.6643
12952,2813.9927,900.9557
12953,2812.2249,857.1399
12954,2817.0605,843.2722
12955,2817.2889,793.5442
12956,2813.0149,667.9182
12957,2821.8719,770.8735
12958,2821.0232,616.3063
12959,2819.105,774.4254
12960,2810.9262,748.491
12961,2815.5504,839.109
12962,2811.1012,799.462
12963,2822.2281,876.4574
12964,2820.3159,762.1171
12965,2816.2653,784.3625
12966,2821.9244,757.6474
12967,2813.235,893.0545
12968,2824.375,724.8735
12969,2819.7058,885.0868
12970,2814.0507,592.4326
12971,2823.8913,833.7374
12972,2826.367,728.4254
12973,2821.6393,799.0842
12974,2822.1019,644.3402
12975,2823.8891,718.3315
12976,2815.9997,816.5491
12977,2817.9141,898.4485
12978,2815.7848,921.2946
12979,2818.2752,897.0148
12980,2822.6031,731.4042
12981,2820.322,719.1988
12982,2825.9947,826.5503
12983,2820.0123,661.5104
12984,2824.3987,842.1178
12985,2820.6107,879.6775
12986,2821.8406,583.8744
12987,2815.7952,851.9029
12988,2825.2079,764.9129
12989,2829.817,878.8537
12990,2818.7143,748.038
12991,2829.7765,761.9866
12992,2820.1638,912.3239
12993,2824.4558,903.3501
12994,2827.8172,830.8381
12995,2817.5213,892.4073
12996,2831.158,728.7684
12997,2822.9186,685.1088
12998,2823,875.3065
12999,2824.8393,758.1443
13000,2830.0638,781.1215
13001,2832.0037,723.5919
13002,2831.8446,698.2489
13003,2828.8532,803.2151
13004,2831.4084,767.9147
13005,2824.4067,852.3759
13006,2822.8537,662.2414
13007,2824.5503,589.0674
13008,2824.5836,712.7224
13009,2829.2523,649.9717
13010,2830.3031,688.1559
13011,2823.5354,915.8679
13012,2828.7575,848.8862
13013,2831.0383,859.165
13014,2829.4333,621.5486
13015,2829.4483,827.1634
13016,2823.4523,729.0575
13017,2831.2517,589.8577
13018,2824.2472,901.8444
13019,2829.0415,633.2701
13020,2827.1198,906.0577
13021,2825.6306,852.8676
13022,2834.5054,837.9293
13023,2827.4447,902.1455
13024,2836.1074,891.2007
13025,2835.0628,877.0489
13026,2824.5872,905.7755
13027,2827.0172,848.0231
13028,2830.6756,859.6431
13029,2833.456,697.8381
13030,2824.0889,721.1751
13031,2837.0449,667.5987
13032,2838.1227,821.2348
13033,2833.7364,665.3843
13034,2837.8952,873.7201
13035,2834.4689,607.6152
13036,2835.1837,911.5659
13037,2828.4639,696.7082
13038,2835.7686,815.7309
13039,2839.2079,622.891
13040,2826.8284,710.9574
13041,2833.788,734.8888
13042,2835.9843,768.0444
13043,2832.1977,764.9194
13044,2836.8903,764.933
13045,2836.1763,922.7984
13046,2831.0401,769.266
13047,2835.3262,663.9511
13048,2829.651,833.3132
13049,2834.2995,604.3458
13050,2835.1966,854.7423
13051,2833.6657,890.5941
13052,2837.2986,859.9336
13053,2841.5892,597.2853
13054,2833.8599,837.9009
13055,2834.6966,913.1485
13056,2835.582,637.4806
13057,2839.799,738.1203
13058,2843.4051,787.3333
13059,2838.7407,710.3697
13060,2843.9027,618.2979
13061,2832.0425,722.9558
13062,2835.8951,597.1303
13063,2831.3274,602.6351
13064,2835.1331,767.3936
13065,2832.4015,670.3295
13066,2838.3862,697.3396
13067,2843.3903,786.5637
13068,2835.7129,922.419
13069,2831.5679,705.8775
13070,2836.1082,738.7745
13071,2840.5125,627.0167
13072,2832.799,778.7981
13073,2838.9578,679.9242
13074,2839.2563,912.8004
13075,2836.4324,614.9992
13076,2835.0782,783.9243
13077,2844.2866,626.1846
13078,2843.6154,733.6052
13079,2842.1772,914.5789
13080,2841.0896,639.9494
13081,2838.2907,797.6317
13082,2848.2219,893.8177
13083,2838.9811,762.4799
13084,2847.9855,842.3089
13085,2837.9659,579.6315
13086,2844.7612,793.2239
13087,2846.4496,659.1094
13088,2839.3241,695.1242
13089,2845.654,649.3535
13090,2848.1397,800.7053
13091,2846.8356,874.5483
13092,2840.4697,925.4192
13093,2848.8859,731.9106
13094,2839.7996,869.5757
13095,2839.9697,843.8764
13096,2850.9172,754.0438
13097,2840.7932,887.2591
13098,2851.0445,692.6023
13099,2839.3426,612.1324
13100,2848.7086,775.959
13101,2845.2076,930.9945
13102,2841.5563,602.3781
13103,2842.3301,721.3445
13104,2841.3982,711.7098
13105,2852.5648,779.3135
13106,2844.8956,684.4636
13107,2850.1269,673.2342
13108,2841.2462,594.205
13109,2846.0291,741.6539
13110,2852.4402,728.4651
13111,2839.6339,910.7074
13112,2850.4239,830.5339
13113,2845.5847,638.4648
13114,2841.7467,661.8572
13115,2843.5778,642.8517
13116,2847.3433,645.6877
13117,2848.8796,772.93
13118,2854.0511,810.2808
13119,2842.0539,809.1027
13120,2844.8924,863.7478
13121,2854.4785,925.1636
13122,2853.3234,626.7141
13123,2845.755,613.9959
13124,2852.9632,876.4147
13125,2856.024,700.7846
13126,2854.5664,599.3404
13127,2845.0254,877.0594
13128,2850.9506,662.0792
13129,2847.4352,799.0856
13130,2850.0195,598.6484
13131,2852.8884,746.5603
13132,2851.8548,776.6514
13133,2850.7192,877.2928
13134,2848.3364,766.4244
13135,2851.9097,728.0935
13136,2855.3625,779.4838
13137,2853.4969,788.1229
13138,2849.6582,845.2886
13139,2856.0858,757.3174
13140,2846.8842,648.2413
13141,2851.898,930.1752
13142,2845.5238,616.3059
13143,2851.9353,881.8418
13144,2848.1268,631.4506
13145,2849.1878,850.9286
13146,2859.2711,902.662
13147,2857.6148,883.2569
13148,2857.1501,687.8063
13149,2847.758,732.7504
13150,2852.2516,927.0322
13151,2849.1718,672.3158
13152,2857.7766,824.8557
13153,2858.547,740.6125
13154,2859.8974,625.8917
13155,2855.9298,909.8951
13156,2861.7198,623.0157
13157,2855.4815,736.0201
13158,2854.607,658.6991
13159,2855.7007,792.2839
13160,2857.8361,720.2465
13161,2853.2694,871.1975
13162,2861.3199,792.0387
13163,2852.3833,670.2111
13164,2857.387,838.9728
13165,2853.1901,911.8462
13166,2861.062,854.9531
13167,2850.8375,585.3689
13168,2859.7633,730.7038
13169,2855.6846,815.9325
13170,2854.5251,589.0031
13171,2855.2263,871.8678
13172,2860.0433,659.7674
13173,2861.1361,670.2366
13174,2859.6875,857.2524
13175,2854.9645,928.0049
13176,2852.5596,763.74
13177,2854.3245,871.7919
13178,2855.1338,791.6308
13179,2864.3771,866.2525
13180,2858.7538,837.0508
13181,2856.9215,649.4829
13182,2855.3925,890.241
13183,2864.9963,849.5902
13184,2861.1961,910.5895
13185,2853.5244,885.7344
13186,2861.3986,811.0516
13187,2866.569,882.463
13188,2866.9571,743.1185
13189,2857.8452,788.8697
13190,2867.251,906.9192
13191,2861.6685,779.0198
13192,2866.5485,787.0488
13193,2862.0234,795.3827
13194,2860.7616,634.1928
13195,2856.7943,657.6427
13196,2866.8826,611.2333
13197,2856.9339,852.9088
13198,2864.6167,872.9257
13199,2867.4218,810.0079
13200,2870.0158,757.0874
13201,2868.2095,700.6064
13202,2862.505,612.2496
13203,2861.8795,796.2294
13204,2868.3233,781.8607
13205,2870.376,660.5713
13206,2869.74,777.7164
13207,2860.3424,925.9456
13208,2871.6078,813.6261
13209,2864.2357,939.991
13210,2865.1687,852.0837
13211,2870.2766,753.1675
13212,2864.2955,749.9163
13213,2862.3883,917.2408
13214,2871.7674,707.158
13215,2871.5749,905.873
13216,2869.1435,885.6668
13217,2861.0771,634.716
13218,2870.4516,759.7918
13219,2868.205,672.149
13220,2866.8961,752.536
13221,2860.8426,716.8113
13222,2860.547,744.0038
13223,2870.6817,637.0735
13224,2869.7501,625.2664
13225,2866.5506,709.8203
13226,2869.1728,737.3808
13227,2875.0631,895.8189
13228,2863.4923,879.1952
13229,2863.3283,844.8666
13230,2869.1524,639.2193
13231,2864.1235,686.0162
13232,2875.6707,675.877
13233,2867.0622,650.27
13234,2873.8556,797.9429
13235,2875.4876,931.1219
13236,2868.7362,626.5442
13237,2871.1742,844.5768
13238,2872.998,941.8457
13239,2869.351,732.8866
13240,2869.9925,744.6212
13241,2876.365,820.9334
13242,2875.7701,673.0462
13243,2869.6734,926.4153
13244,2874.6249,616.3841
13245,2869.1832,645.6076
13246,2877.0734,832.2548
13247,2869.4055,626.3702
13248,2869.1836,899.8247
13249,2870.2762,752.9993
13250,2870.8018,624.6851
13251,2873.984,638.3331
13252,2877.3696,919.8629
13253,2879.4794,894.9997
13254,2870.3208,940.0985
13255,2869.4372,612.0519
13256,2871.7089,816.4301
13257,2873.4421,729.6274
13258,2870.4558,710.7026
13259,2869.5003,829.8241
13260,2870.7728,650.4545
13261,2877.9484,859.3369
13262,2869.9304,918.3522
13263,2876.7247,845.8586
13264,2878.0607,923.9538
13265,2875.7593,671.736
13266,2868.5866,832.5376
13267,2880.6678,906.1028
13268,2875.7148,755.1123
13269,2872.369,893.7958
13270,2873.4068,882.9735
13271,2878.6098,853.6267
13272,2872.6219,786.6538
13273,2873.4498,780.4646
13274,2877.1597,815.6268
13275,2875.2442,812.8719
13276,2870.4854,836.6225
13277,2879.7728,651.5402
13278,2876.7633,723.9483
13279,2878.3749,644.8009
13280,2870.9763,626.6435
13281,2870.0054,603.621
13282,2870.7192,841.6971
13283,2880.5196,785.0467
13284,2870.7825,781.4556
13285,2880.4538,699.2924
13286,2882.0077,854.0959
13287,2875.4947,846.1874
13288,2881.8687,596.3922
13289,2879.0678,833.0115
13290,2877.9869,690.301
13291,2878.3018,797.4265
13292,2877.2967,714.6225
13293,2873.2522,686.8909
13294,2873.4862,601.0091
13295,2886.2599,944.2712
13296,2883.4388,698.8796
13297,2884.01,648.5964
13298,2877.4149,762.6112
13299,2883.2752,702.9745
13300,2880.5841,749.5746
13301,2878.0633,767.4852
13302,2883.5217,734.6528
13303,2885.1033,784.6129
13304,2879.8365,603.731
13305,2877.0136,676.9032
13306,2882.1892,920.4258
13307,2886.485,825.9653
13308,2884.0933,605.3807
13309,2884.1823,928.9573
13310,2886.4293,733.7753
13311,2886.2006,837.1594
13312,2876.5723,607.1594
13313,2882.4557,734.985
13314,2887.7153,753.382
13315,2876.1104,870.314
13316,2878.6045,606.8727
13317,2883.6503,947.3439
13318,2886.796,696.6624
13319,2882.2301,929.0871
13320,2878.798,791.3788
13321,2889.5675,630.0505
13322,2889.3357,706.0897
13323,2885.2675,765.0615
13324,2877.6881,589.6886
13325,2888.5382,709.4758
13326,2880.0655,907.497
13327,2885.3213,654.498
13328,2880.5508,688.3604
13329,2890.1228,844.8862
13330,2881.583,692.0554
13331,2884.962,656.8977
13332,2888.0665,808.9904
13333,2884.7535,835.9941
13334,2884.5603,832.0049
13335,2883.6942,756.5543
13336,2879.3361,652.078
13337,2885.3245,640.1802
13338,2880.4958,784.9602
13339,2892.432,911.3426
13340,2889.9528,822.6511
13341,2879.9762,889.6752
13342,2887.7398,853.336
13343,2884.8357,815.327
13344,2881.6994,765.8165
13345,2892.8214,600.1031
13346,2888.5834,852.7695
13347,2880.7156,756.606
13348,2894.4048,929.6271
13349,2881.8199,854.503
13350,2885.3683,944.7907
13351,2891.9867,773.5517
13352,2894.6192,739.2444
13353,2881.1207,877.3021
13354,2891.3211,914.0598
13355,2881.6947,895.1227
13356,2886.165,639.4098
13357,2889.9075,833.0763
13358,2890.2518,923.4765
13359,2894.3499,603.4583
13360,2884.2433,853.0393
13361,2883.1667,946.284
13362,2883.9952,591.0962
13363,2894.7607,670.5287
13364,2890.0632,726.4518
13365,2884.0229,858.8212
13366,2885.1091,912.9915
13367,2892.0768,755.5299
13368,2895.7242,670.6149
13369,2883.2801,648.9711
13370,2884.785,586.7518
13371,2884.7332,814.8198
13372,2886.0909,792.1086
13373,2897.8275,648.9626
13374,2896.4533,644.205
13375,2892.4961,636.0186
13376,2889.5847,747.6824
13377,2884.977,625.6186
13378,2886.3092,888.1794
13379,2887.8389,840.785
13380,2889.2989,887.1075
13381,2890.4295,684.8056
13382,2887.8001,702.0849
13383,2887.9392,725.8057
13384,2889.6012,930.6339
13385,2893.59,799.0639
13386,2893.091,922.5967
13387,2899.6304,906.9845
13388,2888.0106,832.5922
13389,2888.2551,679.932
13390,2897.8091,695.3932
13391,2887.2334,838.7799
13392,2894.108,912.0934
13393,2889.5137,827.5195
13394,2891.0697,795.3155
13395,2891.4741,801.3685
13396,2891.1253,613.1056
13397,2900.3911,751.6162
13398,2893.5771,840.1454
13399,2900.6536,804.8212
13400,2888.2994,885.8054
13401,2892.585,617.5588
13402,2894.9392,718.6056
13403,2899.5587,603.5163
13404,2889.9965,642.835
13405,2890.113,785.7362
13406,2897.0482,647.5749
13407,2893.8856,694.3253
13408,2899.5066,800.2445
13409,2901.4746,775.5793
13410,2899.6484,827.5627
13411,2900.3594,691.7127
13412,2900.1848,945.9489
13413,2895.9566,836.3864
13414,2897.2883,594.4723
13415,2891.5081,627.7227
13416,2897.3916,867.2413
13417,2901.8967,898.4119
13418,2889.3843,823.5243
13419,2899.8681,729.0297
13420,2894.2488,946.791
13421,2899.5109,710.8567
13422,2899.9481,863.486
13423,2890.2878,616.2415
13424,2892.8434,873.8499
13425,2897.1819,874.3911
13426,2891.733,721.9412
13427,2898.5995,855.4815
13428,2896.2488,783.0024
13429,2898.4003,644.4125
13430,2897.8116,667.8989
13431,2897.8644,846.1954
13432,2902.2779,756.5963
13433,2898.3854,769.437
13434,2896.0319,900.315
13435,2890.8448,786.1311
13436,2891.7179,757.2167
13437,2901.6511,704.2721
13438,2905.3049,856.4856
13439,2896.5686,669.6979
13440,2900.7521,948.2713
13441,2892.1947,779.7077
13442,2900.6821,840.6375
13443,2892.4849,774.6676
13444,2896.3049,923.427
13445,2897.2358,675.3137
13446,2902.7825,853.4922
13447,2901.5667,811.1508
13448,2894.8624,846.602
13449,2894.6027,842.1171
13450,2894.2368,824.2286
13451,2904.9952,705.2947
13452,2893.8994,840.428
13453,2893.8675,631.5545
13454,2896.4726,944.1005
13455,2898.2111,786.2922
13456,2895.7519,950.662
13457,2897.748,799.7515
13458,2894.7099,682.1763
13459,2895.2647,932.5966
13460,2904.7939,774.4946
13461,2895.0618,654.7011
13462,2893.6254,720.3398
13463,2899.8791,830.0223
13464,2898.2169,943.5253
13465,2894.6677,738.5584
13466,2896.9681,793.3452
13467,2896.4305,858.2406
13468,2895.7005,754.3294
13469,2905.933,889.8601
13470,2902.8566,822.6097
13471,2896.0494,592.0371
13472,2894.6209,667.7234
13473,2900.3895,780.8373
13474,2899.0315,864.2758
13475,2897.185,864.2929
13476,2898.6997,944.3579
13477,2907.7562,736.6121
13478,2906.8455,623.1347
13479,2898.2303,623.4276
13480,2898.3145,817.4415
13481,2902.7118,717.2016
13482,2899.9321,725.9798
13483,2903.7235,827.3436
13484,2900.3954,692.2555
13485,2896.7523,699.6149
13486,2898.3077,708.5904
13487,2896.2476,870.2972
13488,2908.8522,799.6775
13489,2907.3114,593.3897
13490,2902.0582,637.0457
13491,2902.3688,795.1319
13492,2904.3871,593.2092
13493,2909.4546,905.234
13494,2898.5696,930.7356
13495,2901.5969,932.7354
13496,2906.41,595.2839
13497,2906.5963,833.9083
13498,2911.0601,881.3757
13499,2899.4114,908.6408
13500,2909.8351,885.3244
13501,2909.0347,933.3775
13502,2902.4873,830.052
13503,2908.0333,793.9909
13504,2904.154,746.9747
13505,2902.3606,613.9422
13506,2903.403,749.3958
13507,2905.7131,612.1704
13508,2900.3966,849.586
13509,2905.8591,937.7393
13510,2907.1499,773.0216
13511,2899.4378,783.0949
13512,2900.9593,783.8628
13513,2902.8957,841.2034
13514,2905.9175,784.0243
13515,2906.3957,768.6558
13516,2900.2245,740.6348
13517,2898.5303,714.6513
13518,2908.6938,844.2708
13519,2906.0805,837.9252
13520,2899.9093,651.5441
13521,2901.0966,657.4628
13522,2908.7759,785.3932
13523,2911.9315,799.7337
13524,2902.8247,782.955
13525,2911.0205,832.9769
13526,2906.6428,635.116
13527,2901.6655,645.245
13528,2910.5326,876.8748
13529,2908.0265,607.3104
13530,2901.5261,894.287
13531,2910.9078,702.8637
13532,2908.8811,735.2737
13533,2908.7987,818.7161
13534,2904.3997,716.4831
13535,2901.7401,905.5186
13536,2912.5611,920.8565
13537,2904.0116,620.2008
13538,2910.2049,753.4148
13539,2901.9367,749.3285
13540,2904.3114,680.0079
13541,2906.6426,615.4365
13542,2908.2459,850.1614
13543,2905.795,763.8413
13544,2907.1614,693.7908
13545,2910.257,852.948
13546,2910.7267,909.7929
13547,2912.7516,771.1618
13548,2905.6936,761.0003
13549,2900.1974,760.8852
13550,2906.2688,949.6068
13551,2910.0738,774.1803
13552,2910.6134,806.8433
13553,2913.9837,843.2677
13554,2913.5231,771.8313
13555,2908.872,868.5335
13556,2905.7088,916.2884
13557,2909.0698,759.8466
13558,2908.1864,823.5838
13559,2909.4648,660.7703
13560,2913.3791,892.0886
13561,2909.8877,604.3778
13562,2907.2372,755.4088
13563,2904.7852,948.9524
13564,2911.657,778.4557
13565,2912.4871,824.5286
13566,2903.5654,888.9916
13567,2901.619,891.9949
13568,2901.9462,591.9225
13569,2910.9347,936.3237
13570,2911.1509,716.3309
13571,2908.2887,725.6861
13572,2904.1204,928.4
13573,2912.7971,940.7612
13574,2901.803,899.0932
13575,2911.9869,675.2289
13576,2905.384,834.3263
13577,2912.2957,605.7864
13578,2910.7821,889.8431
13579,2911.2703,882.8379
13580,2906.3722,594.1056
13581,2901.8825,811.3877
13582,2914.9343,886.2876
13583,2905.235,940.0396
13584,2904.1318,933.3136
13585,2914.7657,927.4199
13586,2910.5565,816.4537
13587,2912.265,732.1166
13588,2912.3222,653.8819
13589,2903.0954,634.7339
13590,2906.071,812.485
13591,2913.2227,909.8199
13592,2904.5888,832.5299
13593,2907.2186,867.8162
13594,2911.8683,669.4739
13595,2903.1874,844.2999
13596,2907.9461,758.0956
13597,2910.2872,778.9927
13598,2906.2054,885.0616
13599,2912.604,840.0201
13600,2903.9157,890.2805
13601,2903.3164,618.0595
13602,2909.5893,668.6902
13603,2913.8824,692.3965
13604,2903.0396,851.8046
13605,2909.3822,836.0001
13606,2909.2047,728.9313
13607,2904.6372,634.2387
13608,2906.3543,828.88
13609,2903.5272,855.2511
13610,2910.5327,759.667
13611,2908.8207,637.8804
13612,2912.0024,934.7285
13613,2905.1067,822.0802
13614,2905.2644,925.3262
13615,2916.0155,892.6254
13616,2903.3334,852.7035
13617,2910.4223,888.5567
13618,2911.9335,801.4005
13619,2911.0392,761.2479
13620,2914.9215,873.4417
13621,2909.5275,785.096
13622,2904.485,864.4957
13623,2914.6529,781.4212
13624,2907.1778,898.9338
13625,2905.9197,891.4243
13626,2916.5031,662.1812
13627,2912.9223,711.2856
13628,2906.1793,697.5282
13629,2913.1348,907.8374
13630,2907.0324,946.0697
13631,2911.8477,908.6958
13632,2916.8762,912.6762
13633,2903.2749,597.1156
13634,2911.0442,911.4037
13635,2911.99,881.2935
13636,2909.9994,765.0856
13637,2903.5008,833.5286
13638,2907.6239,748.0577
13639,2912.7432,629.2595
13640,2903.2239,923.7975
13641,2906.0698,773.1563
13642,2910.6805,671.3516
13643,2910.5198,854.5064
13644,2916.7037,958.4039
13645,2908.1438,715.8336
13646,2916.7561,906.3549
13647,2904.0709,641.5375
13648,2904.1539,712.5214
13649,2914.9556,891.6677
13650,2915.5782,696.6799
13651,2907.553,761.8564
13652,2915.1741,805.1079
13653,2913.2065,791.7649
13654,2906.396,900.6469
13655,2915.6822,853.8076
13656,2908.5462,744.4001
13657,2913.4663,887.7124
13658,2903.8104,699.9187
13659,2907.188,918.5783
13660,2915.5374,632.9364
13661,2907.9962,702.0701
13662,2908.5293,674.2531
13663,2913.9457,774.8724
13664,2916.9479,899.4971
13665,2906.4653,862.3962
13666,2903.2195,913.1018
13667,2905.9902,833.0747
13668,2914.7556,673.9199
13669,2904.0664,664.1941
13670,2913.0792,929.0314
13671,2905.5504,700.2053
13672,2913.5479,850.5095
13673,2911.6084,690.7986
13674,2903.7174,861.2351
13675,2913.4569,632.6703
13676,2912.1094,930.1769
13677,2909.8425,833.6899
13678,2914.4142,600.633
13679,2903.3025,769.3628
13680,2906.2585,931.0827
13681,2914.9433,781.6365
13682,2915.036,903.2346
13683,2917.3104,763.3717
13684,2907.8375,698.6732
13685,2914.1387,842.2473
13686,2909.2895,937.1831
13687,2904.2745,878.9168
13688,2913.5711,836.9395
13689,2907.238,952.6909
13690,2912.7285,879.373
13691,2903.0925,928.1253
13692,2913.3823,740.9909
13693,2907.4861,692.905
13694,2914.2899,818.4335
13695,2910.6354,606.3613
13696,2911.0674,662.3951
13697,2912.1273,803.5555
13698,2906.5147,788.7737
13699,2903.2095,841.0776
13700,2909.7085,933.9661
13701,2904.7614,628.7274
13702,2915.4736,617.1986
13703,2912.8087,909.7917
13704,2911.8325,779.5656
13705,2916.998,729.74
13706,2907.3588,860.0755
13707,2908.9499,849.2378
13708,2911.0013,677.0738
13709,2907.2421,795.0642
13710,2917.1307,709.2302
13711,2910.3077,626.8009
13712,2910.6262,864.0777
13713,2908.1982,923.9912
13714,2912.2491,863.2731
13715,2914.7058,795.6954
13716,2909.8436,800.0827
13717,2916.8679,945.851
13718,2906.5799,895.5627
13719,2912.6811,877.1026
13720,2913.3356,938.3866
13721,2904.5521,911.8214
13722,2916.357,897.8685
13723,2905.151,937.668
13724,2907.9307,877.0596
13725,2909.3581,888.6686
13726,2910.5117,724.4436
13727,2906.1212,652.985
13728,2914.9815,661.5125
13729,2914.4982,846.1266
13730,2913.4929,881.4025
13731,2909.8946,922.1872
13732,2907.7777,892.6897
13733,2913.0297,756.6296
13734,2912.075,644.4316
13735,2912.773,893.6225
13736,2910.2922,862.6789
13737,2907.5913,925.7346
13738,2910.4247,682.9322
13739,2912.2423,940.9988
13740,2905.1296,949.719
13741,2914.127,918.1011
13742,2908.0195,652.423
13743,2909.1531,681.7686
13744,2902.5841,876.1837
13745,2910.5699,908.3822
13746,2914.6865,639.753
13747,2904.2851,688.762
13748,2912.1219,905.4287
13749,2916.9029,890.6038
13750,2914.8886,803.2458
13751,2904.5759,631.2564
13752,2915.4836,698.7484
13753,2909.5135,764.4394
13754,2911.5951,818.9047
13755,2914.9538,619.4475
13756,2907.4013,756.2154
13757,2909.1875,775.6201
13758,2916.8217,695.3646
13759,2912.5569,629.0547
13760,2906.2154,891.2227
13761,2912.0977,923.7984
13762,2904.1064,854.6458
13763,2910.2591,936.8243
13764,2912.6083,745.2956
13765,2911.4888,911.4147
13766,2907.7025,633.541
13767,2906.7959,639.0812
13768,2915.9436,913.166
13769,2903.9268,849.3883
13770,2903.4368,894.1039
13771,2904.7738,943.3932
13772,2908.8675,851.8746
13773,2908.7266,617.8145
13774,2912.2173,674.9587
13775,2907.9739,820.5383
13776,2910.7602,638.9583
13777,2902.331,664.5972
13778,2902.725,777.9086
13779,2913.3468,652.0275
13780,2915.77,843.1177
13781,2904.9424,905.2019
13782,2914.3475,915.0643
13783,2907.6943,863.106
13784,2911.9169,907.6905
13785,2910.4401,713.721
13786,2915.8224,812.0876
13787,2908.4077,763.7539
13788,2906.9409,884.887
13789,2905.7273,804.4225
13790,2903.92,640.6026
13791,2908.1609,663.9309
13792,2906.6617,826.3137
13793,2915.2645,741.5086
13794,2902.8187,756.2413
13795,2902.2889,636.0564
13796,2902.9918,626.336
13797,2910.2865,812.154
13798,2907.5707,758.6793
13799,2906.2925,766.6401
13800,2910.1421,951.9509
13801,2910.9986,744.7738
13802,2904.1716,953.6886
13803,2910.7158,860.9853
13804,2901.1971,594.3311
13805,2912.1742,799.0833
13806,2912.0763,674.6958
13807,2908.1735,953.3047
13808,2909.6441,949.2282
13809,2914.6561,759.4888
13810,2909.3921,701.1213
13811,2906.8917,618.1014
13812,2905.7058,836.6648
13813,2905.7115,592.6802
13814,2904.5711,936.184
13815,2915.2463,657.6421
13816,2904.8004,654.1287
13817,2914.468,719.5704
13818,2910.4608,845.2222
13819,2901.5108,924.5442
13820,2902.2689,717.0819
13821,2911.3944,897.4944
13822,2907.5696,875.6478
13823,2914.6439,797.0076
13824,2901.8771,878.4709
13825,2909.6908,904.8667
13826,2902.3059,753.3901
13827,2903.203,836.6725
13828,2906.7815,846.3326
13829,2913.0948,867.1216
13830,2909.8352,831.5859
13831,2907.2602,699.5858
13832,2906.8004,741.0106
13833,2906.486,920.081
13834,2908.7501,685.747
13835,2902.7631,631.5938
13836,2913.1951,813.4314
13837,2906.6769,831.9689
13838,2914.0728,682.8015
13839,2913.0817,890.4843
13840,2906.9796,880.7526
13841,2911.6796,847.6148
13842,2904.6429,672.9665
13843,2900.125,925.0638
13844,2909.5776,904.9178
13845,2907.9933,686.5161
13846,2905.6515,867.2987
13847,2911.9361,879.4912
13848,2901.4772,796.4324
13849,2906.2247,722.6499
13850,2905.4755,806.6326
13851,2904.5831,684.7424
13852,2913.2009,610.932
13853,2902.6669,761.8966
13854,2900.9441,735.7083
13855,2913.901,787.05
13856,2913.5268,792.1917
13857,2903.8253,725.5819
13858,2904.0647,720.9202
13859,2909.1759,843.7107
13860,2912.9174,950.412
13861,2899.7753,658.6434
13862,2903.4184,923.8528
13863,2910.7009,869.8565
13864,2910.775,613.3794
13865,2911.7523,795.0659
13866,2908.9072,934.5547
13867,2907.9671,813.4332
13868,2901.4015,703.4699
13869,2911.8081,713.1064
13870,2908.6936,778.2441
13871,2902.3081,708.2075
13872,2910.9626,876.7362
13873,2912.368,902.8946
13874,2900.8436,802.9733
13875,2902.7159,693.7328
13876,2901.1366,717.6386
13877,2903.7272,948.3063
13878,2899.9243,588.9545
13879,2902.1049,945.3663
13880,2904.0012,853.3838
13881,2906.2564,603.3838
13882,2903.5796,686.0491
13883,2903.3303,609.39
13884,2912.8864,888.7383
13885,2911.378,781.7212
13886,2901.3241,827.7785
13887,2910.8513,734.2621
13888,2912.1533,728.6409
13889,2898.741,655.319
13890,2910.5072,806.9222
13891,2910.1101,600.1986
13892,2900.7468,673.4242
13893,2899.9975,785.5411
13894,2909.3745,813.5034
13895,2911.6894,689.352
13896,2908.3986,881.2376
13897,2901.3346,625.7514
13898,2909.8895,934.7572
13899,2901.2707,801.0013
13900,2906.0912,700.6743
13901,2907.5483,904.7221
13902,2908.0438,901.0908
13903,2906.0459,936.4074
13904,2909.6287,619.2601
13905,2898.0912,659.4122
13906,2908.9816,641.025
13907,2897.7535,884.9135
13908,2901.5465,792.7217
13909,2909.557,829.2345
13910,2904.9812,867.5119
13911,2911.2956,624.5846
13912,2911.5846,780.5955
13913,2908.2464,929.5844
13914,2901.1249,723.5687
13915,2905.8868,916.2905
13916,2897.4381,869.1758
13917,2907.7543,780.6199
13918,2909.3831,630.8698
13919,2897.2105,854.9648
13920,2904.5201,814.2218
13921,2907.686,771.4011
13922,2908.4776,705.7023
13923,2898.4065,815.2492
13924,2909.0286,677.1814
13925,2902.2529,901.9901
13926,2900.0243,775.0205
13927,2906.3009,701.0473
13928,2902.6172,847.9057
13929,2900.2834,852.25
13930,2911.0907,935.3069
13931,2905.9445,850.3234
13932,2900.3775,763.0317
13933,2905.1712,945.2265
13934,2906.3047,743.0888
13935,2903.9785,802.0975
13936,2900.9944,943.379
13937,2899.4838,653.0948
13938,2902.5547,794.239
13939,2897.9799,695.2575
13940,2904.7049,595.4852
13941,2906.5856,622.2989
13942,2903.3598,773.5225
13943,2907.1917,634.129
13944,2897.496,604.5994
13945,2906.366,953.2372
13946,2899.8796,812.4433
13947,2901.495,710.5753
13948,2906.1173,619.7509
13949,2905.9255,652.4387
13950,2900.3587,629.203
13951,2906.3616,894.0612
13952,2898.3584,614.8388
13953,2898.6013,634.8926
13954,2898.3174,864.6422
13955,2897.5567,807.0366
13956,2899.9212,715.3062
13957,2895.9976,690.4328
13958,2896.3539,715.4638
13959,2906.184,786.6424
13960,2901.3443,854.3656
13961,2895.4831,697.1663
13962,2896.2943,726.9449
13963,2900.2738,692.0629
13964,2898.2185,855.0441
13965,2908.5846,915.5442
13966,2905.3368,807.5177
13967,2896.4169,914.1511
13968,2907.8092,717.2398
13969,2901.8965,729.4737
13970,2901.7277,821.1954
13971,2903.2471,628.3259
13972,2908.1105,925.1571
13973,2898.5953,852.8304
13974,2902.1586,880.6361
13975,2897.2734,701.0237
13976,2896.2473,783.3467
13977,2898.505,766.1765
13978,2897.7235,856.9012
13979,2902.1844,720.3549
13980,2902.3363,906.012
13981,2900.3494,871.2262
13982,2907.5114,740.2525
13983,2895.4939,695.6479
13984,2896.8136,812.0544
13985,2903.5021,918.8006
13986,2898.4128,767.6699
13987,2901.9645,683.9793
13988,2907.2178,761.9214
13989,2908.5104,798.3942
13990,2902.4668,953.3523
13991,2899.8903,934.0501
13992,2896.867,869.1753
13993,2902.8203,675.7595
13994,2907.4382,871.1367
13995,2901.0785,892.522
13996,2904.8471,650.4695
13997,2898.1828,925.9861
13998,2905.9035,899.6964
13999,2895.1752,880.5359
14000,2897.9386,847.4399
14001,2901.0475,828.5694
14002,2898.8623,634.1829
14003,2904.3395,641.9776
14004,2904.6697,891.2982
14005,2897.64,764.6809
14006,2896.3804,714.1395
14007,2902.8419,599.4909
14008,2901.2017,937.9658
14009,2895.7895,675.8739
14010,2906.7506,619.141
14011,2893.8788,710.2666
14012,2896.4112,887.0487
14013,2905.6826,891.5145
14014,2899.6482,818.4813
14015,2904.8097,592.7168
14016,2902.3162,659.9616
14017,2899.6205,888.4481
14018,2900.631,778.6073
14019,2901.2455,876.9782
14020,2900.0791,639.476
14021,2900.3643,893.6056
14022,2894.225,802.696
14023,2904.5464,770.51
14024,2894.914,680.3498
14025,2896.6388,739.2601
14026,2893.4705,825.7283
14027,2897.3844,617.5099
14028,2893.3855,709.9515
14029,2899.4987,638.3006
14030,2903.7609,830.5715
14031,2900.0702,624.8872
14032,2903.3201,822.6836
14033,2903.5368,750.1392
14034,2895.8568,863.2114
14035,2903.058,843.1358
14036,2906.8411,766.9731
14037,2902.4052,926.3153
14038,2900.298,908.0155
14039,2896.0109,740.8072
14040,2905.3372,871.2757
14041,2894.8144,734.8532
14042,2906.3707,928.7776
14043,2901.9977,797.6928
14044,2906.0026,786.6369
14045,2904.1124,822.4546
14046,2906.0245,690.607
14047,2893.2163,665.178
14048,2893.9059,598.1503
14049,2902.994,835.9869
14050,2905.9529,854.7602
14051,2897.3102,894.3727
14052,2893.7999,742.9881
14053,2898.3398,886.5357
14054,2904.6125,641.8893
14055,2904.1793,771.1031
14056,2899.5921,753.0925
14057,2901.7016,589.6235
14058,2902.8735,713.7943
14059,2897.4107,701.9256
14060,2894.9415,870.2742
14061,2903.1296,860.4017
14062,2894.9273,670.3645
14063,2894.5843,872.3477
14064,2898.9436,827.094
14065,2900.5996,795.5001
14066,2897.3987,936.0058
14067,2896.9422,660.3664
14068,2894.3019,710.6751
14069,2905.541,874.5612
14070,2900.3645,892.1213
14071,2901.1129,893.1064
14072,2902.9008,828.6945
14073,2904.1637,722.6076
14074,2898.3248,839.1047
14075,2893.7176,637.4624
14076,2897.7466,597.3966
14077,2904.3852,748.0893
14078,2901.6091,660.5036
14079,2902.805,619.0062
14080,2896.7175,894.1014
14081,2893.7226,733.1459
14082,2904.655,780.8037
14083,2893.7008,708.5643
14084,2894.1367,906.2756
14085,2899.3044,689.8631
14086,2894.6529,688.251
14087,2898.4278,655.0865
14088,2896.6091,876.9191
14089,2898.4447,890.943
14090,2894.8737,661.781
14091,2899.2939,836.3896
14092,2895.4537,875.9385
14093,2899.3955,723.8674
14094,2895.692,925.9734
14095,2899.2891,766.2441
14096,2895.7525,880.8651
14097,2895.7197,642.5502
14098,2892.9835,732.2839
14099,2895.7479,796.3838
14100,2899.9134,782.5607
14101,2903.6121,725.6934
14102,2900.3987,766.7158
14103,2904.7201,789.6295
14104,2895.2942,673.8486
14105,2902.2535,641.6256
14106,2897.7985,905.9099
14107,2897.8077,758.9852
14108,2903.5004,715.4153
14109,2900.7163,630.3574
14110,2898.8877,950.714
14111,2892.2966,948.2077
14112,2893.9077,690.4294
14113,2903.1566,703.5471
14114,2902.5981,836.9497
14115,2902.5083,716.4784
14116,2892.9223,647.0195
14117,2890.8131,804.0789
14118,2897.5959,689.7826
14119,2900.4105,864.2552
14120,2896.486,629.9786
14121,2897.5632,724.5797
14122,2899.8134,913.6446
14123,2892.5714,773.0352
14124,2892.3218,847.6174
14125,2895.5937,840.9706
14126,2903.9364,644.5921
14127,2896.1668,761.4584
14128,2895.9075,918.5505
14129,2892.9437,832.2154
14130,2896.314,914.2882
14131,2891.2482,723.4571
14132,2902.5621,709.7344
14133,2903.8985,799.6613
14134,2900.0158,840.4483
14135,2903.4821,925.4243
14136,2891.1091,873.688
14137,2898.2906,745.2812
14138,2894.4953,696.708
14139,2895.1754,927.0995
14140,2893.9024,708.9218
14141,2900.4517,758.106
14142,2893.3998,592.7353
14143,2889.3077,606.2085
14144,2895.2362,739.1713
14145,2894.4227,919.4469
14146,2901.3159,657.4151
14147,2891.926,679.1734
14148,2892.9362,928.5898
14149,2894.2962,594.8579
14150,2894.7654,774.7303
14151,2896.6333,772.7927
14152,2892.8345,672.0144
14153,2898.9822,869.2951
14154,2903.4521,706.055
14155,2902.5043,623.6644
14156,2894.1242,805.4305
14157,2902.9007,664.5709
14158,2893.3286,804.6526
14159,2889.781,783.4507
14160,2895.7807,844.8698
14161,2898.4223,767.6491
14162,2898.0614,827.6259
14163,2890.5647,702.3893
14164,2892.676,724.4601
14165,2890.9914,838.5767
14166,2899.6043,920.6217
14167,2899.8086,780.1985
14168,2895.5723,626.8194
14169,2901.5635,687.6797
14170,2894.7395,818.8216
14171,2890.2607,923.4979
14172,2895.5786,656.9614
14173,2899.6943,873.6459
14174,2890.3335,745.1184
14175,2889.4027,859.5106
14176,2892.0705,884.2813
14177,2893.365,924.618
14178,2891.8594,704.703
14179,2896.9644,901.3658
14180,2897.656,617.1008
14181,2900.2315,848.4859
14182,2892.4211,693.9013
14183,2897.8326,794.6692
14184,2896.2287,856.8612
14185,2894.9026,660.8202
14186,2897.2055,639.1745
14187,2898.7688,595.1616
14188,2902.0964,722.8548
14189,2900.095,910.8542
14190,2890.9293,896.7813
14191,2896.9014,898.5485
14192,2891.3863,762.445
14193,2893.1866,659.9257
14194,2889.2109,931.6136
14195,2895.2804,804.3985
14196,2894.9363,641.4027
14197,2897.9922,852.3851
14198,2888.8802,948.0186
14199,2899.8974,896.3823
14200,2888.5997,791.331
14201,2891.7064,894.8718
14202,2889.9196,635.7785
14203,2901.2063,807.6288
14204,2901.5356,941.8859
14205,2898.2966,894.4795
14206,2890.5608,686.8159
14207,2899.4308,849.3725
14208,2890.3682,651.8481
14209,2889.0639,624.5585
14210,2891.3297,914.8082
14211,2895.6807,830.0144
14212,2890.8808,823.3792
14213,2894.5027,668.9358
14214,2902.9071,917.7542
14215,2895.5371,808.6112
14216,2890.6657,867.3172
14217,2902.1727,824.8855
14218,2900.5761,689.9316
14219,2891.5552,905.0095
14220,2889.309,613.2108
14221,2900.7434,813.7342
14222,2897.4462,672.6929
14223,2898.347,874.2904
14224,2890.7482,621.4369
14225,2902.4042,727.5998
14226,2890.512,692.7903
14227,2898.324,655.4629
14228,2899.1982,815.9323
14229,2889.7368,753.2817
14230,2896.4803,816.2034
14231,2895.8918,814.129
14232,2901.404,830.6534
14233,2896.2017,656.8729
14234,2894.5698,796.2439
14235,2895.326,724.4189
14236,2894.4871,648.24
14237,2901.6939,789.9646
14238,2900.1403,842.959
14239,2892.8462,774.5591
14240,2890.1229,835.3989
14241,2892.4669,800.5289
14242,2901.8235,909.6693
14243,2897.0916,796.9133
14244,2897.5292,869.9102
14245,2895.5917,671.0829
14246,2899.9072,604.541
14247,2896.057,651.2766
14248,2900.7471,628.4938
14249,2895.1817,882.9656
14250,2889.3606,771.5097
14251,2898.9302,789.3141
14252,2898.053,933.2098
14253,2892.2828,637.8045
14254,2895.6733,736.8817
14255,2899.8959,835.0108
14256,2897.8218,745.4223
14257,2892.6768,717.6996
14258,2895.89,742.1477
14259,2899.7442,616.5871
14260,2894.9952,863.5623
14261,2891.2681,764.3433
14262,2891.5951,634.0642
14263,2894.5226,829.1045
14264,2897.9991,880.513
14265,2888.7401,782.5338
14266,2900.2049,662.3729
14267,2898.1252,827.59
14268,2892.8934,828.7894
14269,2902.1522,895.7842
14270,2892.4309,806.5066
14271,2888.9952,817.3831
14272,2891.9761,851.562
14273,2900.1802,762.4642
14274,2894.3774,649.1932
14275,2892.2391,934.9328
14276,2891.7123,739.406
14277,2895.0856,694.0945
14278,2903.354,847.2683
14279,2900.8337,655.9703
14280,2901.8897,675.2988
14281,2893.7394,733.3248
14282,2901.7419,782.5352
14283,2898.261,769.4252
14284,2894.0553,738.4263
14285,2898.6759,807.5993
14286,2893.1905,664.5554
14287,2901.3227,892.0286
14288,2892.573,869.2929
14289,2894.7148,659.8311
14290,2902.7776,632.1603
14291,2891.315,854.448
14292,2901.3268,817.9349
14293,2891.6999,596.5365
14294,2892.4743,617.9889
14295,2901.732,882.1747
14296,2891.5873,636.1208
14297,2896.8332,607.8225
14298,2900.7924,743.6692
14299,2895.5938,802.8444
14300,2897.0305,899.079
14301,2901.0621,829.0877
14302,2901.6558,868.5101
14303,2898.9215,803.401
14304,2903.8425,692.7166
14305,2899.8691,951.3176
14306,2893.9659,927.5978
14307,2892.4266,790.8159
14308,2902.3812,925.3805
14309,2903.5719,591.9528
14310,2900.0218,895.3581
14311,2900.6814,750.8514
14312,2898.0327,939.0822
14313,2895.168,602.9698
14314,2900.0395,890.7738
14315,2895.2376,665.3743
14316,2901.1249,714.3897
14317,2902.0463,718.7516
14318,2899.5445,711.4887
14319,2903.9675,879.7619
14320,2895.1978,592.8041
14321,2898.1611,930.2862
14322,2898.8695,624.7202
14323,2892.4116,950.3117
14324,2898.6602,918.8478
14325,2894.6362,691.563
14326,2897.7393,937.7606
14327,2899.83,806.7101
14328,2904.3491,855.6196
14329,2901.8011,710.4595
14330,2903.756,905.644
14331,2902.7984,742.8746
14332,2900.2123,733.3371
14333,2896.043,902.2106
14334,2897.2837,763.0656
14335,2896.4236,828.56
14336,2894.6167,774.9142
14337,2901.0575,593.7112
14338,2897.3727,860.3256
14339,2896.3032,812.1995
14340,2896.8698,911.1645
14341,2895.6573,874.1841
14342,2901.5865,924.4175
14343,2894.7434,843.1054
14344,2902.1822,893.0393
14345,2901.1459,878.2648
14346,2903.9345,701.9205
14347,2893.1157,814.9979
14348,2895.6717,644.0466
14349,2898.6066,713.0734
14350,2894.5688,607.3977
14351,2897.5873,680.4255
14352,2902.1189,692.3774
14353,2904.3332,943.454
14354,2904.4004,888.3229
14355,2893.9341,905.9784
14356,2903.3054,761.9066
14357,2893.0006,856.7763
14358,2893.1582,663.5863
14359,2895.0529,945.382
14360,2903.6871,622.3412
14361,2896.3378,861.9759
14362,2895.8474,819.6353
14363,2897.6638,645.7625
14364,2893.7466,695.399
14365,2906.3658,625.1242
14366,2903.3335,664.3901
14367,2893.9114,858.0673
14368,2901.0042,916.0862
14369,2897.581,951.4354
14370,2899.686,716.8962
14371,2905.2111,680.4179
14372,2894.1858,702.2972
14373,2901.9054,623.3261
14374,2894.604,866.1079
14375,2892.834,631.5733
14376,2893.2698,862.6692
14377,2901.0567,673.3491
14378,2905.6293,651.0338
14379,2902.1741,827.0724
14380,2900.684,758.1541
14381,2907.2467,742.2026
14382,2895.0583,826.9446
14383,2899.8357,827.8037
14384,2899.9346,915.0307
14385,2903.1189,769.871
14386,2900.3147,817.6348
14387,2894.076,632.3523
14388,2901.4377,844.3039
14389,2906.7581,910.242
14390,2907.7968,805.9763
14391,2896.2231,837.7567
14392,2899.1157,696.1285
14393,2900.5036,645.4907
14394,2898.9558,796.9681
14395,2906.5146,925.0831
14396,2898.3229,897.8164
14397,2895.0252,808.1493
14398,2905.8801,629.2468
14399,2901.6258,952.2325
14400,2898.1428,805.7342
14401,2896.6188,676.9314
14402,2903.8343,928.816
14403,2899.1066,726.9351
14404,2897.2472,831.9245
14405,2905.5029,873.1203
14406,2903.0361,816.3203
14407,2907.86,732.7759
14408,2901.5209,887.7257
14409,2903.5326,723.223
14410,2901.4154,909.7599
14411,2903.8699,626.7774
14412,2907.277,610.6402
14413,2899.1445,751.36
14414,2908.5965,675.0062
14415,2906.4909,779.1382
14416,2901.7847,930.2882
14417,2909.8989,778.3248
14418,2901.8962,626.3909
14419,2904.4432,791.1243
14420,2906.9098,697.8083
14421,2908.4207,919.8659
14422,2903.3772,776.5036
14423,2896.9637,835.1729
14424,2896.3269,854.4127
14425,2899.2527,921.2608
14426,2898.877,663.3062
14427,2907.5751,924.2407
14428,2896.5861,748.3415
14429,2902.1065,633.9104
14430,2899.4638,933.0328
14431,2902.6456,610.8661
14432,2900.9293,912.3058
14433,2902.533,749.29
14434,2908.062,713.6882
14435,2902.5524,903.7604
14436,2900.1165,767.5088
14437,2897.5434,745.5157
14438,2900.3081,735.1518
14439,2901.2727,817.3366
14440,2898.7761,626.9223
14441,2897.8686,883.8012
14442,2898.3779,615.1868
14443,2906.5222,877.6741
14444,2906.0621,775.4667
14445,2911.4954,729.0214
14446,2901.357,945.2848
14447,2901.295,782.3053
14448,2898.9605,695.6848
14449,2901.357,594.0872
14450,2898.7323,938.6438
14451,2902.0816,857.9161
14452,2907.2896,797.6856
14453,2901.5586,927.5826
14454,2899.0669,620.151
14455,2901.7443,918.6113
14456,2912.51,708.2173
14457,2906.1908,899.6663
14458,2902.2895,664.002
14459,2906.417,883.914
14460,2907.0244,646.9446
14461,2905.8385,812.768
14462,2906.4405,798.7087
14463,2913.0148,852.1968
14464,2903.4219,724.0514
14465,2912.5927,705.4929
14466,2913.1694,668.7078
14467,2908.393,796.2952
14468,2912.2414,628.1303
14469,2903.9122,930.7439
14470,2907.1977,853.9791
14471,2912.0355,871.4617
14472,2909.6379,683.3096
14473,2915.2275,775.2103
14474,2903.4553,748.889
14475,2908.022,930.2588
14476,2915.1333,728.6158
14477,2902.2134,843.6765
14478,2908.7917,860.1027
14479,2902.9284,651.3896
14480,2902.0362,915.9234
14481,2913.6388,786.0274
14482,2909.7152,634.3936
14483,2911.9259,724.4449
14484,2907.7014,787.84
14485,2915.1209,664.5137
14486,2910.9536,599.0841
14487,2915.9354,863.967
14488,2907.9354,612.1728
14489,2913.2881,606.1286
14490,2908.2655,954.8509
14491,2907.3999,652.9378
14492,2917.4046,779.61
14493,2909.7207,863.8053
14494,2903.277,601.3434
14495,2909.4217,891.6326
14496,2915.2872,684.2283
14497,2903.7886,854.6117
14498,2914.2337,740.923
14499,2912.4675,711.1172
14500,2905.4137,878.1021
14501,2917.7916,680.7362
14502,2913.5982,824.7322
14503,2917.492,920.8032
14504,2904.567,829.4864
14505,2915.2563,738.3735
14506,2907.6504,837.2498
14507,2907.5666,764.2414
14508,2908.6497,782.6568
14509,2909.6705,928.6375
14510,2907.0834,771.3684
14511,2910.9698,858.1858
14512,2917.7032,670.3294
14513,2919.5648,656.3497
14514,2917.9573,804.014
14515,2914.3972,610.1778
14516,2916.7135,719.5708
14517,2912.7871,780.8365
14518,2910.769,946.1844
14519,2907.5112,838.9189
14520,2913.31,903.2729
14521,2907.3797,653.4301
14522,2907.1859,691.8319
14523,2914.4558,733.0224
14524,2921.1046,697.8522
14525,2919.1561,838.4601
14526,2910.7024,595.4763
14527,2917.3314,608.3837
14528,2908.0188,839.5392
14529,2911.9591,594.2366
14530,2913.8001,845.7321
14531,2916.7373,832.5418
14532,2920.2569,751.913
14533,2913.1905,896.7674
14534,2908.4883,609.8408
14535,2915.0082,651.8593
14536,2921.0546,799.7239
14537,2910.9211,742.1477
14538,2920.9975,886.6281
14539,2910.6532,679.3574
14540,2922.1345,728.3397
14541,2920.5236,626.4605
14542,2923.1018,863.0397
14543,2916.6385,722.091
14544,2921.6857,721.954
14545,2911.0487,750.3278
14546,2911.1279,889.6318
14547,2916.4392,801.3701
14548,2920.4928,733.5708
14549,2923.3782,830.811
14550,2924.0667,834.8127
14551,2918.2311,698.7453
14552,2911.5842,915.3996
14553,2920.0597,841.6388
14554,2918.9414,611.4954
14555,2919.6358,692.1472
14556,2916.2807,851.1983
14557,2913.4962,692.3901
14558,2923.3805,685.0182
14559,2920.1768,819.3705
14560,2917.1994,907.2562
14561,2917.0808,612.4437
14562,2917.6405,719.5527
14563,2923.9798,596.4564
14564,2918.2452,635.6616
14565,2921.1591,916.1404
14566,2914.8714,704.7586
14567,2926.9606,870.4132
14568,2918.2175,929.6617
14569,2921.1499,630.2577
14570,2913.8659,633.6491
14571,2923.4247,714.7815
14572,2915.3245,845.2924
14573,2925.3047,908.0449
14574,2914.7139,771.9097
14575,2922.5116,791.8235
14576,2916.1365,945.5889
14577,2925.8262,756.6964
14578,2914.5194,816.5137
14579,2926.3539,659.9332
14580,2925.0452,743.4977
14581,2917.2834,760.3304
14582,2928.4645,759.7685
14583,2923.4508,745.5435
14584,2919.6965,722.2164
14585,2919.0969,714.3925
14586,2923.0107,631.5964
14587,2926.3142,680.909
14588,2921.7444,951.2875
14589,2916.1197,780.461
14590,2928.556,607.4266
14591,2926.2913,860.8959
14592,2928.6325,806.3094
14593,2917.2341,760.9758
14594,2922.5171,900.8303
14595,2926.2014,597.4054
14596,2921.3294,725.9215
14597,2917.8896,930.8284
14598,2928.1312,839.8986
14599,2924.2096,641.0213
14600,2930.9067,672.1212
14601,2925.8242,885.127
14602,2932.6229,784.3854
14603,2927.1049,854.6884
14604,2919.4741,808.0914
14605,2930.3229,870.0745
14606,2927.7051,817.232
14607,2931.2937,756.4868
14608,2928.7437,782.9816
14609,2927.8753,830.4487
14610,2929.5398,759.4798
14611,2933.777,636.3347
14612,2921.289,611.9701
14613,2920.3157,915.7624
14614,2920.9346,667.5139
14615,2927.2764,691.4079
14616,2926.624,840.6114
14617,2933.1906,609.8606
14618,2921.934,849.0339
14619,2924.2472,809.1119
14620,2935.4861,799.6149
14621,2922.978,699.9256
14622,2930.6563,854.2273
14623,2933.7729,878.6021
14624,2931.2436,935.1672
14625,2933.7797,924.9699
14626,2935.76,596.6632
14627,2927.1298,955.9606
14628,2934.752,702.545
14629,2927.855,606.695
14630,2923.6719,929.3175
14631,2924.4783,734.2195
14632,2928.1132,827.9451
14633,2935.5758,846.5743
14634,2930.092,863.2489
14635,2924.2795,791.2201
14636,2926.0056,742.2671
14637,2931.4715,696.5816
14638,2936.7953,911.8144
14639,2933.747,740.8173
14640,2925.5329,914.1413
14641,2937.8884,911.36
14642,2935.0944,856.0679
14643,2934.8621,798.2298
14644,2929.4605,680.3556
14645,2932.7778,677.649
14646,2932.4264,838.2146
14647,2932.6982,947.2666
14648,2939.6804,852.1993
14649,2938.0746,922.8145
14650,2927.9914,848.7671
14651,2930.9622,665.3554
14652,2928.9798,847.1759
14653,2934.614,658.071
14654,2938.2713,959.5529
14655,2936.4464,839.7501
14656,2935.8127,654.8035
14657,2937.5617,771.8958
14658,2940.9262,666.4873
14659,2938.7478,858.8285
14660,2934.094,648.0976
14661,2941.626,715.8301
14662,2930.5788,809.905
14663,2933.9524,719.8984
14664,2940.9065,738.3033
14665,2929.3506,855.6932
14666,2939.7311,837.9099
14667,2940.9881,956.7327
14668,2937.5769,905.8574
14669,2932.2751,600.9888
14670,2933.7654,758.1579
14671,2935.3332,714.8903
14672,2929.9251,608.5562
14673,2943.3219,646.4195
14674,2940.5238,599.2653
14675,2941.2914,899.9279
14676,2944.9982,643.5513
14677,2934.7072,818.0256
14678,2943.7369,607.9253
14679,2934.239,626.1364
14680,2937.4409,927.4721
14681,2942.9914,947.2323
14682,2932.668,954.4385
14683,2938.5034,873.8932
14684,2943.1863,963.4198
14685,2936.6532,938.9406
14686,2934.5249,761.7954
14687,2944.8485,733.8092
14688,2938.4524,748.982
14689,2939.8954,696.0984
14690,2941.4771,790.6356
14691,2943.5945,905.2252
14692,2947.6478,958.7681
14693,2937.7176,901.7205
14694,2943.5152,754.0853
14695,2939.114,656.3843
14696,2942.3945,759.719
14697,2939.9661,819.2298
14698,2937.725,929.3732
14699,2940.5611,777.247
14700,2937.6843,824.2981
14701,2936.5136,711.4997
14702,2938.4216,732.6939
14703,2939.9174,845.9782
14704,2941.4976,867.2287
14705,2936.046,809.0539
14706,2942.5102,903.9137
14707,2950.0922,897.7416
14708,2945.3017,664.4141
14709,2938.7862,956.5638
14710,2946.7681,871.1205
14711,2938.7207,815.6914
14712,2937.1723,799.0995
14713,2941.2945,606.9078
14714,2948.216,832.224
14715,2940.2254,786.6172
14716,2948.3632,875.6307
14717,2950.8582,900.9936
14718,2949.8927,877.5503
14719,2948.599,946.8768
14720,2947.613,835.741
14721,2951.3622,680.8847
14722,2951.5998,820.0507
14723,2949.7379,866.6303
14724,2944.7678,739.4008
14725,2946.3195,790.3795
14726,2949.4975,958.8276
14727,2943.584,870.4219
14728,2947.7285,701.6366
14729,2949.3123,839.1134
14730,2947.9174,826.693
14731,2951.293,816.5457
14732,2945.8434,920.0184
14733,2949.6325,939.4755
14734,2941.3578,768.2247
14735,2953.5267,646.6723
14736,2941.6652,930.2882
14737,2944.5771,924.2804
14738,2952.892,896.3765
14739,2953.3109,968.9048
14740,2942.5816,714.9939
14741,2946.096,853.5958
14742,2948.5621,603.9015
14743,2954.561,718.0853
14744,2955.1098,656.5379
14745,2943.2044,872.5144
14746,2957.7567,933.0866
14747,2947.769,909.9105
14748,2945.5407,689.632
14749,2950.9314,881.1158
14750,2944.5998,739.1624
14751,2947.6535,862.077
14752,2946.3733,600.5215
14753,2953.3919,810.3192
14754,2954.0816,799.2526
14755,2946.4155,684.7139
14756,2954.3767,945.6681
14757,2958.1695,702.8635
14758,2946.9889,882.2298
14759,2955.9965,607.3204
14760,2958.2368,711.9331
14761,2958.5043,773.9464
14762,2953.883,624.703
14763,2947.5072,869.3409
14764,2957.0733,802.4757
14765,2958.6636,815.4924
14766,2949.8224,702.5573
14767,2960.4782,745.9926
14768,2960.5478,912.2195
14769,2949.036,763.1258
14770,2961.8547,846.9521
14771,2948.5457,830.8346
14772,2962.4549,905.9972
14773,2960.2072,847.6266
14774,2960.783,723.0743
14775,2953.2471,819.2444
14776,2962.3744,724.5442
14777,2952.32,646.8368
14778,2954.2566,878.9787
14779,2950.1395,704.7167
14780,2959.5096,638.7611
14781,2953.1474,851.7402
14782,2954.2696,835.1858
14783,2960.4398,892.4327
14784,2957.2429,631.2865
14785,2960.1461,744.8811
14786,2953.2343,650.0096
14787,2958.0419,957.2349
14788,2962.7287,833.6516
14789,2956.5921,921.7748
14790,2954.987,745.7168
14791,2958.3836,684.7374
14792,2963.0153,772.6158
14793,2961.7536,854.5718
14794,2954.9214,969.2915
14795,2967.3477,690.4274
14796,2953.1162,638.96
14797,2962.207,665.7989
14798,2955.0733,757.8599
14799,2966.0866,706.6552
14800,2954.8043,675.9427
14801,2964.7517,886.9258
14802,2967.4986,796.949
14803,2959.5551,952.7943
14804,2963.756,764.6658
14805,2961.2735,887.9281
14806,2955.2438,933.9034
14807,2965.4646,930.4433
14808,2969.186,660.1505
14809,2959.8204,782.4416
14810,2964.5783,900.3936
14811,2962.105,601.6807
14812,2956.6286,667.5363
14813,2964.5893,745.7828
14814,2970.9902,872.1484
14815,2970.2253,975.2991
14816,2964.3543,819.7434
14817,2966.9794,667.8425
14818,2961.4858,790.1872
14819,2964.4349,866.2191
14820,2967.8001,943.6136
14821,2966.284,928.12
14822,2958.9964,910.7607
14823,2966.1081,666.5333
14824,2969.7347,740.6737
14825,2966.6544,960.9904
14826,2967.9434,604.805
14827,2973.6758,799.105
14828,2963.1806,643.9938
14829,2960.5398,626.612
14830,2971.7834,731.3184
14831,2961.5359,893.4852
14832,2962.2793,619.6154
14833,2964.8357,771.7343
14834,2962.7937,780.7864
14835,2962.2812,874.3492
14836,2961.7631,758.4563
14837,2972.0967,948.5894
14838,2973.5932,837.8251
14839,2966.6519,662.6832
14840,2962.3659,971.8157
14841,2969.9904,634.6068
14842,2969.1591,902.046
14843,2967.0951,824.335
14844,2968.2108,849.5351
14845,2976.9377,876.6262
14846,2971.3493,954.0986
14847,2969.6311,758.7997
14848,2972.9892,756.8956
14849,2977.0949,951.3061
14850,2973.482,626.7679
14851,2977.4787,808.2418
14852,2975.6891,848.1222
14853,2967.6231,972.3307
14854,2965.2271,810.9708
14855,2968.1234,724.4648
14856,2979.3416,955.5527
14857,2977.0025,744.6336
14858,2968.3396,844.477
14859,2976.6978,915.7622
14860,2974.5934,637.6415
14861,2966.5113,665.2473
14862,2968.3704,684.0217
14863,2967.6613,603.7632
14864,2971.287,881.5131
14865,2967.4306,821.259
14866,2978.8454,896.2912
14867,2974.833,891.6559
14868,2976.9178,816.4598
14869,2981.7267,798.3005
14870,2975.6356,852.7854
14871,2981.496,769.6802
14872,2972.9011,689.906
14873,2978.8673,687.6703
14874,2981.2848,968.9471
14875,2983.8319,948.5817
14876,2982.2463,678.4233
14877,2982.8131,689.4302
14878,2978.1858,888.3779
14879,2973.8952,976.2697
14880,2978.8015,907.3894
14881,2982.6537,972.4641
14882,2973.5288,742.7382
14883,2973.4643,759.1372
14884,2973.6194,897.0462
14885,2980.0486,836.948
14886,2977.0898,688.3473
14887,2974.5826,853.9497
14888,2986.039,892.0123
14889,2972.6903,820.5
14890,2982.1703,844.7367
14891,2987.3192,924.2511
14892,2987.2628,747.4672
14893,2982.5194,655.8344
14894,2980.0486,790.6664
14895,2984.9218,953.413
14896,2987.9998,766.1625
14897,2979.634,712.1954
14898,2988.191,879.8296
14899,2986.5252,965.1914
14900,2985.168,711.7615
14901,2981.1107,669.1075
14902,2980.1954,843.7868
14903,2978.9164,960.702
14904,2989.0234,787.4885
14905,2981.0107,770.9791
14906,2977.8669,811.5068
14907,2989.2703,743.1667
14908,2990.2359,770.2345
14909,2985.4965,824.2018
14910,2977.3717,902.7193
14911,2980.3822,865.8374
14912,2980.0411,703.805
14913,2982.1105,797.4635
14914,2985.9949,900.0271
14915,2991.4623,843.5154
14916,2989.1677,833.2733
14917,2980.3942,766.1963
14918,2982.3685,653.0223
14919,2987.1323,652.7516
14920,2987.2918,667.9918
14921,2989.6646,860.5215
14922,2981.0413,930.0265
14923,2986.6458,822.621
14924,2989.6953,965.6729
14925,2981.9257,968.6426
14926,2979.9817,970.0116
14927,2993.6826,663.0628
14928,2993.2999,866.5615
14929,2987.4527,869.6098
14930,2988.723,775.7872
14931,2981.8373,890.5962
14932,2984.0893,828.0949
14933,2995.0309,642.8913
14934,2986.0642,834.5238
14935,2988.7862,972.942
14936,2990.1678,871.4057
14937,2987.6917,935.0976
14938,2990.0714,710.2645
14939,2988.289,935.983
14940,2988.9518,785.4732
14941,2994.8158,755.6172
14942,2997.0497,854.6475
14943,2989.8272,928.8453
14944,2992.2138,901.9786
14945,2998.6383,786.0592
14946,2992.3576,950.2206
14947,2987.3732,928.4309
14948,2996.7403,682.62
14949,2993.2147,734.4533
14950,2998.3472,926.7343
14951,2991.442,837.9173
14952,2986.1552,898.5523
14953,2989.4726,898.7129
14954,2999.9114,799.3869
14955,3000.2898,960.7603
14956,2999.7605,753.6802
14957,2990.1713,874.7199
14958,2999.269,906.6714
14959,3001.2777,901.0332
14960,2990.1505,928.2218
14961,2997.0583,915.7434
14962,2995.8168,683.428
14963,3001.4118,815.4025
14964,2992.4204,718.6586
14965,2991.849,819.1763
14966,2994.297,654.0437
14967,3000.2498,801.7985
14968,2995.7322,793.3388
14969,2994.9608,962.734
14970,3000.2778,959.3253
14971,2997.6595,788.6072
14972,3003.8127,859.9863
14973,2992.8623,623.0171
14974,2999.6353,662.0645
14975,3003.3232,916.1318
14976,3002.3217,885.0744
14977,2996.8334,742.3833
14978,2991.414,921.6323
14979,2998.1239,915.06
14980,2998.1301,961.7795
14981,3005.8946,968.4779
14982,2997.862,639.9371
14983,2993.9736,854.6727
14984,2992.6941,684.0311
14985,3005.6463,972.0568
14986,3000.1155,769.1248
14987,3003.1552,916.6882
14988,2999.1588,954.2928
14989,3007.2206,845.8983
14990,3003.9293,802.2606
14991,3002.7602,667.2637
14992,3006.3183,619.0082
14993,2996.7247,653.4094
14994,3000.4575,874.2617
14995,3005.1284,827.6668
14996,3004.9499,963.5051
14997,2995.7439,803.5608
14998,3007.2473,635.4037
14999,2997.5312,659.8826
15000,3003.3119,905.1669
15001,3007.7319,862.8421
15002,2996.4888,688.6766
15003,2996.2717,689.8713
15004,2996.4963,721.0614
15005,3005.4331,811.9598
15006,3003.5902,784.4906
15007,3001.3846,816.2256
15008,3010.5673,981.8059
15009,3005.5423,825.3308
15010,3010.6793,903.5657
15011,3007.5979,622.2733
15012,2997.9557,661.8037
15013,3007.067,953.4456
15014,3001.7785,808.415
15015,3011.6205,886.0268
15016,3004.0281,740.2892
15017,3007.8659,761.0919
15018,3013.2183,892.2073
15019,3010.5494,845.8018
15020,2999.4734,869.97
15021,3007.6233,972.2738
15022,3009.5755,896.5627
15023,3001.9383,936.9098
15024,3013.4386,963.0952
15025,3010.3639,927.5621
15026,3009.1428,891.2613
15027,3012.847,812.9404
15028,3006.4632,619.5058
15029,3014.5539,630.6216
15030,3005.9053,823.7706
15031,3011.0502,902.5908
15032,3010.1933,839.0119
15033,3011.7396,633.3632
15034,3009.2585,976.357
15035,3006.5983,949.7079
15036,3009.3022,978.26
15037,3010.0306,939.6989
15038,3008.874,755.6436
15039,3011.0302,874.7463
15040,3008.3809,794.2262
15041,3014.4667,968.556
15042,3018.1581,617.1887
15043,3012.8864,720.9191
15044,3012.3802,623.5958
15045,3011.4274,612.98
15046,3009.6956,744.2749
15047,3013.0133,935.6731
15048,3010.5922,703.5749
15049,3016.6395,643.6829
15050,3010.6922,619.1144
15051,3010.6519,915.5293
15052,3019.7681,927.6502
15053,3016.669,928.9248
15054,3015.8687,809.6572
15055,3020.8153,881.8267
15056,3009.2392,910.4756
15057,3018.248,671.4045
15058,3018.6295,813.1001
15059,3010.8017,818.0221
15060,3019.5543,900.0586
15061,3021.1917,723.0759
15062,3015.3527,623.4626
15063,3018.8187,651.0801
15064,3012.5707,891.6275
15065,3020.9264,700.4486
15066,3017.2832,694.6247
15067,3018.4641,786.9224
15068,3023.0839,951.1831
15069,3017.526,835.1431
15070,3016.3074,906.5705
15071,3011.98,921.4659
15072,3020.6691,756.7907
15073,3014.5553,696.6992
15074,3016.6013,904.4709
15075,3025.7173,665.5374
15076,3012.3594,762.5154
15077,3012.0254,708.2778
15078,3024.4283,673.3648
15079,3019.0749,696.8769
15080,3015.251,771.978
15081,3019.3355,754.5965
15082,3016.6986,787.5402
15083,3022.73,948.342
15084,3025.552,776.2147
15085,3025.3482,912.3798
15086,3021.9457,712.3783
15087,3021.9079,794.2487
15088,3016.8489,850.3235
15089,3018.0408,835.4935
15090,3015.0903,808.5406
15091,3026.5787,691.2082
15092,3028.9906,781.8719
15093,3027.3645,862.9515
15094,3027.5758,942.5602
15095,3021.7731,823.5509
15096,3016.458,813.2089
15097,3018.8948,959.0676
15098,3028.651,665.9506
15099,3021.8395,664.5253
15100,3019.9159,710.801
15101,3021.7272,961.4082
15102,3020.8462,982.7178
15103,3023.1462,626.7162
15104,3021.3979,830.9229
15105,3016.7465,629.2321
15106,3031.6376,846.1872
15107,3026.5424,779.7055
15108,3029.164,849.7409
15109,3022.6873,965.5338
15110,3032.1528,830.3408
15111,3023.3946,718.0079
15112,3019.9792,795.0017
15113,3025.6483,949.4981
15114,3021.3924,920.062
15115,3022.5493,834.6592
15116,3029.9651,650.3003
15117,3030.914,820.9596
15118,3022.8392,894.7792
15119,3025.2087,652.4527
15120,3024.0575,814.7234
15121,3030.4546,789.6556
15122,3032.63,683.0611
15123,3028.7191,946.5449
15124,3021.6619,932.8625
15125,3026.6754,983.7002
15126,3026.8383,815.3699
15127,3026.4977,817.5618
15128,3028.7366,893.0899
15129,3026.4596,921.8777
15130,3032.8322,836.5784
15131,3029.7848,982.8349
15132,3030.2804,718.7606
15133,3025.8386,945.566
15134,3025.6332,824.6877
15135,3027.3005,663.9023
15136,3030.8141,920.854
15137,3035.5737,961.5996
15138,3030.6925,735.6836
15139,3032.8789,679.6917
15140,3032.7722,641.8475
15141,3025.7987,911.2823
15142,3033.4689,794.118
15143,3035.6373,914.1553
15144,3033.6815,676.8211
15145,3039.3204,659.9186
15146,3037.7339,786.5649
15147,3034.8546,907.6466
15148,3027.1589,882.1358
15149,3039.7466,649.5849
15150,3036.5374,777.9419
15151,3027.0047,775.6599
15152,3036.3468,720.3039
15153,3033.226,859.7753
15154,3031.9162,984.9716
15155,3031.774,690.7786
15156,3028.3833,875.8138
15157,3040.2869,911.7002
15158,3032.2878,806.6762
15159,3035.419,981.1702
15160,3036.217,933.3735
15161,3040.4761,957.109
15162,3037.5194,728.9636
15163,3036.2003,975.4966
15164,3037.6694,863.9916
15165,3040.5872,709.4321
15166,3034.6426,804.1654
15167,3035.2596,959.7517
15168,3034.9133,896.0544
15169,3040.3386,736.9184
15170,3030.5451,828.2582
15171,3036.68,792.8561
15172,3031.5135,887.9979
15173,3033.7361,944.8857
15174,3038.2194,685.1869
15175,3035.4476,702.5286
15176,3040.7854,752.2609
15177,3040.8974,892.7293
15178,3043.8918,837.8882
15179,3031.2227,803.1988
15180,3043.5449,654.4703
15181,3037.8127,882.7835
15182,3033.904,717.7243
15183,3037.2753,987.4646
15184,3032.3789,673.3368
15185,3033.5195,940.2353
15186,3042.6641,884.984
15187,3039.9837,747.8048
15188,3043.1053,636.2356
15189,3044.3379,670.2465
15190,3042.0206,974.0896
15191,3033.322,752.8947
15192,3041.8882,867.1836
15193,3035.6866,957.0065
15194,3037.5221,881.7084
15195,3045.9104,918.3786
15196,3043.2911,620.7382
15197,3044.3525,729.9459
15198,3038.9911,670.7769
15199,3043.4502,973.8458
15200,3047.5739,981.5769
15201,3043.5762,970.8975
15202,3036.0873,935.5577
15203,3041.0055,935.5689
15204,3038.7861,868.6449
15205,3047.8691,653.4218
15206,3040.7465,934.5242
15207,3040.9806,827.2374
15208,3045.3609,943.3471
15209,3037.0184,863.0187
15210,3043.8076,941.9578
15211,3049.4462,761.7996
15212,3045.0736,998.5892
15213,3048.0458,666.4806
15214,3048.0339,747.0158
15215,3044.3469,925.0888
15216,3040.1665,797.4882
15217,3038.0374,808.0876
15218,3041.0705,659.2915
15219,3050.9684,737.0699
15220,3044.63,682.147
15221,3044.0606,900.7801
15222,3042.3746,767.0366
15223,3044.6921,646.7907
15224,3043.204,805.4953
15225,3047.1382,774.4958
15226,3043.9671,966.8609
15227,3047.8585,794.6426
15228,3054.3784,863.5117
15229,3047.265,738.5553
15230,3047.346,695.1173
15231,3045.237,826.654
15232,3043.0087,626.3664
15233,3044.7615,887.8546
15234,3046.2135,796.7116
15235,3045.4689,928.7055
15236,3053.8304,748.24
15237,3051.5237,813.8746
15238,3056.146,752.6832
15239,3043.8177,960.5319
15240,3045.247,711.8925
15241,3048.2807,774.9907
15242,3047.2533,718.4593
15243,3050.8681,955.5236
15244,3046.7434,981.7527
15245,3046.3766,965.4629
15246,3046.2798,645.3022
15247,3043.2465,657.1123
15248,3049.5295,887.9803
15249,3045.6466,792.3717
15250,3056.3382,641.1399
15251,3052.6674,874.7276
15252,3048.0588,998.1991
15253,3057.5518,831.8911
15254,3051.9182,815.8629
15255,3054.4688,815.6765
15256,3046.6453,838.4794
15257,3045.3768,851.1464
15258,3053.8722,900.6176
15259,3047.053,752.0683
15260,3046.6117,989.4774
15261,3059.088,656.4975
15262,3052.7346,776.4698
15263,3050.9079,934.2923
15264,3059.697,980.1376
15265,3048.7921,855.2345
15266,3060.1764,960.2236
15267,3058.076,632.1518
15268,3047.2424,896.9523
15269,3052.1712,728.0496
15270,3048.696,630.2247
15271,3053.6948,992.5576
15272,3052.5395,864.1861
15273,3047.8069,864.5289
15274,3049.9507,676.9869
15275,3056.3764,727.7139
15276,3053.8431,816.969
15277,3051.7736,889.7668
15278,3061.9081,989.6265
15279,3053.9029,701.6295
15280,3057.6774,629.604
15281,3055.8325,663.6773
15282,3063.3115,825.6688
15283,3055.9156,879.2782
15284,3054.2488,774.7055
15285,3063.0642,924.9125
15286,3054.6981,758.9034
15287,3059.8206,942.6784
15288,3058.2886,933.5398
15289,3061.0807,621.9042
15290,3064.2005,933.7608
15291,3051.7043,723.6684
15292,3055.9632,881.5525
15293,3062.8171,666.098
15294,3057.5918,622.4894
15295,3050.7559,854.1499
15296,3055.4183,722.8807
15297,3055.9003,802.6646
15298,3056.0122,979.6092
15299,3063.4697,755.4228
15300,3055.6463,971.9094
15301,3065.2666,727.1919
15302,3065.7499,676.0765
15303,3056.1207,630.3842
15304,3065.5739,873.1181
15305,3064.7432,885.482
15306,3057.107,877.3515
15307,3054.3918,790.5202
15308,3066.1757,935.8262
15309,3055.2092,686.3345
15310,3062.8792,805.1082
15311,3060.3761,956.8887
15312,3059.3409,765.2727
15313,3066.6612,849.7766
15314,3053.3455,853.8855
15315,3065.6997,733.2694
15316,3056.5612,913.5763
15317,3060.4892,994.7044
15318,3055.4502,935.0549
15319,3066.0172,909.4447
15320,3067.5273,897.4347
15321,3065.9714,729.2961
15322,3063.8176,902.8902
15323,3066.1345,802.7334
15324,3062.5997,918.0719
15325,3062.1111,639.8332
15326,3059.8753,811.3906
15327,3063.5043,976.9373
15328,3056.659,895.786
15329,3068.8872,810.841
15330,3066.6197,639.6141
15331,3065.3895,987.1636
15332,3070.1218,867.6076
15333,3065.1914,640.2474
15334,3058.7516,893.1886
15335,3069.5737,865.2829
15336,3065.9434,911.4319
15337,3060.6851,982.8237
15338,3056.8009,813.3463
15339,3062.8291,824.0237
15340,3070.9053,849.973
15341,3066.3464,780.193
15342,3062.8787,991.5874
15343,3070.4234,687.9945
15344,3071.5485,722.6573
15345,3067.4627,851.5474
15346,3057.6835,761.9716
15347,3072.9983,651.0772
15348,3064.4375,739.2638
15349,3065.0937,830.3709
15350,3058.4324,961.9479
15351,3063.6225,955.8517
15352,3058.9077,777.743
15353,3061.7229,623.3653
15354,3069.056,972.7968
15355,3069.5873,651.9835
15356,3072.2393,882.7496
15357,3061.2934,836.8152
15358,3072.9817,626.3731
15359,3071.7878,782.763
15360,3065.6385,670.8732
15361,3072.3854,960.1287
15362,3071.9222,869.8426
15363,3073.3918,632.526
15364,3063.5995,814.3217
15365,3069.4651,992.3391
15366,3069.4175,964.6385
15367,3066.6705,938.9286
15368,3074.3755,738.3398
15369,3063.0734,840.8093
15370,3065.0793,861.2885
15371,3067.8823,965.8349
15372,3071.4207,980.1587
15373,3069.2251,651.4755
15374,3062.2294,943.1468
15375,3065.3642,753.4866
15376,3061.9635,631.8675
15377,3062.8818,672.669
15378,3069.2885,674.7742
15379,3062.9752,872.6381
15380,3076.1776,949.56
15381,3066.3458,677.9594
15382,3063.0408,952.791
15383,3075.2301,850.5877
15384,3063.5999,861.7466
15385,3076.3244,798.5928
15386,3062.978,815.5322
15387,3075.9578,908.706
15388,3077.3619,925.4907
15389,3074.337,916.6633
15390,3072.0201,841.7919
15391,3078.1739,696.5125
15392,3065.5512,995.3376
15393,3065.9828,685.7484
15394,3070.7277,883.2337
15395,3078.414,682.4332
15396,3078.9152,791.6489
15397,3072.7913,767.5167
15398,3067.3108,796.2116
15399,3069.5016,710.5481
15400,3067.5743,851.9865
15401,3070.795,702.9247
15402,3067.453,1001.2129
15403,3078.2945,761.9923
15404,3069.3881,638.2573
15405,3079.7483,986.88
15406,3075.6826,709.4894
15407,3075.7455,904.8584
15408,3069.8719,854.0224
15409,3077.8216,1000.9417
15410,3071.095,639.0181
15411,3072.3038,828.4154
15412,3072.2631,984.5935
15413,3070.2048,881.43
15414,3070.1861,925.0239
15415,3072.6334,666.3282
15416,3071.2966,820.4915
15417,3073.9453,793.8762
15418,3068.5405,953.6659
15419,3073.204,1006.2548
15420,3080.1891,694.2154
15421,3073.6308,856.6558
15422,3081.7984,971.6011
15423,3069.5944,734.5609
15424,3070.9171,970.7166
15425,3069.0414,663.2359
15426,3076.9137,805.9396
15427,3076.8392,687.0776
15428,3070.9057,920.5637
15429,3078.7212,772.2642
15430,3082.6702,907.0321
15431,3079.0585,864.8902
15432,3078.5472,813.9283
15433,3068.9579,785.083
15434,3078.9217,933.5312
15435,3074.2338,802.5242
15436,3074.9852,684.9602
15437,3082.7477,645.6825
15438,3072.4009,766.1704
15439,3070.1407,810.8214
15440,3081.0967,705.9821
15441,3069.2769,951.2378
15442,3078.2783,716.8125
15443,3078.7542,1004.8359
15444,3072.0673,648.4799
15445,3075.2896,921.2397
15446,3072.1531,940.0231
15447,3076.5022,950.1653
15448,3077.0119,811.2166
15449,3077.1251,760.1433
15450,3085.1327,734.6956
15451,3083.7538,664.6174
15452,3081.4784,709.3525
15453,3072.5706,782.9352
15454,3072.315,826.4888
15455,3078.7722,753.7886
15456,3073.4987,776.9972
15457,3073.2637,855.3519
15458,3085.4854,777.6463
15459,3072.5259,757.9847
15460,3084.1915,684.0023
15461,3074.3112,877.7075
15462,3076.2258,743.6316
15463,3077.9326,780.8288
15464,3079.6698,825.2441
15465,3081.3054,916.5602
15466,3073.765,796.5451
15467,3075.75,832.881
15468,3072.8791,695.4487
15469,3074.0783,870.8553
15470,3072.6515,904.4828
15471,3080.9732,737.4395
15472,3080.0641,658.8573
15473,3077.1821,814.5701
15474,3084.2924,723.9077
15475,3075.4672,654.4985
15476,3074.2248,981.3054
15477,3085.6127,739.3511
15478,3085.6268,901.9218
15479,3083.6052,763.0875
15480,3083.7451,890.7264
15481,3074.9327,795.0625
15482,3085.8758,685.479
15483,3075.0819,988.3245
15484,3087.6183,646.9428
15485,3074.0247,766.8923
15486,3076.3662,964.3486
15487,3077.2502,769.3483
15488,3075.5331,674.4348
15489,3079.5278,954.7684
15490,3078.6504,740.1926
15491,3075.7191,864.0497
15492,3089.1469,801.3418
15493,3079.4296,856.5306
15494,3076.6116,984.9096
15495,3077.1425,927.247
15496,3086.6238,695.2175
15497,3087.7263,726.5883
15498,3087.424,634.5172
15499,3077.8079,665.7245
15500,3084.9105,782.8008
15501,3088.2319,676.7731
15502,3087.8828,739.3949
15503,3088.2891,875.8565
15504,3076.8277,768.0252
15505,3081.2196,781.5812
15506,3087.2112,869.1296
15507,3088.0149,919.5844
15508,3080.8449,740.503
15509,3080.6806,966.3061
15510,3090.8121,790.7667
15511,3081.3367,701.3516
15512,3089.2552,907.3105
15513,3084.7154,980.8531
15514,3085.6326,935.9145
15515,3090.421,897.5597
15516,3085.649,647.7813
15517,3091.7494,759.2802
15518,3082.0648,962.5966
15519,3082.026,793.1885
15520,3080.1324,837.667
15521,3091.3151,899.48
15522,3082.5638,936.6772
15523,3081.9848,844.6265
15524,3080.7486,784.919
15525,3082.4207,917.9544
15526,3080.3812,751.6313
15527,3087.656,989.421
15528,3078.7619,979.0325
15529,3078.7986,847.4267
15530,3082.8463,671.6131
15531,3088.1691,1011.2885
15532,3089.4971,993.6557
15533,3092.2344,988.9764
15534,3090.7135,638.1997
15535,3088.0249,857.9545
15536,3088.7946,922.4306
15537,3084.3169,889.8491
15538,3078.4272,925.5613
15539,3093.3153,682.1222
15540,3093.4709,812.6167
15541,3084.7433,959.4171
15542,3087.4844,953.1655
15543,3091.5487,765.3082
15544,3086.0014,983.7006
15545,3084.3568,930.8802
15546,3083.465,887.2499
15547,3092.0876,863.0713
15548,3084.9745,647.345
15549,3080.2103,818.2092
15550,3091.9563,915.1039
15551,3081.7312,680.3755
15552,3089.3834,970.6825
15553,3080.6115,823.9982
15554,3082.4152,891.6842
15555,3089.1246,990.9048
15556,3089.7557,820.988
15557,3091.5087,690.1731
15558,3084.324,839.7014
15559,3090.0393,897.4048
15560,3082.4062,1007.4041
15561,3085.2798,737.2661
15562,3094.241,915.854
15563,3082.566,829.4546
15564,3093.4162,735.7487
15565,3092.0623,1012.3639
15566,3087.9514,864.2378
15567,3088.8573,628.0206
15568,3091.1181,835.3726
15569,3082.6463,930.5572
15570,3084.864,645.3981
15571,3092.1174,837.063
15572,3091.8323,755.1321
15573,3091.4438,945.9252
15574,3083.2401,884.7795
15575,3085.4047,925.2853
15576,3089.0726,998.6044
15577,3094.6306,708.8192
15578,3087.0283,755.7805
15579,3089.3556,990.8561
15580,3090.5352,867.0195
15581,3087.1548,644.6144
15582,3095.8136,838.1849
15583,3091.6973,779.3047
15584,3091.3654,973.6553
15585,3089.9744,693.2372
15586,3094.7423,955.037
15587,3092.6324,989.7474
15588,3096.6479,971.6469
15589,3091.4805,836.2324
15590,3093.8739,686.5755
15591,3094.3302,806.2212
15592,3093.5447,933.7269
15593,3094.2131,933.05
15594,3092.3111,727.6656
15595,3083.8002,999.0704
15596,3093.757,980.7825
15597,3092.4522,686.0974
15598,3087.7524,876.2017
15599,3095.4497,641.2722
15600,3094.9897,991.0732
15601,3084.3094,948.7494
15602,3092.4449,754.445
15603,3089.6344,964.3112
15604,3091.6744,830.6212
15605,3095.5759,866.7314
15606,3096.4161,714.2707
15607,3085.6529,971.2824
15608,3088.4045,839.4187
15609,3090.0568,657.3014
15610,3090.5906,979.1075
15611,3091.2131,667.5187
15612,3086.6394,1001.2286
15613,3099.055,929.4214
15614,3091.7943,1006.5683
15615,3086.175,651.7224
15616,3097.8161,794.8642
15617,3086.1835,900.4357
15618,3099.3799,708.1832
15619,3089.0961,776.2468
15620,3089.4687,799.6903
15621,3095.3619,890.6503
15622,3093.7058,673.5882
15623,3093.0908,901.3942
15624,3089.4496,989.9313
15625,3098.4826,660.0188
15626,3087.3859,767.3722
15627,3097.2894,818.7404
15628,3091.0193,1013.0408
15629,3087.1133,958.3189
15630,3088.2444,992.7809
15631,3100.7116,881.7859
15632,3096.9665,712.8343
15633,3097.5926,930.6401
15634,3092.5439,950.0983
15635,3096.415,806.8602
15636,3098.0404,969.773
15637,3093.0073,737.465
15638,3087.7776,774.4227
15639,3097.5079,840.9289
15640,3086.4138,885.3235
15641,3091.8639,771.4716
15642,3091.3628,899.4878
15643,3096.2441,920.8062
15644,3097.4285,720.7443
15645,3095.3922,765.0233
15646,3091.7352,929.1844
15647,3099.6054,802.0562
15648,3092.3154,883.0736
15649,3098.0634,781.3031
15650,3099.2953,897.6753
15651,3088.4133,699.7165
15652,3096.6083,843.9585
15653,3102.1007,951.4846
15654,3088.2155,763.954
15655,3097.9954,768.8974
15656,3098.9153,719.9871
15657,3089.6459,894.6911
15658,3101.9512,962.9817
15659,3090.9704,655.6887
15660,3101.1125,752.1834
15661,3091.2438,796.537
15662,3101.7644,688.683
15663,3089.6733,700.9256
15664,3096.4346,904.4047
15665,3103.0516,763.9697
15666,3098.3364,831.8043
15667,3095.1396,669.3275
15668,3093.5986,876.216
15669,3101.4129,799.8134
15670,3100.5493,902.5941
15671,3102.641,990.1212
15672,3103.2339,892.2135
15673,3091.9118,749.3403
15674,3097.395,820.2208
15675,3102.1803,659.7226
15676,3094.532,902.5938
15677,3098.651,856.059
15678,3094.7651,952.3999
15679,3101.6566,853.6417
15680,3099.383,826.9771
15681,3096.196,744.1542
15682,3096.4142,655.6377
15683,3102.7742,673.8994
15684,3095.0849,662.9588
15685,3092.1244,994.8682
15686,3097.653,909.426
15687,3101.653,666.4426
15688,3096.0073,827.173
15689,3104.3602,937.1535
15690,3099.3373,868.034
15691,3101.7394,906.2941
15692,3098.1167,995.5854
15693,3102.0014,779.0183
15694,3090.3497,957.95
15695,3095.4394,931.7112
15696,3094.5501,1003.5122
15697,3098.7721,999.9369
15698,3097.275,916.3443
15699,3097.5232,989.6199
15700,3105.0926,931.6591
15701,3092.3941,919.4832
15702,3091.9264,897.8464
15703,3102.088,1014.3416
15704,3101.509,920.6662
15705,3100.1103,904.0158
15706,3099.9592,888.5668
15707,3093.8665,941.6946
15708,3101.0465,652.494
15709,3092.513,841.2079
15710,3104.3664,1010.9502
15711,3105.3641,760.5251
15712,3090.9775,638.7222
15713,3105.1906,881.2629
15714,3099.1247,739.7179
15715,3093.9398,892.279
15716,3104.6928,895.6425
15717,3091.9778,913.2672
15718,3091.6564,1011.1211
15719,3092.7832,746.988
15720,3106.0577,898.0118
15721,3098.0683,750.1298
15722,3100.8674,814.7564
15723,3099.2872,980.4972
15724,3093.0966,827.334
15725,3097.8095,664.9832
15726,3103.7929,866.6148
15727,3093.1939,1011.2565
15728,3100.1724,881.0044
15729,3106.5624,940.1745
15730,3104.1582,777.122
15731,3094.4021,805.1949
15732,3095.0131,821.9208
15733,3098.0018,911.3855
15734,3100.4138,954.3024
15735,3105.1316,805.1503
15736,3106.8105,658.4969
15737,3099.5472,808.9891
15738,3097.7153,638.7499
15739,3094.149,936.0105
15740,3097.0071,767.8932
15741,3092.2422,1012.0279
15742,3103.5583,815.6572
15743,3100.7487,844.5039
15744,3101.3673,709.6386
15745,3093.2455,896.2086
15746,3103.2754,742.2306
15747,3101.9712,641.8956
15748,3098.6925,679.7287
15749,3096.8818,652.0761
15750,3095.4153,918.1516
15751,3103.9051,1001.7929
15752,3102.7294,970.1636
15753,3106.5411,903.879
15754,3093.4562,736.0242
15755,3105.4343,655.4093
15756,3094.072,817.5587
15757,3100.652,793.2982
15758,3098.2906,850.8372
15759,3104.1244,945.3496
15760,3104.3216,940.4509
15761,3107.3548,690.6599
15762,3100.3178,736.7992
15763,3098.0979,876.3592
15764,3095.7511,985.7819
15765,3103.4376,1007.1645
15766,3104.75,1006.2934
15767,3102.5996,765.6274
15768,3100.3457,651.9072
15769,3098.0845,949.2471
15770,3099.2579,835.7254
15771,3100.4259,851.2782
15772,3105.3263,666.4955
15773,3102.2749,947.5469
15774,3093.4345,773.5559
15775,3100.0952,808.2624
15776,3101.5615,994.0279
15777,3095.4309,825.1393
15778,3096.1314,807.1808
15779,3107.6826,898.4672
15780,3096.8496,972.5162
15781,3104.5289,756.1051
15782,3097.7206,944.4963
15783,3095.0918,869.2798
15784,3095.0678,931.8005
15785,3102.1613,645.6918
15786,3099.2912,694.8998
15787,3107.0588,862.7814
15788,3094.5193,748.4504
15789,3097.317,844.8365
15790,3108.191,951.212
15791,3105.6413,957.0616
15792,3105.0842,792.4654
15793,3106.1471,830.3207
15794,3100.6954,990.432
15795,3096.2118,977.0488
15796,3100.3554,858.0859
15797,3107.2544,996.0647
15798,3100.061,959.9884
15799,3108.5142,1008.0762
15800,3100.5092,995.0428
15801,3095.2259,632.0021
15802,3095.2392,951.6065
15803,3095.5835,665.0744
15804,3108.0295,1009.2918
15805,3097.1157,752.8326
15806,3102.1599,661.7334
15807,3106.6137,899.3264
15808,3104.5585,886.6545
15809,3101.7122,982.5209
15810,3107.6461,923.1866
15811,3096.3807,986.9855
15812,3109.9492,874.0221
15813,3106.508,763.3149
15814,3099.8967,636.5566
15815,3102.1677,827.6199
15816,3097.6742,943.5817
15817,3101.4782,1000.2989
15818,3110.7076,990.7917
15819,3109.7644,954.6875
15820,3110.542,634.0232
15821,3109.0593,858.1237
15822,3097.8219,785.8108
15823,3104.7245,801.8072
15824,3100.0773,801.8157
15825,3108.0314,980.9019
15826,3100.4601,974.5692
15827,3105.9392,811.6187
15828,3097.8989,968.7419
15829,3102.3966,842.5655
15830,3107.5814,965.487
15831,3105.4504,760.3045
15832,3103.9771,773.4182
15833,3100.7559,833.1619
15834,3107.5613,716.9248
15835,3096.8924,836.5898
15836,3100.2613,940.2626
15837,3110.1261,684.2644
15838,3105.1541,737.2238
15839,3104.5508,974.652
15840,3107.2928,864.9379
15841,3111.8198,1012.5201
15842,3109.1143,701.7853
15843,3104.7576,762.5674
15844,3111.9454,1007.0145
15845,3110.0179,642.1229
15846,3106.0632,734.5833
15847,3097.5583,682.7759
15848,3108.8874,874.947
15849,3109.212,806.758
15850,3101.7015,989.5775
15851,3110.3408,850.2312
15852,3103.8974,739.2087
15853,3111.0692,872.6406
15854,3109.4251,830.8695
15855,3108.0598,900.5595
15856,3110.5087,659.7644
15857,3104.9344,878.1978
15858,3105.9326,992.6596
15859,3112.3939,1022.9268
15860,3097.5663,672.7952
15861,3103.5039,756.1359
15862,3110.3728,850.3106
15863,3099.2894,958.6488
15864,3098.8136,1003.5442
15865,3103.1066,755.6891
15866,3107.8275,763.6264
15867,3102.5743,700.2667
15868,3112.682,712.6885
15869,3104.2206,848.128
15870,3099.6843,1004.5996
15871,3110.8863,843.3235
15872,3112.2381,727.6002
15873,3099.1798,746.572
15874,3098.7098,1003.5815
15875,3109.6963,914.7516
15876,3103.9475,980.2058
15877,3098.8522,786.8379
15878,3104.8981,986.5228
15879,3101.9119,940.875
15880,3099.1824,964.2403
15881,3107.7363,866.9396
15882,3101.9521,872.9862
15883,3104.9926,739.7643
15884,3101.4029,874.4135
15885,3109.7901,730.6954
15886,3102.2442,861.5594
15887,3101.5247,941.5327
15888,3105.1428,850.4709
15889,3099.2066,977.3529
15890,3102.2905,799.0252
15891,3103.6902,733.0948
15892,3098.9816,832.3508
15893,3102.4155,697.7676
15894,3109.5401,954.4134
15895,3105.6717,960.2872
15896,3105.1925,883.9741
15897,3110.364,924.0549
15898,3110.1585,885.6271
15899,3101.0793,921.705
15900,3100.856,809.4216
15901,3112.3313,910.1009
15902,3104.8212,732.5372
15903,3108.606,674.7157
15904,3111.9898,890.9036
15905,3099.4635,716.9176
15906,3111.8171,957.8043
15907,3109.6709,1011.6842
15908,3103.7346,637.6231
15909,3100.2989,970.6361
15910,3111.2993,788.2531
15911,3106.3125,898.9498
15912,3099.8241,660.6481
15913,3110.6412,914.6947
15914,3108.1585,653.9646
15915,3108.9407,776.7107
15916,3108.4007,889.0972
15917,3107.365,731.1486
15918,3100.1276,944.2429
15919,3113.8354,827.5101
15920,3111.8195,933.4874
15921,3105.9969,738.6897
15922,3108.1712,659.9017
15923,3104.6817,644.2789
15924,3106.4194,653.683
15925,3105.6842,791.9798
15926,3101.4227,964.4146
15927,3099.7547,800.2883
15928,3107.2166,908.0338
15929,3114.9233,912.4299
15930,3100.3085,943.1327
15931,3104.8492,951.2703
15932,3100.182,981.5069
15933,3111.2005,937.8331
15934,3101.2012,1007.3618
15935,3100.7596,769.2412
15936,3110.6159,882.6589
15937,3112.4146,857.5102
15938,3113.7179,1012.8469
15939,3105.0402,722.8026
15940,3114.3746,726.7874
15941,3100.3748,1010.0173
15942,3102.3879,848.1079
15943,3115.512,965.7271
15944,3108.4263,882.7558
15945,3108.8517,781.6368
15946,3114.7666,806.8614
15947,3115.7397,669.9164
15948,3103.1983,1005.5919
15949,3101.4062,786.0477
15950,3112.0325,669.3624
15951,3112.4283,889.0013
15952,3112.0765,637.9799
15953,3112.6205,1015.3028
15954,3109.9378,1010.945
15955,3111.846,731.3873
15956,3111.7411,668.1006
15957,3108.4556,719.7983
15958,3109.6618,755.1947
15959,3106.7875,880.8527
15960,3114.3308,889.6409
15961,3109.0333,833.9288
15962,3103.1875,972.8582
15963,3114.4204,670.1661
15964,3103.5661,876.3316
15965,3105.9671,957.2562
15966,3103.3832,879.2463
15967,3103.336,1017.8525
15968,3106.2685,856.3088
15969,3113.3228,1011.856
15970,3102.3194,916.7025
15971,3101.9163,810.478
15972,3103.7301,949.2746
15973,3107.5535,770.0785
15974,3106.4706,957.4043
15975,3109.7862,826.7647
15976,3105.3789,922.8798
15977,3102.2695,827.6031
15978,3112.1797,788.3183
15979,3114.0553,969.9918
15980,3116.4246,930.4961
15981,3108.2148,661.4369
15982,3106.9102,745.1885
15983,3114.9052,749.1891
15984,3106.5316,883.0753
15985,3115.9392,722.5976
15986,3101.9788,1011.4997
15987,3104.7854,837.4112
15988,3105.9535,737.096
15989,3103.0342,887.2237
15990,3102.1566,798.1143
15991,3110.7055,809.6046
15992,3102.6276,951.0962
15993,3111.992,653.2159
15994,3110.1245,961.9494
15995,3116.6026,866.5253
15996,3109.5097,894.7637
15997,3116.6377,1006.0844
15998,3110.9016,966.7954
15999,3103.8154,949.129
16000,3111.3514,773.8946
16001,3112.5926,693.2593
16002,3105.0745,920.2335
16003,3104.4898,730.1702
16004,3110.9145,712.4545
16005,3110.7115,960.1945
16006,3105.2525,906.1941
16007,3106.3291,675.8018
16008,3107.7561,1003.9899
16009,3112.5235,887.6225
16010,3107.0338,1001.7134
16011,3104.8588,994.2855
16012,3109.5991,971.7575
16013,3109.0202,691.8912
16014,3107.088,907.8712
16015,3103.5635,987.2482
16016,3108.2821,742.592
16017,3107.9365,1001.9961
16018,3107.8456,783.6472
16019,3105.4868,1010.4671
16020,3112.8407,868.9198
16021,3115.4529,803.3888
16022,3104.9828,1004.2208
16023,3104.6371,668.9225
16024,3105.9394,648.8398
16025,3117.4345,670.6639
16026,3109.7981,899.7063
16027,3108.7818,875.7529
16028,3107.7157,1012.2908
16029,3110.827,746.3124
16030,3106.7701,997.4294
16031,3112.4168,882.3752
16032,3115.735,824.1369
16033,3109.6619,822.3043
16034,3104.1074,780.0573
16035,3115.0015,897.6241
16036,3109.7022,896.0874
16037,3117.1015,1013.9443
16038,3110.9433,994.6759
16039,3110.3947,780.9402
16040,3108.8547,712.2775
16041,3117.2267,812.935
16042,3119.2134,946.8296
16043,3105.1118,713.2902
16044,3116.7733,862.4799
16045,3115.1261,881.3928
16046,3112.826,1007.2376
16047,3105.1304,933.7832
16048,3119.4814,886.8152
16049,3117.8376,829.3572
16050,3105.9888,706.6586
16051,3106.0727,935.8202
16052,3108.9593,670.1586
16053,3105.6374,1013.3417
16054,3112.8517,705.1643
16055,3109.5358,861.559
16056,3113.2995,646.4609
16057,3112.09,666.9851
16058,3105.9054,835.4749
16059,3120.0055,844.1035
16060,3118.6957,844.7107
16061,3111.6104,1001.5727
16062,3108.345,886.0768
16063,3115.4334,963.8212
16064,3108.9553,651.6941
16065,3116.5092,872.1171
16066,3108.7073,811.9676
16067,3109.2142,977.9257
16068,3115.2994,942.6018
16069,3108.8232,895.885
16070,3119.4509,645.3407
16071,3118.425,934.598
16072,3117.0484,742.9027
16073,3114.6907,868.1038
16074,3105.6797,712.4205
16075,3111.7999,777.8665
16076,3113.1603,646.3742
16077,3116.2283,815.8129
16078,3106.8926,737.3699
16079,3116.1711,800.5345
16080,3114.331,859.9685
16081,3120.9129,872.4755
16082,3108.9187,996.5637
16083,3115.737,790.0233
16084,3105.9258,1013.5791
16085,3110.6626,916.9838
16086,3114.8289,959.9379
16087,3106.861,920.3841
16088,3106.9685,666.8935
16089,3108.4512,707.825
16090,3117.0528,655.6804
16091,3107.2635,854.702
16092,3121.2075,870.8281
16093,3108.9523,946.5343
16094,3114.5669,734.7263
16095,3119.7456,990.2218
16096,3106.552,837.4182
16097,3106.1711,716.1494
16098,3110.0313,983.3197
16099,3111.3245,865.1038
16100,3108.9958,977.4255
16101,3109.6,822.0507
16102,3110.5272,714.4468
16103,3115.4489,834.9389
16104,3118.7733,1013.5314
16105,3107.848,751.4176
16106,3119.1891,680.9351
16107,3115.5733,858.2781
16108,3110.6225,980.9077
16109,3113.1798,992.3943
16110,3109.5808,690.298
16111,3110.3109,869.5539
16112,3119.1426,748.265
16113,3110.7407,808.5566
16114,3120.2786,807.2964
16115,3117.4694,953.3523
16116,3122.0527,780.5094
16117,3110.1937,839.1543
16118,3118.8516,947.8904
16119,3118.6977,956.1456
16120,3108.1484,973.9245
16121,3113.3666,723.9991
16122,3109.6915,985.6972
16123,3116.0865,972.3372
16124,3119.588,898.5161
16125,3116.063,829.0127
16126,3122.1254,865.1787
16127,3108.4511,778.4872
16128,3111.0206,820.1778
16129,3108.3215,793.142
16130,3120.3828,950.1905
16131,3120.0695,1023.0207
16132,3122.8846,782.4064
16133,3121.2379,940.2509
16134,3122.9887,899.1645
16135,3108.7615,812.645
16136,3109.467,1008.4262
16137,3120.1818,755.3819
16138,3119.1332,891.4858
16139,3120.817,1004.0882
16140,3112.1106,975.524
16141,3119.339,674.4203
16142,3114.1402,688.5783
16143,3115.3303,741.7983
16144,3111.6707,1014.6673
16145,3108.8968,941.4083
16146,3122.4023,811.634
16147,3121.6812,761.7469
16148,3113.6599,940.4688
16149,3117.0453,767.5973
16150,3108.9627,926.8558
16151,3108.3915,938.3298
16152,3112.3227,841.7874
16153,3112.8631,833.4083
16154,3110.2531,863.159
16155,3120.7325,997.7632
16156,3112.8876,827.6887
16157,3115.8087,781.1709
16158,3124.2407,665.6045
16159,3121.4523,672.8909
16160,3119.2223,977.9348
16161,3120.9695,643.8321
16162,3120.9213,767.4085
16163,3111.802,1008.5846
16164,3110.3846,936.223
16165,3110.0516,1001.3304
16166,3116.1766,755.354
16167,3122.068,710.4046
16168,3111.9039,909.1515
16169,3117.5613,955.5068
16170,3118.763,982.201
16171,3115.475,876.7632
16172,3121.1684,819.3589
16173,3122.7252,699.9836
16174,3117.5747,957.2489
16175,3115.2325,832.0326
16176,3118.1572,862.4189
16177,3122.0305,745.3927
16178,3109.6682,847.6016
16179,3122.3037,930.5865
16180,3119.1014,860.378
16181,3110.6903,665.9421
16182,3119.4146,873.361
16183,3119.8526,918.159
16184,3121.379,989.3523
16185,3112.3047,714.0666
16186,3118.7633,655.6793
16187,3120.5564,987.9791
16188,3122.125,867.9744
16189,3118.9646,869.6889
16190,3115.3234,759.4906
16191,3123.0818,942.8828
16192,3115.9525,777.9635
16193,3118.0098,693.1998
16194,3122.8978,825.6567
16195,3110.7893,708.5297
16196,3119.1268,840.0991
16197,3113.8664,947.1261
16198,3117.0516,779.2093
16199,3120.9883,704.0632
16200,3122.8327,1008.6264
16201,3121.9238,699.5924
16202,3119.2031,676.4172
16203,3125.7575,680.9559
16204,3126.1891,771.5132
16205,3118.5617,635.6593
16206,3126.13,789.744
16207,3112.371,973.3486
16208,3112.7927,859.5643
16209,3116.0416,932.1079
16210,3122.8683,847.1558
16211,3111.7788,784.8513
16212,3116.6281,965.3349
16213,3113.0744,956.4232
16214,3124.1154,900.5662
16215,3111.5405,948.9677
16216,3119.2798,912.4007
16217,3124.8112,673.8172
16218,3122.3204,732.483
16219,3119.532,698.1677
16220,3126.4109,697.7304
16221,3126.0728,681.1885
16222,3120.544,928.3527
16223,3119.5366,673.6042
16224,3115.1479,806.4166
16225,3121.2965,792.9652
16226,3125.6038,685.4067
16227,3114.7871,782.5231
16228,3126.3506,887.8465
16229,3116.2115,730.8132
16230,3112.6193,634.05
16231,3117.2897,995.0657
16232,3125.2546,714.7768
16233,3120.7638,1014.1229
16234,3112.6837,953.8515
16235,3127.6517,817.9248
16236,3127.0412,704.9098
16237,3120.9176,961.9452
16238,3119.2209,878.9751
16239,3122.2097,899.1829
16240,3113.4546,860.0565
16241,3123.0621,753.7742
16242,3115.4287,865.328
16243,3119.6154,803.3509
16244,3115.8251,924.471
16245,3127.5291,1016.9674
16246,3125.2541,660.4861
16247,3120.0162,858.248
16248,3124.0928,816.5216
16249,3122.1058,944.5748
16250,3118.108,812.6962
16251,3124.9391,927.3975
16252,3126.6506,945.7073
16253,3118.1174,699.1102
16254,3126.2224,944.6514
16255,3121.3725,872.9856
16256,3122.9817,713.7221
16257,3113.5992,791.4182
16258,3118.3649,989.4621
16259,3125.7224,988.9531
16260,3118.0043,830.6591
16261,3126.1303,970.0877
16262,3115.6586,790.685
16263,3127.7334,755.6768
16264,3116.0199,900.5224
16265,3127.0502,804.2258
16266,3117.2546,817.6217
16267,3119.3932,959.5385
16268,3128.8994,765.3246
16269,3118.6387,983.5312
16270,3127.9789,859.9891
16271,3124.6466,886.523
16272,3117.6918,905.9753
16273,3121.3575,765.5846
16274,3115.1732,1016.56
16275,3123.5088,788.3372
16276,3126.2898,1000.4459
16277,3127.7592,751.552
16278,3125.5879,831.1175
16279,3123.8374,712.4346
16280,3127.1155,970.6969
16281,3128.3834,692.9758
16282,3115.8772,752.2383
16283,3116.3362,922.2225
16284,3128.508,849.2332
16285,3116.716,791.1765
16286,3126.5944,976.4643
16287,3122.2322,841.2935
16288,3116.9437,792.4581
16289,3118.321,951.2654
16290,3121.2646,772.0982
16291,3121.7484,839.9733
16292,3125.0486,881.6419
16293,3126.5431,857.6142
16294,3120.6843,715.8854
16295,3121.4925,690.2516
16296,3124.031,666.8447
16297,3124.1356,699.0736
16298,3123.1393,753.2004
16299,3122.6466,813.5361
16300,3129.4321,1006.0832
16301,3123.0415,981.5251
16302,3122.346,831.971
16303,3130.5931,822.3434
16304,3117.29,954.9667
16305,3131.6076,638.7449
16306,3121.0581,650.5245
16307,3128.2143,903.0977
16308,3118.2916,749.1387
16309,3122.2963,669.0847
16310,3125.4285,718.314
16311,3118.5968,853.5042
16312,3120.4286,924.2098
16313,3117.2298,658.0384
16314,3122.0264,670.373
16315,3126.0134,793.165
16316,3118.3542,757.1099
16317,3123.3547,944.2602
16318,3119.2616,825.768
16319,3119.075,806.53
16320,3119.8482,713.6754
16321,3124.0507,668.2212
16322,3125.8269,736.465
16323,3120.8264,785.2411
16324,3127.671,746.7247
16325,3126.6434,876.8843
16326,3122.1676,891.2268
16327,3131.6292,820.2125
16328,3131.001,826.7046
16329,3124.4884,894.9665
16330,3118.4926,976.3978
16331,3122.5632,716.4686
16332,3125.3144,788.4973
16333,3123.1647,1018.2854
16334,3120.1772,1015.1943
16335,3124.9681,1006.7635
16336,3133.744,758.8174
16337,3121.6734,858.2692
16338,3128.2829,743.0065
16339,3133.7786,787.7246
16340,3122.8248,715.8826
16341,3119.2087,812.1338
16342,3131.1409,750.7356
16343,3134.1555,861.2406
16344,3125.5664,984.1455
16345,3134.4079,1028.4482
16346,3131.366,920.3786
16347,3120.1001,1005.0197
16348,3129.4921,849.5022
16349,3123.8833,721.5676
16350,3132.9064,793.7998
16351,3133.8423,1000.2754
16352,3127.901,757.1041
16353,3121.5451,811.8173
16354,3128.8997,770.936
16355,3121.5263,988.3428
16356,3120.2854,817.7899
16357,3130.6785,679.2201
16358,3122.8559,978.4786
16359,3124.247,845.3201
16360,3121.8545,957.0454
16361,3121.7579,902.3527
16362,3126.7794,972.5158
16363,3127.4521,930.0151
16364,3132.2815,657.2721
16365,3121.7058,859.2247
16366,3125.6449,752.7817
16367,3125.9265,814.6561
16368,3130.3815,943.0219
16369,3121.8658,668.3084
16370,3123.8835,680.633
16371,3134.6499,837.7157
16372,3121.0097,751.1355
16373,3128.3841,883.8425
16374,3128.1129,1019.6644
16375,3136.0478,640.4073
16376,3129.8154,961.7284
16377,3121.1527,886.3282
16378,3134.7052,658.5555
16379,3126.0996,954.8035
16380,3132.8078,816.8902
16381,3126.3714,699.317
16382,3132.9267,953.089
16383,3136.0176,707.7157
16384,3124.1193,990.0797
16385,3128.3536,958.519
16386,3130.013,817.9357
16387,3135.9282,1023.753
16388,3135.3583,753.1901
16389,3125.7965,761.882
16390,3132.9436,777.6946
16391,3126.2557,852.3625
16392,3136.5884,765.9419
16393,3133.9997,1025.2157
16394,3136.0551,900.4926
16395,3128.5182,698.6286
16396,3126.4091,718.2435
16397,3134.0357,770.7309
16398,3124.1081,646.5993
16399,3127.0578,984.3373
16400,3134.7772,894.9501
16401,3124.3611,915.8075
16402,3130.6441,936.1526
16403,3135.5744,954.8665
16404,3135.6728,788.8633
16405,3133.1979,849.1298
16406,3126.7047,678.3474
16407,3126.1251,911.9301
16408,3125.8849,715.4602
16409,3134.9187,878.3221
16410,3138.629,1010.3727
16411,3133.3657,912.4238
16412,3138.0397,653.9726
16413,3125.2911,1024.7282
16414,3129.3567,773.4608
16415,3126.8294,1008.4618
16416,3129.566,860.6803
16417,3128.129,860.6891
16418,3125.9713,993.6315
16419,3138.3044,859.6862
16420,3138.2044,875.5763
16421,3126.1719,756.8853
16422,3126.5816,728.2919
16423,3127.6841,914.0975
16424,3124.72,754.2455
16425,3125.6669,894.9673
16426,3138.3931,979.9549
16427,3139.4613,798.0456
16428,3137.6086,874.6159
16429,3139.3876,899.4801
16430,3139.2702,894.5726
16431,3131.5201,940.3139
16432,3130.1297,959.8745
16433,3128.5023,892.4424
16434,3130.545,971.0592
16435,3132.6284,932.388
16436,3134.5995,793.0272
16437,3138.2631,971.6667
16438,3137.6835,696.6258
16439,3141.2909,1026.8358
16440,3127.7207,839.0038
16441,3128.7197,733.2643
16442,3132.4938,841.726
16443,3140.8206,1015.7827
16444,3133.0574,894.3346
16445,3133.0246,864.0341
16446,3126.3407,750.7292
16447,3131.9753,670.3421
16448,3134.7661,833.5948
16449,3137.96,861.2837
16450,3135.8864,998.7259
16451,3133.2347,735.6535
16452,3134.7619,1022.846
16453,3127.6153,1001.7059
16454,3127.4473,840.5433
16455,3133.9293,880.1204
16456,3140.5309,952.7854
16457,3135.028,1004.3711
16458,3130.4521,987.1886
16459,3137.6394,938.4469
16460,3137.3242,868.9543
16461,3130.7059,967.1387
16462,3138.8755,877.565
16463,3131.8388,678.8904
16464,3132.6117,872.7414
16465,3142.6367,791.6562
16466,3128.9371,647.0356
16467,3137.18,720.7646
16468,3140.4245,646.7015
16469,3136.916,813.7858
16470,3139.0645,770.9063
16471,3132.3982,800.0154
16472,3134.2515,904.9677
16473,3140.7176,675.6367
16474,3142.7523,741.2323
16475,3133.8037,1014.4198
16476,3143.9061,871.361
16477,3129.8258,858.2708
16478,3137.2432,669.0303
16479,3134.3965,882.7534
16480,3138.92,896.7965
16481,3134.0798,727.9198
16482,3137.5107,867.0783
16483,3130.2245,1000.9262
16484,3132.1358,853.4342
16485,3143.3299,662.9095
16486,3132.1931,783.5077
16487,3133.971,815.9363
16488,3131.3895,915.156
16489,3145.1093,955.2698
16490,3139.6018,1031.198
16491,3138.5859,666.9919
16492,3131.0283,934.7243
16493,3132.8418,888.9073
16494,3135.4947,958.6317
16495,3143.9247,996.4622
16496,3130.7696,855.339
16497,3134.6285,759.6899
16498,3144.8966,667.6359
16499,3137.9815,796.5314
16500,3140.26,851.585
16501,3139.263,831.4742
16502,3138.9571,652.2281
16503,3138.6538,687.673
16504,3146.1769,965.001
16505,3141.5297,821.8217
16506,3145.2701,881.8083
16507,3145.9224,755.5894
16508,3146.5191,832.9757
16509,3134.8065,747.0351
16510,3144.2127,882.4081
16511,3132.4448,1009.0253
16512,3143.1481,800.9057
16513,3136.2981,831.6419
16514,3138.991,855.7271
16515,3132.6061,989.341
16516,3142.4445,769.7994
16517,3142.7299,974.6435
16518,3137.7174,925.6143
16519,3141.1262,893.3085
16520,3146.8661,1033.4662
16521,3138.9871,801.3885
16522,3135.988,1024.1758
16523,3141.4295,720.9696
16524,3137.5121,997.3205
16525,3144.9738,955.3839
16526,3135.5646,823.5615
16527,3135.9416,934.2517
16528,3135.8774,685.8585
16529,3143.2653,915.5411
16530,3138.6062,880.6607
16531,3136.0488,885.8832
16532,3141.1555,641.6827
16533,3138.6174,812.6168
16534,3148.0914,775.6259
16535,3146.5334,810.0905
16536,3137.3981,781.1482
16537,3137.8557,716.714
16538,3147.2852,894.0919
16539,3134.3161,911.6252
16540,3142.627,805.4797
16541,3135.1739,1016.8228
16542,3142.9029,901.0147
16543,3140.9753,682.8762
16544,3137.5832,684.7035
16545,3142.6927,812.1294
16546,3141.5601,700.1523
16547,3139.4696,846.9685
16548,3149.085,803.817
16549,3143.3642,1028.4051
16550,3140.5253,938.4639
16551,3150.1032,759.5275
16552,3141.8333,745.7569
16553,3149.4333,765.8734
16554,3145.0077,852.5241
16555,3147.3977,772.0711
16556,3144.1227,931.9914
16557,3141.9981,753.8951
16558,3140.7775,801.2339
16559,3143.0746,647.0773
16560,3149.079,773.018
16561,3145.1116,736.9024
16562,3142.4862,658.3134
16563,3148.9407,758.8156
16564,3137.8488,822.3211
16565,3146.728,729.0423
16566,3145.4495,790.7904
16567,3141.2012,785.6908
16568,3142.0368,985.0451
16569,3148.6935,765.7448
16570,3147.0121,839.4598
16571,3140.17,867.2996
16572,3149.9449,742.3546
16573,3152.5454,966.1102
16574,3139.2748,947.3365
16575,3143.2301,863.5931
16576,3138.3033,675.5772
16577,3150.0235,932.5867
16578,3141.7184,856.9095
16579,3144.6615,803.2876
16580,3139.39,990.9294
16581,3151.8933,847.5574
16582,3142.7701,913.8235
16583,3143.4791,1025.9344
16584,3151.3463,815.1471
16585,3147.1849,754.7235
16586,3144.2317,923.0388
16587,3151.3047,660.7243
16588,3146.4166,696.4886
16589,3145.0146,995.622
16590,3146.2252,1002.1966
16591,3139.4408,786.4638
16592,3145.3377,727.1901
16593,3153.4546,801.1477
16594,3144.2178,799.1373
16595,3142.7617,713.5834
16596,3150.8654,862.3007
16597,3141.1363,955.7445
16598,3143.0394,670.3597
16599,3144.8559,682.998
16600,3141.0443,744.8587
16601,3144.0997,717.8493
16602,3149.8204,995.7733
16603,3152.241,862.1331
16604,3144.6652,842.7634
16605,3148.9041,725.9846
16606,3150.2318,1027.5371
16607,3156.1414,1025.9144
16608,3150.0213,917.8541
16609,3143.4042,992.2513
16610,3151.5428,764.2341
16611,3152.249,794.4452
16612,3154.3438,764.9372
16613,3151.3108,834.0941
16614,3152.6897,832.6514
16615,3142.8587,835.7747
16616,3155.6377,794.2205
16617,3155.8685,834.0403
16618,3155.3539,834.3814
16619,3152.1606,943.0742
16620,3142.9704,980.3608
16621,3148.9192,1019.3335
16622,3151.934,906.7518
16623,3152.6598,643.4304
16624,3150.9473,986.4418
16625,3144.2503,912.5843
16626,3152.051,909.839
16627,3148.8693,943.3478
16628,3144.5962,891.5732
16629,3148.8612,953.0296
16630,3152.2377,771.3191
16631,3156.8145,1021.1902
16632,3157.8843,955.706
16633,3156.4036,706.6132
16634,3146.5247,891.1302
16635,3156.5439,1018.5638
16636,3153.466,658.2831
16637,3147.9471,677.3996
16638,3151.9744,928.5128
16639,3145.0814,811.8017
16640,3159.9722,759.5988
16641,3152.9915,962.5055
16642,3145.1036,976.1976
16643,3152.0496,772.0945
16644,3150.8256,960.4378
16645,3154.5233,745.8768
16646,3148.4443,783.8433
16647,3150.7008,802.5099
16648,3148.8721,821.3734
16649,3157.804,819.766
16650,3159.0513,972.1602
16651,3147.2966,922.7724
16652,3146.0328,866.0365
16653,3153.8739,826.0703
16654,3147.5461,807.6083
16655,3159.4259,748.1356
16656,3151.4179,726.8756
16657,3158.2839,822.4473
16658,3146.7698,683.7721
16659,3159.7338,984.9096
16660,3158.8722,862.2324
16661,3156.0614,822.8063
16662,3150.5725,994.1317
16663,3149.1585,662.8766
16664,3156.767,918.402
16665,3148.9606,790.5913
16666,3154.8044,967.0457
16667,3161.356,866.8355
16668,3154.4822,652.5624
16669,3160.624,658.1651
16670,3159.2474,692.2179
16671,3161.0699,781.1202
16672,3152.1287,951.4366
16673,3155.5031,643.3444
16674,3161.8906,913.7339
16675,3153.2829,1030.752
16676,3159.3979,848.3194
16677,3150.8729,910.2821
16678,3157.2532,674.9842
16679,3151.9068,914.2994
16680,3155.5739,787.8715
16681,3153.4448,708.879
16682,3164.3763,823.2306
16683,3157.902,981.6774
16684,3150.5297,690.1601
16685,3161.5637,826.9403
16686,3159.2637,1012.875
16687,3152.4423,907.656
16688,3165.5916,1023.2559
16689,3152.8998,957.7336
16690,3151.9953,990.418
16691,3162.5842,812.7927
16692,3155.524,947.4177
16693,3152.819,943.1677
16694,3165.0475,890.8109
16695,3153.7714,760.6831
16696,3152.906,901.1525
16697,3159.4924,905.3577
16698,3155.9913,850.5135
16699,3166.5988,805.7187
16700,3163.4919,892.8196
16701,3163.7284,942.0449
16702,3167.2079,950.7608
16703,3160.6366,675.7839
16704,3158.6184,723.9918
16705,3166.3293,677.7207
16706,3164.7017,974.1109
16707,3161.569,974.7483
16708,3158.1829,665.5935
16709,3153.5532,886.3923
16710,3152.8144,946.0775
16711,3162.2195,650.802
16712,3152.9923,863.323
16713,3164.0816,687.9084
16714,3161.1806,929.5269
16715,3165.9911,921.7518
16716,3164.8689,1011.4052
16717,3163.0884,888.4277
16718,3164.6896,827.0337
16719,3158.5931,1029.6962
16720,3168.9963,685.19
16721,3166.0645,792.9773
16722,3158.6767,864.2286
16723,3165.8751,744.7211
16724,3161.1037,744.0721
16725,3161.4336,765.0887
16726,3158.4391,1025.098
16727,3168.6619,1000.4978
16728,3158.36,846.0577
16729,3156.182,684.7541
16730,3168.4613,978.5152
16731,3161.0798,918.3046
16732,3168.6358,971.6304
16733,3156.5192,977.8578
16734,3160.6978,1024.9964
16735,3157.4849,944.2611
16736,3160.8486,927.4649
16737,3169.7761,778.9074
16738,3167.8481,919.7951
16739,3157.6074,904.8283
16740,3161.1478,706.7294
16741,3158.7967,755.9205
16742,3163.7484,873.6103
16743,3171.6676,954.9872
16744,3166.7098,730.138
16745,3170.5795,731.6708
16746,3164.3296,939.496
16747,3169.3091,965.4361
16748,3160.1838,685.1817
16749,3172.9748,651.9289
16750,3158.4622,1018.3292
16751,3167.3892,1035.6183
16752,3166.5686,928.1877
16753,3159.1297,989.8585
16754,3164.0156,757.6392
16755,3172.6384,705.9159
16756,3166.3674,856.4357
16757,3158.843,1004.6114
16758,3166.6988,1019.7524
16759,3158.9698,701.2657
16760,3170.7027,695.226
16761,3172.7004,766.1098
16762,3169.5626,748.9659
16763,3163.7141,987.3263
16764,3164.2253,964.9403
16765,3171.8354,697.99
16766,3170.5435,758.0578
16767,3175.0438,945.0051
16768,3175.4029,717.0098
16769,3173.9803,668.9693
16770,3165.4076,886.3975
16771,3175.7509,783.2392
16772,3168.6131,1034.6963
16773,3175.3869,773.5001
16774,3173.2332,732.6209
16775,3161.4915,786.1313
16776,3164.4967,766.4901
16777,3175.7209,850.5071
16778,3172.0267,964.8684
16779,3174.9147,931.7862
16780,3172.7093,861.945
16781,3169.445,1011.517
16782,3177.2965,989.8535
16783,3172.3504,946.4441
16784,3166.9333,827.7652
16785,3163.3164,683.6717
16786,3164.8512,919.6363
16787,3166.3485,650.9444
16788,3163.5833,934.0617
16789,3166.6322,836.2463
16790,3174.5745,661.592
16791,3168.5104,968.593
16792,3166.8018,732.7107
16793,3178.9077,825.6782
16794,3169.6588,740.0024
16795,3164.6375,961.7704
16796,3178.8014,1002.9759
16797,3173.5412,979.2551
16798,3172.602,648.2467
16799,3167.4831,887.8203
16800,3175.4916,961.9107
16801,3175.5014,905.5238
16802,3171.341,1021.9342
16803,3178.7468,689.8955
16804,3177.6866,998.8111
16805,3165.8937,1012.1433
16806,3176.9995,818.2994
16807,3172.3599,781.8456
16808,3172.644,839.1333
16809,3177.843,655.6174
16810,3174.4505,841.2215
16811,3180.0121,822.6494
16812,3176.8941,700.4652
16813,3169.6379,1027.5114
16814,3179.141,786.3537
16815,3181.5853,770.4524
16816,3180.2242,794.303
16817,3167.6679,936.4688
16818,3180.0875,805.4078
16819,3170.2954,913.303
16820,3170.9782,1021.6061
16821,3180.4086,931.1562
16822,3180.4283,909.4618
16823,3174.5063,998.5015
16824,3176.1997,781.8392
16825,3178.934,1000.1282
16826,3170.1601,1037.1449
16827,3183.0144,904.081
16828,3183.537,708.8181
16829,3173.9281,894.898
16830,3174.5517,738.1988
16831,3171.8912,713.8712
16832,3176.4733,806.6736
16833,3174.1824,851.3103
16834,3182.3273,922.6538
16835,3177.2971,956.1566
16836,3182.829,1039.2455
16837,3180.327,712.5939
16838,3183.6607,1040.1768
16839,3173.5432,865.8331
16840,3174.3502,977.8693
16841,3172.3065,773.3699
16842,3182.9044,652.1428
16843,3185.9796,855.8321
16844,3179.6502,671.8835
16845,3171.9993,1009.611
16846,3176.4527,808.4379
16847,3181.4946,964.6933
16848,3182.483,735.3291
16849,3173.5588,681.1486
16850,3176.9626,746.4187
16851,3174.9965,859.8618
16852,3174.4739,676.1357
16853,3172.4686,995.4937
16854,3186.8133,723.4319
16855,3176.835,837.7473
16856,3181.6466,960.4887
16857,3176.2094,921.7542
16858,3180.4326,866.3647
16859,3183.3532,736.1726
16860,3183.4736,972.3064
16861,3177.1008,905.8116
16862,3188.0279,703.5424
16863,3181.8794,1038.809
16864,3181.9967,755.5258
16865,3181.1455,690.0733
16866,3177.6621,965.1536
16867,3175.5461,812.2242
16868,3176.7421,985.4688
16869,3186.2701,782.0521
16870,3186.951,715.3054
16871,3178.4114,763.227
16872,3181.9292,896.3215
16873,3188.3091,933.8524
16874,3177.143,714.769
16875,3189.544,835.4408
16876,3187.6652,727.5862
16877,3183.2824,759.297
16878,3191.4903,940.911
16879,3185.2434,680.9075
16880,3185.3742,821.3969
16881,3176.6855,1041.8243
16882,3181.2217,707.5764
16883,3191.2784,821.4358
16884,3190.9267,854.8233
16885,3180.1253,759.7818
16886,3184.0201,994.6727
16887,3193.149,779.5377
16888,3182.5387,1008.386
16889,3186.2327,1035.1109
16890,3182.1052,671.3744
16891,3182.9695,795.3607
16892,3184.2505,679.4437
16893,3189.9238,888.4539
16894,3179.3577,940.5589
16895,3182.2903,849.3023
16896,3182.2381,958.9842
16897,3193.027,760.9843
16898,3194.546,665.5766
16899,3190.6994,864.82
16900,3183.9914,985.7022
16901,3186.8466,754.8244
16902,3185.8634,1018.1056
16903,3184.405,800.9199
16904,3189.3402,687.2092
16905,3186.8168,747.1117
16906,3189.697,907.4058
16907,3195.0602,682.7776
16908,3184.5099,704.8023
16909,3182.8506,950.3019
16910,3193.8491,765.8957
16911,3193.5522,918.9707
16912,3186.0493,826.2093
16913,3182.359,876.3827
16914,3186.7117,970.7845
16915,3194.859,975.2457
16916,3194.2306,762.2051
16917,3191.2592,970.2282
16918,3194.1705,742.1081
16919,3193.8649,775.6854
16920,3184.1237,676.3423
16921,3191.9236,962.6014
16922,3196.425,831.4602
16923,3198.2384,1022.0219
16924,3197.5844,992.7967
16925,3192.6941,690.8506
16926,3190.1805,832.9265
16927,3196.4921,877.8374
16928,3196.5663,778.1089
16929,3189.5768,955.6534
16930,3193.1348,883.4071
16931,3192.4342,1007.7411
16932,3190.6594,781.283
16933,3199.9635,1014.4497
16934,3195.828,874.4652
16935,3196.1255,862.6873
16936,3187.0707,866.8016
16937,3192.7547,873.2723
16938,3191.7317,908.2206
16939,3189.4352,724.1748
16940,3186.1569,1031.6176
16941,3191.3656,1030.5469
16942,3188.0216,995.9496
16943,3193.2371,885.7459
16944,3190.7556,756.8493
16945,3195.3209,988.1984
16946,3198.2305,823.9801
16947,3197.2406,735.6622
16948,3201.4184,778.6984
16949,3190.8474,1041.5748
16950,3189.2728,767.5705
16951,3197.6507,808.1176
16952,3201.9415,981.8263
16953,3197.2506,1025.1897
16954,3190.7209,839.0478
16955,3195.1401,856.1183
16956,3204.006,882.1861
16957,3201.1966,732.7991
16958,3200.5637,783.7383
16959,3201.0985,786.9739
16960,3191.2428,729.7104
16961,3191.5443,866.5979
16962,3201.9887,905.2801
16963,3199.7215,851.8883
16964,3190.9101,1036.1524
16965,3198.0465,890.282
16966,3190.4774,1047.2479
16967,3205.4685,944.278
16968,3194.684,978.4279
16969,3201.1781,957.768
16970,3202.7161,907.9118
16971,3200.4956,1044.2006
16972,3205.3189,758.5546
16973,3196.9989,934.2903
16974,3205.9323,850.7391
16975,3196.4617,1036.1146
16976,3196.3132,740.6653
16977,3199.6248,976.2328
16978,3207.1602,724.1797
16979,3194.937,1029.186
16980,3195.1307,971.7552
16981,3196.1127,878.4035
16982,3196.4491,732.1039
16983,3198.4472,825.1026
16984,3207.573,922.1469
16985,3202.292,778.3713
16986,3208.3612,852.954
16987,3207.1155,772.725
16988,3209.8644,802.5686
16989,3208.4294,877.6898
16990,3208.2699,797.6558
16991,3209.3482,967.3906
16992,3202.3623,801.5998
16993,3210.2183,816.0342
16994,3206.3724,904.1946
16995,3201.9067,800.4507
16996,3209.6561,945.7372
16997,3199.9327,799.8735
16998,3197.4455,874.6316
16999,3208.5946,790.175
17000,3210.6145,652.0834
17001,3196.8555,800.0316
17002,3208.6766,910.9786
17003,3207.9631,843.2907
17004,3203.3527,760.1907
17005,3198.3185,899.0139
17006,3210.8411,733.0828
17007,3212.5034,852.4224
17008,3198.9141,687.6731
17009,3198.6529,905.6999
17010,3209.8002,970.8828
17011,3206.1448,791.9215
17012,3212.3459,784.4414
17013,3209.1781,661.0465
17014,3205.7085,974.2662
17015,3204.4666,862.9142
17016,3200.7218,729.3158
17017,3200.5233,723.1204
17018,3201.3781,932.868
17019,3215.9238,841.9508
17020,3213.4321,1032.3744
17021,3215.9303,981.7254
17022,3202.9198,1031.4207
17023,3216.5623,936.8851
17024,3213.68,729.9789
17025,3213.5011,840.702
17026,3206.4289,782.0479
17027,3213.6132,1016.6181
17028,3207.139,789.1396
17029,3208.7762,875.9169
17030,3204.1614,1043.3414
17031,3213.1187,954.4559
17032,3203.1454,920.4047
17033,3213.4728,1004.1602
17034,3202.7997,946.188
17035,3205.4172,667.5212
17036,3218.8052,736.9097
17037,3208.3725,782.6181
17038,3206.3288,976.5177
17039,3209.762,928.5798
17040,3208.2825,673.717
17041,3217.0992,692.2951
17042,3215.8084,838.8965
17043,3217.2446,885.6333
17044,3206.4775,714.5357
17045,3209.9981,967.4159
17046,3219.2397,936.8459
17047,3208.8508,933.4809
17048,3221.1438,702.6974
17049,3218.7958,802.12
17050,3206.6568,943.9594
17051,3218.6163,934.7601
17052,3216.0502,699.6135
17053,3217.9858,985.748
17054,3215.281,1054.5142
17055,3212.729,809.6433
17056,3219.167,904.876
17057,3221.7099,999.3025
17058,3208.9979,835.717
17059,3222.2068,925.555
17060,3209.6827,860.4957
17061,3217.517,686.2919
17062,3220.2439,992.6041
17063,3224.3446,890.6936
17064,3214.0499,1000.3761
17065,3220.2416,788.2513
17066,3217.781,664.1218
17067,3218.9271,861.1838
17068,3215.298,792.9726
17069,3217.1126,697.1577
17070,3213.7391,714.7743
17071,3216.2533,1021.9638
17072,3224.7986,974.1933
17073,3219.9065,933.4695
17074,3216.8953,987.8013
17075,3211.1925,911.2728
17076,3218.6986,856.9372
17077,3218.4597,871.479
17078,3214.8668,1042.316
17079,3226.9181,729.9188
17080,3215.6661,824.105
17081,3217.3633,981.7979
17082,3220.6519,939.7313
17083,3217.348,906.553
17084,3219.4298,997.3983
17085,3219.0848,890.7209
17086,3225.9856,953.5409
17087,3228.7649,817.7867
17088,3214.9608,714.4942
17089,3226.9939,903.2956
17090,3221.7393,1038.7165
17091,3215.822,667.2573
17092,3224.8021,723.0257
17093,3221.4838,1035.3963
17094,3228.4097,677.2842
17095,3226.773,945.8787
17096,3216.4777,917.7634
17097,3226.8801,858.3771
17098,3231.2097,849.1382
17099,3219.5197,954.113
17100,3229.2166,884.0161
17101,3217.4312,1025.4184
17102,3228.8956,758.2105
17103,3227.9304,930.9822
17104,3223.6427,673.2901
17105,3229.6284,811.0624
17106,3218.2167,684.0439
17107,3229.7518,860.6788
17108,3218.8639,773.5398
17109,3225.5711,708.0155
17110,3228.3792,881.1422
17111,3233.3475,686.0711
17112,3222.3989,1028.515
17113,3227.5863,828.5246
17114,3223.392,917.8553
17115,3230.7775,694.2713
17116,3229.945,962.8427
17117,3229.6779,696.8115
17118,3220.1095,1002.3218
17119,3229.9377,811.042
17120,3229.8453,773.3238
17121,3234.9194,699.4771
17122,3232.708,730.7419
17123,3227.2167,688.9423
17124,3224.4948,894.4268
17125,3233.6146,968.7558
17126,3232.1554,921.1176
17127,3232.4261,1010.5329
17128,3235.6496,695.9619
17129,3225.2337,902.1552
17130,3230.0031,937.4557
17131,3236.3588,875.9368
17132,3230.3567,946.3911
17133,3224.9433,851.2159
17134,3233.9786,951.7591
17135,3231.7696,872.3074
17136,3223.5391,938.2109
17137,3229.5091,870.7687
17138,3230.647,667.4597
17139,3226.5036,707.9714
17140,3225.107,760.0564
17141,3225.5826,889.355
17142,3224.654,819.9525
17143,3227.3643,1004.414
17144,3233.3169,736.4972
17145,3227.1947,791.8206
17146,3234.0082,1044.3913
17147,3238.5052,772.4274
17148,3239.8519,735.6864
17149,3241.7188,680.5391
17150,3228.0939,831.9639
17151,3238.8864,853.5813
17152,3242.3857,817.5189
17153,3241.387,886.2602
17154,3240.3143,942.0189
17155,3234.0038,981.9445
17156,3237.8488,747.3863
17157,3232.4638,980.3571
17158,3240.3882,1064.6776
17159,3232.2339,940.3457
17160,3244.1271,683.9239
17161,3244.4343,992.221
17162,3234.3603,867.0815
17163,3231.8953,962.8523
17164,3230.2767,859.524
17165,3232.8078,671.4389
17166,3234.7717,941.3156
17167,3234.2595,935.6681
17168,3239.6678,1056.743
17169,3234.0681,1004.2847
17170,3236.5366,998.0497
17171,3244.2728,923.2128
17172,3233.9043,791.2418
17173,3234.902,791.5527
17174,3234.3936,728.8226
17175,3239.7499,993.9701
17176,3232.9995,1055.6116
17177,3237.1253,800.1785
17178,3248.29,766.4706
17179,3248.557,724.2849
17180,3248.4939,1034.4167
17181,3233.1383,974.1733
17182,3242.1494,678.4682
17183,3243.9453,1011.9021
17184,3236.8473,790.8961
17185,3244.8319,671.8827
17186,3241.4022,1028.3539
17187,3246.0931,846.1929
17188,3235.1353,858.5474
17189,3250.6367,848.6468
17190,3246.9393,860.5901
17191,3248.685,963.9597
17192,3249.6862,742.985
17193,3242.8991,728.2601
17194,3245.006,726.7885
17195,3239.7828,863.7551
17196,3238.8186,658.9873
17197,3249.7133,1031.1309
17198,3238.2745,1053.5279
17199,3249.4498,866.5228
17200,3248.112,742.2188
17201,3253.0621,825.0011
17202,3240.1317,1017.2205
17203,3240.9334,812.8655
17204,3243.7205,1054.472
17205,3251.5858,744.7831
17206,3244.0246,956.896
17207,3238.9757,978.7156
17208,3251.8765,743.7704
17209,3251.335,705.9958
17210,3253.6142,1042.4365
17211,3254.7954,856.5429
17212,3247.7664,1065.4572
17213,3246.1094,990.8755
17214,3244.6775,689.8009
17215,3245.1825,729.1487
17216,3252.8383,965.3508
17217,3243.0471,1027.0506
17218,3251.7844,942.5426
17219,3253.1638,1025.8985
17220,3242.4012,911.7734
17221,3250.018,872.7167
17222,3245.3917,1018.6575
17223,3251.8964,799.0936
17224,3256.2094,719.2801
17225,3245.631,673.5305
17226,3251.9635,780.151
17227,3253.3996,987.5428
17228,3247.4339,688.0814
17229,3244.3295,736.6731
17230,3249.8449,831.4492
17231,3248.1981,873.1958
17232,3245.9797,921.5543
17233,3253.2793,996.8287
17234,3247.4015,943.468
17235,3255.4288,854.2574
17236,3261.6165,1071.2864
17237,3252.206,993.2149
17238,3251.7923,1009.9655
17239,3252.0319,1064.2578
17240,3252.1458,872.9503
17241,3248.3447,816.4656
17242,3262.8819,677.0077
17243,3254.5578,881.4163
17244,3252.5689,965.551
17245,3254.2947,696.716
17246,3258.2668,865.4429
17247,3249.2011,792.0202
17248,3251.9735,1020.2861
17249,3256.3573,865.8284
17250,3251.2645,876.9334
17251,3264.978,743.3056
17252,3260.068,720.8892
17253,3262.8041,665.2544
17254,3259.651,975.9973
17255,3260.3015,993.3617
17256,3264.2604,932.9019
17257,3265.9871,965.3164
17258,3266.7821,990.0282
17259,3253.8183,942.7377
17260,3256.5275,838.2249
17261,3265.5631,896.2119
17262,3259.9472,740.487
17263,3251.9842,815.1926
17264,3258.527,908.6786
17265,3252.8412,787.1353
17266,3260.0955,919.5209
17267,3257.0113,732.8059
17268,3259.933,691.8237
17269,3257.9041,793.4229
17270,3258.4616,914.3724
17271,3264.8228,732.2327
17272,3254.6269,948.8671
17273,3256.6832,738.2914
17274,3259.0738,996.7513
17275,3255.1192,987.3992
17276,3264.0265,916.1109
17277,3265.367,766.0711
17278,3263.4068,695.5332
17279,3262.2173,730.9444
17280,3264.6774,825.5976
17281,3271.8679,772.3044
17282,3264.7525,888.826
17283,3261.4696,947.4865
17284,3257.948,718.5875
17285,3257.23,991.0239
17286,3267.4311,949.5826
17287,3271.6985,822.7071
17288,3270.1418,866.153
17289,3268.2664,965.1838
17290,3272.8702,953.5032
17291,3273.9851,987.4747
17292,3270.6146,891.0661
17293,3271.482,727.9331
17294,3262.714,753.2944
17295,3263.1739,772.43
17296,3269.2078,996.3314
17297,3262.2586,869.1391
17298,3272.139,751.874
17299,3273.4659,702.1472
17300,3271.0355,801.8143
17301,3261.8641,901.2125
17302,3261.5377,931.9396
17303,3269.9907,968.712
17304,3272.2467,675.4286
17305,3265.9424,1037.4012
17306,3267.0335,721.4463
17307,3274.6753,840.5288
17308,3264.9826,1027.5612
17309,3272.3384,816.1899
17310,3269.9021,817.3213
17311,3265.8238,993.9607
17312,3266.6427,961.1697
17313,3274.7396,667.9947
17314,3279.8215,873.1872
17315,3274.4234,1028.167
17316,3274.9553,684.4093
17317,3270.7243,876.8829
17318,3271.9919,996.4397
17319,3279.2732,789.6831
17320,3275.9913,929.9954
17321,3275.5451,1004.0211
17322,3266.8849,808.28
17323,3274.1597,1014.7918
17324,3282.9894,814.102
17325,3281.7212,902.1408
17326,3271.9239,863.9713
17327,3279.4902,700.8813
17328,3270.2815,999.9932
17329,3275.9741,878.079
17330,3278.7695,965.3099
17331,3268.5162,913.2484
17332,3270.4875,796.8987
17333,3274.7355,687.2697
17334,3284.2519,857.2592
17335,3275.762,992.1243
17336,3277.0425,735.2144
17337,3278.4487,883.3272
17338,3283.5763,751.5421
17339,3273.8142,830.2966
17340,3281.3772,894.742
17341,3282.893,845.7879
17342,3280.0579,1070.2213
17343,3285.7623,905.2396
17344,3274.7019,874.2546
17345,3274.1666,818.1031
17346,3280.3808,943.0478
17347,3278.3801,799.0634
17348,3286.144,918.0561
17349,3288.542,828.9264
17350,3287.9864,761.4994
17351,3281.2358,985.106
17352,3283.8685,843.7375
17353,3285.7016,734.152
17354,3274.9476,1043.5802
17355,3275.0034,970.1146
17356,3289.9875,1012.4423
17357,3277.96,970.0851
17358,3278.9447,763.9067
17359,3281.4074,786.6502
17360,3290.1339,756.4695
17361,3281.8537,846.4417
17362,3288.4132,954.6622
17363,3288.3127,962.0822
17364,3280.2155,899.3746
17365,3277.3861,922.9222
17366,3284.8572,874.5685
17367,3284.2141,960.748
17368,3286.4216,1074.2716
17369,3292.6955,731.8283
17370,3287.4555,837.0252
17371,3281.5587,980.768
17372,3288.2819,726.6548
17373,3280.442,694.4296
17374,3282.5652,1004.5641
17375,3290.8979,861.3675
17376,3287.3784,821.7072
17377,3285.4194,839.1416
17378,3296.202,823.1089
17379,3282.9697,850.7702
17380,3283.0567,792.2708
17381,3293.529,945.9186
17382,3294.7711,705.0892
17383,3293.734,899.7647
17384,3285.465,1002.8088
17385,3292.0792,995.1715
17386,3289.3587,893.9645
17387,3291.9707,1011.6034
17388,3288.4997,1061.8643
17389,3292.6986,1081.9892
17390,3293.6744,752.3937
17391,3284.4115,709.5778
17392,3292.7137,987.9348
17393,3297.4224,982.7411
17394,3290.8007,984.2715
17395,3295.1587,894.1592
17396,3301.0473,1070.5576
17397,3286.2532,850.0628
17398,3296.9953,960.3534
17399,3298.6898,826.9294
17400,3300.427,1024.2788
17401,3296.0638,940.5771
17402,3300.202,898.6002
17403,3292.0417,1077.8282
17404,3300.1763,802.1263
17405,3297.5075,945.9505
17406,3290.3048,1054.4434
17407,3288.3431,834.6896
17408,3295.5557,689.9302
17409,3290.3968,763.8336
17410,3299.1866,1078.9139
17411,3297.3967,1071.1297
17412,3295.1064,1073.2636
17413,3299.0932,1034.4187
17414,3300.6795,807.3641
17415,3294.265,730.4013
17416,3300.8854,769.2631
17417,3303.6642,1012.7763
17418,3301.7951,1014.3832
17419,3301.511,724.8949
17420,3302.7831,946.8014
17421,3303.3511,894.0327
17422,3295.5461,979.409
17423,3298.9109,1010.3539
17424,3299.1182,896.2914
17425,3306.0205,941.7252
17426,3307.6769,1029.3482
17427,3301.1588,687.8354
17428,3300.0583,960.8192
17429,3306.9874,958.9324
17430,3302.7845,938.9671
17431,3305.1438,803.1053
17432,3300.761,982.6199
17433,3302.5173,960.7651
17434,3304.1925,798.8831
17435,3296.4415,915.2125
17436,3310.981,945.501
17437,3305.3699,955.2915
17438,3307.2755,870.8505
17439,3303.0847,954.4054
17440,3300.3011,1080.6268
17441,3305.7837,901.5261
17442,3299.9632,706.4849
17443,3300.4954,817.7641
17444,3308.9542,883.7267
17445,3302.7856,734.7683
17446,3310.613,854.4677
17447,3302.1486,687.6952
17448,3302.8871,940.3442
17449,3314.3691,1081.7156
17450,3305.0862,893.6439
17451,3315.9759,720.8026
17452,3301.0635,770.0358
17453,3304.122,989.5703
17454,3313.7617,1022.3318
17455,3304.0702,709.057
17456,3313.4963,1016.5862
17457,3304.5258,806.8148
17458,3306.8697,862.889
17459,3303.2544,710.6385
17460,3306.3468,1021.2213
17461,3311.9927,941.3232
17462,3303.9564,799.2424
17463,3304.0282,807.005
17464,3311.7593,824.4634
17465,3315.6797,1015.2145
17466,3304.9528,823.1009
17467,3315.6342,1043.9643
17468,3307.9282,810.52
17469,3312.8555,707.8396
17470,3309.7074,1063.7303
17471,3309.2974,1070.7916
17472,3310.4303,850.414
17473,3314.6812,952.9747
17474,3307.6765,884.9787
17475,3318.0813,926.4902
17476,3318.5203,852.2299
17477,3308.4229,915.3135
17478,3317.0298,988.8091
17479,3315.7918,884.8685
17480,3319.4108,732.4092
17481,3323.6593,726.3505
17482,3308.13,806.9497
17483,3313.9464,692.7379
17484,3315.0498,937.2375
17485,3317.2319,892.6438
17486,3309.3965,709.203
17487,3325.3677,686.1062
17488,3321.5645,934.9219
17489,3321.6949,1055.6388
17490,3326.6264,793.8995
17491,3312.7722,824.281
17492,3317.7267,736.3313
17493,3320.6661,1038.0269
17494,3315.0364,828.9947
17495,3317.5258,849.3056
17496,3317.5405,1015.5544
17497,3314.1506,965.7757
17498,3328.194,939.3146
17499,3324.5146,947.1196
17500,3318.0321,842.4511
17501,3326.3693,776.11
17502,3324.7567,753.02
17503,3323.4277,958.5055
17504,3328.4533,993.1725
17505,3317.1237,831.0479
17506,3316.3217,1061.4323
17507,3327.1435,1075.2397
17508,3328.7169,676.9801
17509,3324.7763,685.9999
17510,3316.1644,764.9001
17511,3326.4707,743.8823
17512,3324.7077,827.8986
17513,3320.9691,681.573
17514,3322.5913,684.0606
17515,3329.4014,1034.9883
17516,3317.4952,707.2493
17517,3319.3799,1081.1362
17518,3322.1531,1088.3546
17519,3325.8661,1071.489
17520,3330.6907,1005.1683
17521,3320.4603,740.1919
17522,3324.7266,997.5439
17523,3321.9258,1036.9741
17524,3322.1087,850.725
17525,3330.1009,1049.6405
17526,3328.5699,1046.7347
17527,3327.0314,1041.8732
17528,3331.7339,1051.2093
17529,3335.243,841.77
17530,3330.6751,869.2958
17531,3321.607,1030.3969
17532,3326.5093,806.8876
17533,3325.7016,1051.7144
17534,3326.1241,708.4292
17535,3331.8096,728.7305
17536,3334.9594,983.8353
17537,3328.0248,712.8513
17538,3328.6493,959.9078
17539,3336.1833,824.2233
17540,3340.6934,972.2345
17541,3340.513,717.2355
17542,3333.5309,988.814
17543,3331.8106,796.7549
17544,3337.5005,973.9096
17545,3337.092,1041.5731
17546,3326.9101,860.4913
17547,3326.565,1020.2347
17548,3337.6309,893.3517
17549,3335.0899,1091.3126
17550,3327.4086,1020.4156
17551,3335.3752,1089.6358
17552,3341.3977,684.3307
17553,3334.2023,866.8769
17554,3334.2894,1077.845
17555,3340.3219,980.8963
17556,3334.0437,1029.706
17557,3342.1289,781.621
17558,3342.894,880.1256
17559,3332.3329,1090.4672
17560,3340.0499,682.834
17561,3334.2708,1091.1192
17562,3339.7135,901.6435
17563,3335.5801,1063.7148
17564,3343.8414,702.5335
17565,3343.1698,896.3716
17566,3339.2901,1087.1807
17567,3335.5567,745.5002
17568,3339.199,889.6778
17569,3336.6644,851.9953
17570,3335.0173,1039.0498
17571,3346.091,898.4344
17572,3349.0809,953.1946
17573,3336.2069,848.6062
17574,3337.9685,714.5421
17575,3347.4667,916.6821
17576,3338.3202,930.0895
17577,3341.5977,1059.8705
17578,3349.0441,1020.3319
17579,3341.1604,802.2944
17580,3350.443,889.5789
17581,3350.11,1023.5378
17582,3347.7624,793.455
17583,3339.3204,681.7859
17584,3350.8874,728.6525
17585,3337.3918,754.6682
17586,3348.7427,844.0736
17587,3342.3627,836.5659
17588,3341.4503,774.6444
17589,3342.6078,890.2453
17590,3348.0848,1069.5892
17591,3354.1925,1058.0438
17592,3349.9144,957.7828
17593,3343.8721,1084.3148
17594,3354.1674,1052.9664
17595,3343.1104,812.7815
17596,3344.4239,835.2062
17597,3348.4862,1011.0525
17598,3354.0471,947.8875
17599,3343.808,684.3705
17600,3354.3854,977.3906
17601,3343.1193,900.6909
17602,3354.5316,974.5868
17603,3352.0314,1071.0308
17604,3345.6748,748.8875
17605,3350.746,853.2561
17606,3346.2709,796.2867
17607,3352.9558,947.7876
17608,3348.4766,924.4474
17609,3349.3154,1072.6693
17610,3352.0865,760.9634
17611,3360.4607,994.1967
17612,3353.8551,855.3659
17613,3349.0468,1056.57
17614,3359.9563,1028.5845
17615,3345.5069,1085.9496
17616,3352.9887,1014.1867
17617,3356.9459,1028.0034
17618,3349.7047,967.539
17619,3362.7211,757.779
17620,3346.8325,1055.079
17621,3351.4216,934.9503
17622,3355.1631,1013.7023
17623,3348.2613,1040.1043
17624,3361.8998,1104.4639
17625,3361.1033,1044.8653
17626,3361.78,934.4206
17627,3350.6762,698.3944
17628,3351.7038,732.497
17629,3358.2952,1011.2771
17630,3355.1278,798.4344
17631,3352.2105,997.3271
17632,3358.7344,1063.0565
17633,3366.4617,792.6445
17634,3362.4314,933.3537
17635,3358.1987,883.1582
17636,3363.4316,1024.8804
17637,3362.9972,840.6067
17638,3353.7545,952.2963
17639,3355.2824,905.4393
17640,3365.5882,1018.5617
17641,3353.4843,1094.2865
17642,3353.6016,860.9291
17643,3355.1516,954.6269
17644,3359.8143,1037.7163
17645,3358.3848,1092.9038
17646,3359.305,745.8415
17647,3362.0906,1000.3312
17648,3361.1756,813.8135
17649,3361.5738,1037.2706
17650,3362.1249,1088.3671
17651,3360.2771,844.295
17652,3366.2658,1018.776
17653,3363.3795,1041.0506
17654,3372.6179,1078.3639
17655,3365.1999,985.7059
17656,3373.8822,852.0963
17657,3360.3676,724.0479
17658,3358.5212,786.7633
17659,3362.0879,1031.5481
17660,3369.1933,939.3523
17661,3373.6989,960.8744
17662,3374.2833,985.2111
17663,3367.5852,935.639
17664,3375.8948,989.6802
17665,3368.1764,870.8938
17666,3367.4573,1065.7016
17667,3368.2651,950.6382
17668,3364.3922,709.7694
17669,3361.9943,1101.6419
17670,3366.7692,933.4286
17671,3373.9113,910.6315
17672,3370.669,963.3584
17673,3370.1722,878.7597
17674,3375.0143,980.8519
17675,3378.2887,984.9534
17676,3365.5581,928.0933
17677,3365.1261,963.0209
17678,3363.724,955.573
17679,3369.8888,734.419
17680,3374.894,880.365
17681,3375.9367,956.1899
17682,3378.4215,1103.8772
17683,3377.8023,945.6936
17684,3377.1806,787.639
17685,3372.5336,814.0403
17686,3371.1436,1001.1038
17687,3369.6062,930.6368
17688,3375.931,817.9083
17689,3375.8403,1033.6563
17690,3368.9087,812.8208
17691,3376.1429,808.5661
17692,3367.8711,993.4446
17693,3381.9637,985.5717
17694,3376.9407,1076.3122
17695,3381.105,1046.3317
17696,3379.1751,989.3698
17697,3382.5425,928.3041
17698,3375.3662,1011.3682
17699,3384.6315,817.2249
17700,3386.5704,999.1752
17701,3375.4467,1066.6237
17702,3382.9301,738.1474
17703,3371.5759,1068.6328
17704,3381.7915,906.3352
17705,3382.8932,906.4074
17706,3377.035,730.0513
17707,3381.1259,1061.9402
17708,3386.9135,912.3604
17709,3383.443,888.2245
17710,3378.1579,881.5398
17711,3375.1765,778.9599
17712,3390.2442,688.8515
17713,3390.4482,821.4894
17714,3383.7747,1060.775
17715,3374.3505,718.4857
17716,3389.6514,738.3911
17717,3387.6482,730.9644
17718,3385.4237,1018.3389
17719,3386.9845,883.3061
17720,3381.7723,855.5
17721,3391.2268,1006.858
17722,3386.6531,813.743
17723,3389.7539,902.9222
17724,3377.798,800.2964
17725,3379.8986,897.4529
17726,3382.5238,725.0234
17727,3379.4758,903.1202
17728,3389.7857,1038.5229
17729,3394.7556,766.5604
17730,3392.0407,951.7728
17731,3381.1655,1025.3943
17732,3382.6823,698.8917
17733,3392.8407,959.0253
17734,3390.8008,1051.4159
17735,3381.2069,1021.7722
17736,3382.415,762.0212
17737,3383.901,999.7316
17738,3390.9066,912.21
17739,3395.8267,958.743
17740,3389.165,1075.5053
17741,3396.7717,711.5833
17742,3382.4051,1011.6831
17743,3391.9493,712.525
17744,3393.263,885.349
17745,3385.6991,758.9507
17746,3387.1721,987.4018
17747,3396.6103,792.6468
17748,3391.8504,998.2856
17749,3401.2372,975.3861
17750,3390.2734,1099.6077
17751,3398.9706,1066.3423
17752,3385.4406,813.9161
17753,3386.8228,1042.9264
17754,3390.6227,1066.9092
17755,3390.4932,918.6933
17756,3399.2149,736.4721
17757,3398.8426,1116.4842
17758,3388.0147,923.9199
17759,3395.8056,761.619
17760,3395.8895,773.8642
17761,3401.9418,1004.4078
17762,3391.6174,784.6168
17763,3390.9869,971.3186
17764,3390.9133,721.7068
17765,3395.4461,960.1316
17766,3399.7829,890.8016
17767,3403.0705,948.0722
17768,3394.9596,1027.984
17769,3399.3373,909.1368
17770,3391.3412,783.4484
17771,3395.1925,726.3805
17772,3400.401,1040.2188
17773,3394.9178,938.2818
17774,3400.3885,751.0015
17775,3402.9078,835.352
17776,3404.4804,1082.602
17777,3395.3049,817.2362
17778,3396.3071,1030.0131
17779,3408.5689,757.8286
17780,3404.7151,858.8803
17781,3401.0855,1050.564
17782,3403.7843,1040.2029
17783,3399.8378,929.0923
17784,3408.1932,992.0932
17785,3409.773,845.5857
17786,3406.3376,801.4181
17787,3397.7264,1106.3021
17788,3406.9411,919.1056
17789,3400.7593,1058.2843
17790,3400.7037,917.9828
17791,3402.2548,987.5964
17792,3403.9357,939.297
17793,3402.7709,1004.5971
17794,3408.3095,859.7787
17795,3413.8568,795.3437
17796,3413.6694,977.6951
17797,3402.8078,1049.1324
17798,3410.6306,1088.6365
17799,3412.6241,1071.9436
17800,3402.8319,1020.4967
17801,3404.2694,912.3281
17802,3413.441,860.1355
17803,3407.2842,881.2713
17804,3402.5628,1116.315
17805,3413.4733,843.707
17806,3405.1922,749.9832
17807,3410.0021,982.9042
17808,3403.8067,1086.8037
17809,3413.3652,749.6069
17810,3410.123,856.2388
17811,3405.1256,889.2667
17812,3407.9292,970.1469
17813,3408.4296,892.2535
17814,3415.3963,859.6275
17815,3416.3546,1056.3424
17816,3405.1177,1091.9936
17817,3414.5338,826.2348
17818,3416.6086,922.8528
17819,3409.5334,1102.7947
17820,3415.5927,888.7979
17821,3421.893,1086.8054
17822,3414.9959,781.337
17823,3407.9012,771.8847
17824,3414.974,816.6624
17825,3409.1683,1008.5847
17826,3420.9966,859.5395
17827,3412.3708,878.404
17828,3422.543,999.7469
17829,3423.2596,720.7556
17830,3410.6392,1010.5629
17831,3421.143,1000.6698
17832,3416.525,996.0451
17833,3425.7816,1039.0818
17834,3415.6097,1011.1429
17835,3410.9029,705.9682
17836,3412.2788,990.2498
17837,3411.5989,954.0446
17838,3419.5509,819.411
17839,3411.1373,1096.3949
17840,3419.1535,767.2002
17841,3418.2945,1055.4773
17842,3414.7289,963.277
17843,3429.0956,972.6214
17844,3419.6225,772.6237
17845,3417.8926,827.4576
17846,3426.5741,769.9172
17847,3428.063,754.2459
17848,3427.5057,713.3649
17849,3415.1984,878.4676
17850,3423.984,1117.3064
17851,3415.4676,742.3022
17852,3424.2403,908.7967
17853,3427.7334,1016.1733
17854,3429.9307,884.8863
17855,3423.4298,1073.378
17856,3428.0708,722.3666
17857,3418.4446,1042.0244
17858,3424.0936,891.1802
17859,3433.3501,987.1836
17860,3420.204,705.837
17861,3427.691,980.1121
17862,3420.9817,1046.331
17863,3424.8889,842.413
17864,3430.9061,966.8135
17865,3423.2227,1062.813
17866,3430.1077,711.0581
17867,3423.3442,708.198
17868,3427.818,948.9512
17869,3432.7438,931.1071
17870,3435.3279,784.7871
17871,3437.0033,878.8514
17872,3435.6501,1028.6068
17873,3425.0573,1071.7374
17874,3433.7159,931.0413
17875,3424.5421,802.6765
17876,3431.2947,701.2542
17877,3439.2487,1126.8536
17878,3439.7734,924.9941
17879,3426.547,855.5481
17880,3436.7566,819.5806
17881,3439.6057,921.2012
17882,3436.8576,825.2704
17883,3438.4713,974.7932
17884,3425.8392,1036.2888
17885,3438.7846,814.0434
17886,3429.5821,1018.6583
17887,3427.7672,970.1578
17888,3432.5264,1009.3419
17889,3426.8128,737.1887
17890,3435.1098,778.5969
17891,3440.437,1082.7263
17892,3428.3458,1100.6507
17893,3428.5144,838.1358
17894,3440.0023,913.9223
17895,3436.8142,927.3158
17896,3428.6244,897.0229
17897,3439.5616,1040.5782
17898,3440.2388,943.8084
17899,3430.399,937.9063
17900,3443.001,904.5048
17901,3429.5606,889.5973
17902,3446.3641,790.4628
17903,3437.6045,1027.4554
17904,3432.4163,926.6658
17905,3435.7734,870.755
17906,3440.4707,856.5836
17907,3438.369,903.1718
17908,3432.4028,1027.2356
17909,3432.7883,852.9188
17910,3443.4389,705.3663
17911,3440.107,1012.6161
17912,3445.4341,1065.9173
17913,3445.8348,959.9611
17914,3449.4015,722.2705
17915,3441.161,1004.0003
17916,3450.2794,1127.2928
17917,3440.0734,997.3688
17918,3443.0036,905.2651
17919,3436.9739,850.0742
17920,3449.5769,1085.8533
17921,3443.5419,789.3024
17922,3441.9939,855.6317
17923,3436.5184,996.4373
17924,3447.3809,748.5082
17925,3440.4869,736.3044
17926,3443.5539,1049.7235
17927,3438.5155,701.781
17928,3443.0244,712.8106
17929,3445.9055,1097.8016
17930,3450.6171,1128.2211
17931,3440.0593,1044.9511
17932,3450.4816,892.2475
17933,3440.2095,942.0584
17934,3448.5799,1113.2793
17935,3456.842,1077.9974
17936,3440.9779,778.6233
17937,3441.2423,964.0088
17938,3444.5655,751.7892
17939,3449.5732,987.8752
17940,3452.8407,934.3095
17941,3448.9783,729.2554
17942,3446.1957,891.1921
17943,3447.8041,996.6813
17944,3445.3588,779.0817
17945,3443.1177,1041.6373
17946,3445.9482,828.8045
17947,3454.3272,927.1568
17948,3447.7214,973.937
17949,3455.7555,853.265
17950,3460.4552,811.8098
17951,3450.6998,1089.3787
17952,3460.5868,1008.395
17953,3457.994,982.1706
17954,3458.932,957.777
17955,3449.9339,926.0708
17956,3449.787,955.0466
17957,3454.8366,868.4079
17958,3457.2793,1050.3231
17959,3447.9138,724.9606
17960,3460.4277,1097.7959
17961,3457.3011,971.1084
17962,3456.0805,779.5892
17963,3456.7774,998.512
17964,3460.6787,707.5672
17965,3453.7121,722.4691
17966,3465.5739,844.0128
17967,3457.8288,1077.2399
17968,3454.4495,1101.2943
17969,3464.484,989.7402
17970,3466.1046,810.0257
17971,3453.3122,894.8368
17972,3465.1092,868.7592
17973,3458.3138,1056.7337
17974,3467.2303,791.0974
17975,3468.7719,1021.4953
17976,3454.3361,834.708
17977,3467.7974,750.8918
17978,3458.4326,734.9807
17979,3463.1203,885.3606
17980,3453.3422,921.2228
17981,3470.5938,733.8601
17982,3461.7687,1075.948
17983,3462.3066,1037.7965
17984,3461.737,935.8281
17985,3457.7054,1044.7936
17986,3464.0305,996.8854
17987,3467.9461,984.2735
17988,3467.5325,1124.9374
17989,3467.8945,856.6629
17990,3465.5294,1130.144
17991,3461.8124,951.6287
17992,3458.7917,843.3795
17993,3460.8213,1013.3246
17994,3469.2764,917.7722
17995,3458.3946,1032.6206
17996,3462.7914,736.034
17997,3465.9412,933.2459
17998,3460.2351,801.7342
17999,3461.3141,710.2067
18000,3473.5629,1109.3453
18001,3463.1943,703.5329
18002,3465.6081,889.6998
18003,3473.2638,1081.2952
18004,3462.9642,768.5519
18005,3461.2162,782.8007
18006,3466.3529,834.3385
18007,3475.6168,963.5137
18008,3469.3666,949.8403
18009,3476.0247,975.7601
18010,3475.6152,911.0075
18011,3462.6699,893.9612
18012,3466.606,1022.7123
18013,3467.9205,981.0523
18014,3472.299,1023.0834
18015,3475.034,1007.249
18016,3468.4553,908.692
18017,3473.1899,897.8748
18018,3477.7727,947.793
18019,3479.7735,1006.7154
18020,3478.7366,1090.3901
18021,3469.6245,890.2572
18022,3476.209,1066.1637
18023,3481.7308,1142.4894
18024,3469.2398,1010.1498
18025,3471.2662,1116.9181
18026,3478.1979,1031.0694
18027,3468.3718,920.8694
18028,3477.6622,844.4304
18029,3477.205,907.4688
18030,3477.8776,845.6369
18031,3475.963,859.3455
18032,3481.6796,750.5456
18033,3486.0715,1128.3644
18034,3471.1076,1018.7927
18035,3481.5295,1127.8857
18036,3484.2562,768.3332
18037,3472.1095,1047.9063
18038,3472.4552,1047.5105
18039,3484.2449,1143.1067
18040,3473.9724,962.6614
18041,3483.3672,1004.3916
18042,3479.0728,1048.1443
18043,3487.4596,805.4242
18044,3481.5263,965.5044
18045,3476.6577,1025.4848
18046,3473.6825,1134.8379
18047,3480.8344,976.2968
18048,3479.35,1020.4748
18049,3487.173,1138.5134
18050,3475.1172,1135.1206
18051,3482.0032,752.2824
18052,3482.3237,864.8535
18053,3486.9262,888.081
18054,3474.9624,865.2201
18055,3486.0051,860.749
18056,3478.0649,1018.789
18057,3477.5684,731.6855
18058,3486.417,735.2981
18059,3486.8557,815.1932
18060,3482.8509,726.5267
18061,3480.8644,992.2834
18062,3481.0134,1001.8998
18063,3494.4836,938.9504
18064,3484.0653,746.6241
18065,3494.9076,969.4302
18066,3487.8572,1082.9885
18067,3480.2483,885.601
18068,3493.0855,713.1504
18069,3486.5661,870.2533
18070,3490.0892,915.0932
18071,3495.1039,963.1261
18072,3480.2143,1086.7402
18073,3482.7299,1040.7521
18074,3481.0902,1138.5052
18075,3498.3259,1089.098
18076,3486.2346,1027.3687
18077,3491.4954,712.1458
18078,3490.586,987.1756
18079,3484.2537,1129.9799
18080,3484.2278,791.9011
18081,3486.187,796.5064
18082,3492.4254,747.636
18083,3483.6265,823.8669
18084,3495.713,1090.4807
18085,3491.5391,882.9362
18086,3498.3427,886.5839
18087,3493.2052,813.3775
18088,3486.809,808.3045
18089,3496.9548,872.2047
18090,3498.3228,1133.9085
18091,3487.1899,773.2615
18092,3489.281,907.0123
18093,3492.4537,1139.7583
18094,3501.5144,773.473
18095,3501.3324,1027.9669
18096,3488.1489,712.0192
18097,3493.8054,771.1801
18098,3498.1768,964.286
18099,3499.3238,941.8329
18100,3492.9813,1139.1906
18101,3503.5009,1005.0091
18102,3491.5419,1115.1317
18103,3504.8748,1150.805
18104,3502.9395,845.0108
18105,3490.6232,923.8083
18106,3506.4121,963.8195
18107,3496.5805,821.1894
18108,3507.4247,820.5606
18109,3499.3568,1093.8593
18110,3492.5214,985.4383
18111,3508.0682,818.5064
18112,3499.1341,1104.3894
18113,3497.924,1093.0516
18114,3500.9586,732.2617
18115,3508.1467,964.3888
18116,3504.5198,1086.6591
18117,3495.2766,1015.9721
18118,3494.7623,968.5768
18119,3500.8988,924.4717
18120,3507.8493,888.2188
18121,3499.6067,950.0159
18122,3509.1728,1083.9591
18123,3503.5795,1108.5164
18124,3501.2447,1073.8803
18125,3501.2432,716.6206
18126,3506.1422,983.6729
18127,3505.603,824.5176
18128,3500.3564,1035.3431
18129,3497.6198,872.5361
18130,3511.936,889.7647
18131,3498.6664,1096.8111
18132,3505.2183,768.4325
18133,3510.2294,942.5437
18134,3514.9537,757.8781
18135,3499.8303,1025.1248
18136,3514.0208,1107.3756
18137,3511.4766,1105.1087
18138,3515.4815,987.452
18139,3507.5685,1011.1443
18140,3512.0434,758.5675
18141,3506.592,1057.7413
18142,3516.6936,725.5699
18143,3506.4469,985.7997
18144,3512.7298,948.3243
18145,3504.0199,941.1962
18146,3514.2349,873.7315
18147,3518.3168,1097.3417
18148,3519.4593,1001.2337
18149,3515.9211,906.2027
18150,3518.1622,768.2233
18151,3511.4728,890.3873
18152,3508.4897,1142.9891
18153,3514.0771,1058.0045
18154,3504.8563,1123.6828
18155,3514.936,933.6828
18156,3510.8113,1127.3108
18157,3505.6962,947.7238
18158,3518.026,942.6413
18159,3518.9311,1000.7448
18160,3517.1873,930.7228
18161,3511.835,982.8168
18162,3518.1706,1133.5938
18163,3518.7514,859.1117
18164,3520.8004,919.3115
18165,3521.15,835.8958
18166,3517.9309,791.3623
18167,3515.5274,828.1884
18168,3517.8922,949.2264
18169,3523.8534,1101.0136
18170,3519.7028,723.9598
18171,3518.7588,1073.4553
18172,3522.4489,930.9948
18173,3512.0813,865.1222
18174,3515.5995,1107.1789
18175,3518.0302,1135.2173
18176,3523.9131,1071.9375
18177,3523.2955,1045.2474
18178,3514.5698,1050.1443
18179,3523.5247,766.5897
18180,3519.7777,1135.2855
18181,3514.174,1105.5374
18182,3527.1546,804.2099
18183,3522.2131,860.6964
18184,3519.3731,1137.496
18185,3523.3517,967.256
18186,3525.3059,845.1393
18187,3522.4939,1104.2872
18188,3520.9265,1065.8961
18189,3528.3012,998.5745
18190,3516.498,997.233
18191,3519.2116,1134.4788
18192,3526.8698,947.3957
18193,3532.837,946.3831
18194,3520.9254,953.4443
18195,3524.5914,1132.4491
18196,3531.1177,1018.547
18197,3516.6709,1125.1763
18198,3525.6248,934.3742
18199,3529.6488,885.998
18200,3519.8845,862.6687
18201,3530.8393,999.3969
18202,3533.3627,951.9884
18203,3525.5677,1146.1667
18204,3529.4431,1100.7744
18205,3530.7987,1154.7483
18206,3526.9509,873.4464
18207,3533.164,950.249
18208,3532.8982,977.4262
18209,3534.3734,902.1643
18210,3521.374,803.5557
18211,3526.0877,1146.181
18212,3527.1483,895.1308
18213,3528.6975,1148.7364
18214,3524.711,765.0348
18215,3527.1276,847.2742
18216,3527.7845,824.7909
18217,3525.3328,738.0527
18218,3524.7748,1105.8458
18219,3536.1512,1098.8993
18220,3530.8426,1094.6012
18221,3538.7287,937.272
18222,3535.4131,928.7487
18223,3528.219,935.7484
18224,3524.4974,929.1709
18225,3528.8713,1127.9276
18226,3526.04,769.7483
18227,3525.2241,1046.8178
18228,3531.623,863.0501
18229,3539.893,963.4583
18230,3528.6759,892.3961
18231,3538.1082,755.7262
18232,3531.4858,784.5326
18233,3537.1024,828.6251
18234,3531.222,991.7031
18235,3533.314,943.8056
18236,3534.5324,1088.1359
18237,3536.7887,1064.6056
18238,3536.9243,1102.9791
18239,3541.4636,875.3033
18240,3532.6489,724.1945
18241,3545.5768,789.7343
18242,3542.882,1086.5043
18243,3541.1545,862.9147
18244,3537.9481,955.9558
18245,3533.9371,731.5912
18246,3544.7659,997.3348
18247,3536.638,877.6589
18248,3540.3105,757.8659
18249,3540.4995,1074.5546
18250,3533.1602,881.4154
18251,3537.841,1102.8305
18252,3541.9867,1157.3385
18253,3540.6231,973.1418
18254,3536.7666,969.395
18255,3537.782,979.3268
18256,3534.5316,871.6126
18257,3541.4637,810.0544
18258,3549.5216,1089.3108
18259,3551.0351,968.0346
18260,3534.7608,1082.3243
18261,3543.4693,1111.7227
18262,3535.1366,816.4793
18263,3546.9817,961.94
18264,3547.9505,927.1872
18265,3552.5508,762.7313
18266,3541.1906,1018.248
18267,3549.4043,1078.5411
18268,3540.8179,1157.5926
18269,3548.4275,1052.4465
18270,3548.9072,1130.6405
18271,3541.9537,768.8569
18272,3545.9691,1087.0173
18273,3546.2912,1068.3571
18274,3545.0807,1039.539
18275,3542.7666,1036.5997
18276,3548.4463,1130.593
18277,3547.3273,1046.2897
18278,3542.7303,826.3926
18279,3551.0199,934.8349
18280,3555.6886,958.4794
18281,3556.8254,1057.027
18282,3555.6105,1108.275
18283,3547.3812,827.6636
18284,3556.9082,836.2057
18285,3553.0824,1004.3025
18286,3552.4135,1162.5348
18287,3548.8501,731.393
18288,3544.1795,764.2738
18289,3557.4437,1139.2614
18290,3549.5099,797.761
18291,3560.0153,735.5109
18292,3556.6507,1052.9002
18293,3546.4256,853.7411
18294,3557.4762,778.3638
18295,3545.1415,1105.6037
18296,3551.2732,749.2359
18297,3553.2132,818.249
18298,3549.9622,1063.4869
18299,3555.2928,1121.468
18300,3555.2866,723.2462
18301,3555.2701,1141.9989
18302,3553.5005,1047.7951
18303,3560.5167,983.1724
18304,3552.1117,923.2788
18305,3559.7955,892.3392
18306,3553.5383,1145.5806
18307,3560.6769,1035.4924
18308,3549.4938,1164.317
18309,3556.7689,1135.2313
18310,3558.6012,793.8609
18311,3557.7144,951.1663
18312,3565.6487,1159.3297
18313,3560.397,999.3957
18314,3563.2223,878.9695
18315,3554.1127,988.4692
18316,3560.8275,975.9542
18317,3562.614,845.2352
18318,3565.5133,824.9725
18319,3555.1511,861.8003
18320,3552.8038,1060.6739
18321,3562.0909,890.3493
18322,3567.4666,913.8957
18323,3555.528,881.2149
18324,3562.7056,914.403
18325,3553.8319,730.1575
18326,3554.1209,889.2842
18327,3562.8131,921.5071
18328,3563.8442,798.4696
18329,3568.2788,1116.0563
18330,3563.6971,1068.9169
18331,3567.8879,1126.0738
18332,3556.4486,1090.0155
18333,3556.857,1004.4933
18334,3564.111,948.953
18335,3564.1584,1166.2363
18336,3572.0377,946.6401
18337,3561.9494,1073.0389
18338,3571.1244,1107.447
18339,3565.0528,1050.7374
18340,3570.9796,866.7661
18341,3558.6067,1161.4357
18342,3574.5604,792.8756
18343,3572.4235,738.6586
18344,3567.3004,1109.9415
18345,3562.5959,1005.3776
18346,3572.7126,948.448
18347,3575.5411,1125.658
18348,3566.2585,894.4505
18349,3575.6171,947.0718
18350,3563.8634,932.3717
18351,3559.2542,1075.7165
18352,3568.5761,1032.454
18353,3565.1621,816.2764
18354,3560.1754,1145.3288
18355,3561.0896,892.291
18356,3565.7479,1083.2144
18357,3568.2477,1169.946
18358,3573.1575,1093.696
18359,3574.0574,867.9348
18360,3565.8807,1160.9098
18361,3567.2723,1068.1792
18362,3573.2116,1106.8318
18363,3565.3208,909.0551
18364,3578.0127,985.443
18365,3567.6582,1119.0335
18366,3576.4198,992.5202
18367,3576.6398,1169.5751
18368,3569.5448,870.3759
18369,3572.1876,866.7685
18370,3569.4625,999.6979
18371,3570.3185,968.6083
18372,3574.9152,787.5111
18373,3577.324,902.8145
18374,3581.0682,1168.4643
18375,3577.1515,1035.4105
18376,3568.7697,977.932
18377,3566.721,1079.9542
18378,3570.5922,910.3532
18379,3566.7649,797.8816
18380,3569.2483,1031.9899
18381,3575.8251,1078.8662
18382,3570.9199,1033.4646
18383,3584.1259,920.5906
18384,3575.9302,980.2633
18385,3584.1146,810.0118
18386,3569.9853,994.5508
18387,3582.6691,967.9101
18388,3573.8669,964.5156
18389,3579.7292,1016.8918
18390,3576.5984,1078.3505
18391,3571.6422,1011.476
18392,3584.4994,1113.5721
18393,3578.3728,916.7538
18394,3578.5389,862.6022
18395,3579.0255,967.5516
18396,3585.9137,941.2585
18397,3582.804,1118.5012
18398,3578.0838,744.1968
18399,3574.5578,1102.9615
18400,3588.8688,948.8526
18401,3586.7812,1119.82
18402,3588.7594,1151.8691
18403,3588.1876,1006.8406
18404,3573.7878,1076.4401
18405,3585.5358,944.9491
18406,3589.9891,791.2051
18407,3584.1487,990.7047
18408,3587.8487,1129.5997
18409,3580.271,1122.824
18410,3589.9804,1014.2301
18411,3585.4483,966.7916
18412,3585.4497,1141.3216
18413,3580.8011,1153.812
18414,3582.5379,769.0699
18415,3585.8899,814.4815
18416,3578.2303,1132.661
18417,3586.8894,1099.4604
18418,3583.4006,867.9629
18419,3590.7066,1049.9458
18420,3577.8781,948.2965
18421,3590.7431,760.3592
18422,3588.6204,1129.6781
18423,3587.7104,793.7331
18424,3592.8231,757.5903
18425,3584.5824,799.1312
18426,3591.0866,1043.5473
18427,3587.5836,770.6859
18428,3591.5586,832.7443
18429,3589.7769,1003.9459
18430,3580.5077,820.0476
18431,3591.0028,905.5434
18432,3597.1644,1063.6745
18433,3585.6178,910.5213
18434,3588.0237,1061.7559
18435,3597.9554,820.8509
18436,3594.5149,941.1437
18437,3587.398,1012.8055
18438,3600.0653,1040.6144
18439,3597.049,1111.1382
18440,3595.5054,1178.614
18441,3599.1849,1063.1159
18442,3584.5428,949.7172
18443,3595.1486,1163.7069
18444,3587.698,937.8762
18445,3591.1233,1048.5711
18446,3591.3121,918.8894
18447,3594.6407,1141.4701
18448,3596.3227,854.7247
18449,3592.1198,730.4653
18450,3593.7661,1180.6717
18451,3598.9588,1024.1436
18452,3593.2263,1102.3931
18453,3600.7903,1091.7587
18454,3601.0889,1002.9336
18455,3600.6142,1029.3839
18456,3596.6926,739.1576
18457,3597.5044,1065.565
18458,3590.465,1125.8369
18459,3590.1497,933.9785
18460,3591.1642,921.6498
18461,3603.8157,805.4937
18462,3599.2134,1095.4031
18463,3603.2042,770.3167
18464,3591.5469,1051.1732
18465,3593.7725,1040.4073
18466,3595.5608,1022.9651
18467,3598.5434,1122.3232
18468,3598.9412,1022.5799
18469,3591.7688,1147.6872
18470,3602.7881,1111.4305
18471,3602.6362,860.3762
18472,3596.8857,929.127
18473,3607.629,1174.7749
18474,3601.718,992.026
18475,3606.3436,935.4252
18476,3605.0298,733.7675
18477,3602.5314,1113.9879
18478,3598.7211,911.3956
18479,3602.0455,801.3254
18480,3609.3406,757.6143
18481,3601.242,1106.6792
18482,3610.0285,896.0768
18483,3605.8921,978.835
18484,3608.365,750.9508
18485,3602.6319,763.7963
18486,3606.9781,962.5438
18487,3612.6258,851.353
18488,3601.1287,1161.02
18489,3612.3613,1167.3808
18490,3603.387,1110.0629
18491,3610.6901,1038.7541
18492,3598.651,851.991
18493,3600.3803,1155.4201
18494,3612.8677,1101.6571
18495,3603.4729,828.4545
18496,3600.4285,864.4477
18497,3603.1049,947.5135
18498,3615.0535,1060.0517
18499,3611.8827,946.0315
18500,3612.9765,980.9717
18501,3603.1127,1067.448
18502,3614.7049,1017.3125
18503,3616.6357,987.6021
18504,3602.1603,1104.6334
18505,3613.4542,880.9436
18506,3608.7391,882.2234
18507,3606.5864,1078.3898
18508,3616.29,879.057
18509,3600.9235,1023.1168
18510,3611.3752,958.4437
18511,3615.7006,1016.0568
18512,3609.4796,1152.9886
18513,3610.3514,1079.6233
18514,3603.477,1145.9656
18515,3603.2389,1109.8356
18516,3612.0477,975.0468
18517,3619.4622,940.8337
18518,3607.9221,1007.7536
18519,3606.8563,1166.9765
18520,3603.6555,1053.8585
18521,3614.0689,1115.2948
18522,3617.2751,863.6393
18523,3609.5336,1002.4762
18524,3605.5566,1036.3669
18525,3620.8842,1014.4587
18526,3618.3732,809.5625
18527,3613.6852,916.1366
18528,3612.5959,1073.1826
18529,3605.46,1009.1591
18530,3612.1829,1129.8178
18531,3610.2461,843.8722
18532,3623.4734,1125.7811
18533,3615.0993,1073.3772
18534,3622.3878,921.8515
18535,3610.7664,1039.7642
18536,3622.1329,1000.3454
18537,3624.0202,867.5102
18538,3607.2618,870.7578
18539,3615.9007,1000.6878
18540,3610.9709,1088.2591
18541,3614.5477,1120.0857
18542,3625.3018,926.6938
18543,3626.1212,1123.9321
18544,3613.3965,830.9696
18545,3612.5069,1124.2185
18546,3609.7916,1177.1677
18547,3619.378,1161.9841
18548,3618.0394,957.0663
18549,3621.7627,889.5755
18550,3617.2435,866.2379
18551,3616.0898,913.6267
18552,3618.9995,754.3242
18553,3627.2795,1164.4389
18554,3618.842,1094.6196
18555,3628.4039,1023.6831
18556,3628.9041,763.6319
18557,3626.6872,1069.7019
18558,3620.7451,1003.6238
18559,3618.8096,945.8488
18560,3620.9836,991.7904
18561,3618.8755,1100.9429
18562,3621.5373,1153.4007
18563,3615.272,1113.9322
18564,3616.4269,951.0316
18565,3616.8908,1032.1516
18566,3622.4211,835.0626
18567,3625.3283,816.7397
18568,3619.4235,802.2537
18569,3615.1559,917.3411
18570,3621.5801,1074.9715
18571,3628.6512,937.477
18572,3623.3046,1011.1029
18573,3632.2982,1013.3307
18574,3617.0801,849.4344
18575,3619.4785,1028.2513
18576,3633.8992,1085.8361
18577,3620.933,1155.0488
18578,3631.6448,936.6042
18579,3622.5269,1005.6738
18580,3630.5404,890.3732
18581,3624.5785,869.4204
18582,3633.5027,1080.2287
18583,3628.6773,1117.5439
18584,3628.5108,961.4807
18585,3624.7716,1151.355
18586,3620.0193,1042.4989
18587,3624.5026,908.0231
18588,3621.0386,1129.9829
18589,3620.0785,1157.3897
18590,3632.0852,980.4233
18591,3626.3899,752.7007
18592,3625.7068,1101.1321
18593,3637.2193,951.8642
18594,3631.2201,965.5714
18595,3624.9945,921.0988
18596,3636.5146,765.2989
18597,3629.7515,998.1895
18598,3621.6546,1053.0078
18599,3636.1429,1114.0893
18600,3635.4219,827.9302
18601,3624.5728,975.6165
18602,3628.9528,1126.9353
18603,3625.4491,1063.3842
18604,3624.3415,1002.7127
18605,3637.3725,818.4053
18606,3623.7129,936.272
18607,3636.12,1019.3199
18608,3627.15,1101.0558
18609,3626.4628,986.3101
18610,3630.843,1073.3473
18611,3633.6796,1019.7226
18612,3635.7258,1105.4186
18613,3637.7852,791.3593
18614,3630.3885,900.8957
18615,3641.5814,1033.6902
18616,3626.277,928.9871
18617,3632.3915,832.3874
18618,3627.3806,788.1335
18619,3636.9565,1140.2833
18620,3638.1377,1126.4855
18621,3628.2414,1036.3745
18622,3639.9759,1094.8729
18623,3642.9595,980.7734
18624,3631.8567,814.5054
18625,3628.1976,805.5246
18626,3631.5665,743.4047
18627,3642.0457,914.775
18628,3644.2917,1161.7378
18629,3633.6097,1002.4713
18630,3636.2574,850.5514
18631,3637.0533,886.2207
18632,3638.8833,1041.3468
18633,3639.68,913.9361
18634,3637.9231,1114.3795
18635,3644.0395,1197.3488
18636,3640.9274,994.6574
18637,3643.6432,1096.7552
18638,3630.9206,1002.9457
18639,3641.2466,1099.3933
18640,3647.7805,748.7566
18641,3640.9851,909.2734
18642,3635.0302,884.4618
18643,3638.5298,1154.2122
18644,3635.7082,817.7652
18645,3643.1697,1154.586
18646,3647.8125,1177.9757
18647,3634.6787,851.7849
18648,3646.3031,953.3897
18649,3633.4915,1109.6844
18650,3645.7315,1068.8881
18651,3649.2749,789.9165
18652,3644.5962,957.6219
18653,3636.7774,938.4826
18654,3646.2471,1198.1188
18655,3643.9299,1003.4209
18656,3648.7178,836.9188
18657,3647.4756,836.9116
18658,3639.5382,1036.5757
18659,3648.2296,967.6549
18660,3652.0857,1199.8261
18661,3653.87,1150.3918
18662,3652.1066,997.75
18663,3650.2673,1162.661
18664,3639.4051,998.7883
18665,3642.4626,1039.4201
18666,3646.8072,1099.5097
18667,3637.4866,934.0993
18668,3638.7907,1103.589
18669,3643.7018,1107.5906
18670,3645.3266,825.4952
18671,3646.3316,833.7047
18672,3647.1467,1001.9681
18673,3655.1606,745.435
18674,3651.0557,860.7707
18675,3653.4153,903.8075
18676,3648.1902,988.3493
18677,3657.2173,851.5366
18678,3653.1663,779.0803
18679,3643.5242,916.2298
18680,3644.753,1035.5819
18681,3657.0202,765.8593
18682,3655.6822,1192.8801
18683,3648.4578,1053.2514
18684,3642.8467,1128.0093
18685,3641.3804,800.2097
18686,3656.6647,1092.9848
18687,3655.51,915.5808
18688,3654.0715,774.1341
18689,3645.2618,907.9693
18690,3650.2843,845.1188
18691,3650.3049,1136.5987
18692,3648.4205,859.3504
18693,3658.5535,962.2455
18694,3657.8756,1050.2629
18695,3651.1845,767.5915
18696,3658.0856,1156.7536
18697,3653.7501,1170.3863
18698,3649.9238,831.3394
18699,3660.2452,1066.2169
18700,3647.0357,918.7157
18701,3652.9935,970.9291
18702,3646.5011,1197.003
18703,3646.5228,1072.3107
18704,3659.5503,930.3074
18705,3654.9006,1066.5739
18706,3651.879,1077.1482
18707,3658.9676,1171.945
18708,3658.6911,1044.4077
18709,3662.5522,1186.9331
18710,3654.8318,1029.4427
18711,3662.0385,1064.2561
18712,3664.43,837.472
18713,3650.9047,748.0007
18714,3659.064,866.8886
18715,3650.9416,1028.2993
18716,3651.8085,1062.457
18717,3657.061,1084.1922
18718,3657.1568,875.6814
18719,3661.2135,1167.7777
18720,3661.784,1164.0453
18721,3661.487,966.221
18722,3654.2241,1105.2273
18723,3664.6287,1123.4337
18724,3662.2676,1133.0549
18725,3663.6894,1127.1509
18726,3666.4202,1007.9234
18727,3656.258,872.7679
18728,3657.3097,1158.3532
18729,3660.3955,1061.9858
18730,3662.5136,986.5447
18731,3656.1082,820.9985
18732,3667.4476,1046.8972
18733,3654.2177,1114.1405
18734,3652.5761,1107.5573
18735,3656.8707,1175.2845
18736,3654.0148,1056.0649
18737,3656.1114,941.4927
18738,3660.5374,951.1725
18739,3657.9138,970.121
18740,3657.7426,1143.7013
18741,3662.0389,987.5949
18742,3665.7844,923.413
18743,3665.8664,803.4108
18744,3661.7866,776.2825
18745,3656.7983,808.8504
18746,3659.2406,1060.4829
18747,3671.6886,1119.8406
18748,3658.9262,1121.3728
18749,3658.0982,854.3216
18750,3665.9023,1035.6502
18751,3662.2923,854.0464
18752,3655.4212,1037.5412
18753,3655.6306,1012.3355
18754,3665.6368,889.0438
18755,3662.8854,1158.9065
18756,3663.614,946.1081
18757,3666.3485,1166.9284
18758,3661.9101,815.5516
18759,3669.9967,953.4566
18760,3671.5125,927.9876
18761,3666.6187,1046.4451
18762,3661.4676,828.8703
18763,3658.4292,749.0971
18764,3666.0075,1190.4373
18765,3668.547,939.0563
18766,3660.8801,1170.492
18767,3666.1998,1189.6635
18768,3666.2494,850.7449
18769,3675.7131,943.4439
18770,3672.007,1052.1121
18771,3671.1521,1022.0068
18772,3668.6659,1097.5808
18773,3670.9909,827.9767
18774,3674.4449,959.5163
18775,3677.0153,770.6694
18776,3663.6138,970.2258
18777,3660.3205,1134.5768
18778,3672.379,870.9077
18779,3666.0754,962.5504
18780,3668.8798,1006.5888
18781,3668.3738,1098.471
18782,3661.7119,989.6831
18783,3668.7678,996.5844
18784,3662.3225,1063.107
18785,3677.5058,902.2923
18786,3672.5181,860.8587
18787,3661.7853,1004.024
18788,3679.244,798.8913
18789,3669.873,852.1758
18790,3666.3241,1014.5066
18791,3667.1967,1083.753
18792,3669.0788,920.9057
18793,3680.1654,938.3059
18794,3667.7126,1083.0123
18795,3667.8913,1014.9987
18796,3666.1884,1075.9055
18797,3676.7834,905.838
18798,3672.3788,1127.3593
18799,3675.7602,1178.5455
18800,3669.507,861.6198
18801,3673.925,1205.6859
18802,3669.032,890.8447
18803,3681.1705,1015.2036
18804,3675.5958,1050.6049
18805,3665.7111,1022.7962
18806,3675.7136,936.0067
18807,3681.3337,954.2135
18808,3673.7742,1048.4826
18809,3683.7497,1081.9103
18810,3669.6521,1096.5097
18811,3673.2485,1203.1383
18812,3666.631,1035.4956
18813,3670.7994,1173.9463
18814,3669.9274,915.6496
18815,3676.4729,991.3948
18816,3675.4414,1119.8628
18817,3676.0575,897.2801
18818,3668.2269,1172.7426
18819,3674.9066,1073.9497
18820,3685.8878,1090.1825
18821,3683.3146,1002.1639
18822,3684.7673,1205.3255
18823,3679.3712,1123.44
18824,3675.8502,1103.2777
18825,3683.305,995.0631
18826,3675.0053,1114.7674
18827,3673.7068,746.7057
18828,3675.939,1163.9038
18829,3686.464,869.992
18830,3686.4237,1045.5947
18831,3682.3561,904.5582
18832,3688.1275,1104.5547
18833,3673.2552,903.2868
18834,3678.7388,1134.1749
18835,3685.4461,984.3778
18836,3684.2253,1207.697
18837,3672.827,803.8914
18838,3671.9108,819.8041
18839,3686.6351,1065.8718
18840,3684.252,973.023
18841,3680.8924,1145.871
18842,3674.488,752.056
18843,3687.098,1098.4462
18844,3680.5186,889.6277
18845,3679.6163,1093.7321
18846,3684.3531,947.2594
18847,3677.0838,1002.656
18848,3678.5572,1087.9139
18849,3677.9217,871.4987
18850,3676.2433,1053.3767
18851,3686.2472,864.9539
18852,3680.3613,921.021
18853,3690.7397,1182.8598
18854,3684.7115,1070.6903
18855,3681.257,1094.0614
18856,3686.3549,967.7964
18857,3685.3591,1186.8141
18858,3691.8592,1037.8754
18859,3677.7716,1041.2631
18860,3678.7394,833.4343
18861,3676.2032,1168.1019
18862,3688.788,1098.1314
18863,3689.084,901.0068
18864,3680.8221,947.32
18865,3679.5372,1054.8805
18866,3688.3032,925.6372
18867,3687.0875,1014.1021
18868,3687.5627,1108.7255
18869,3681.8926,1061.7309
18870,3688.2661,1129.7466
18871,3686.4107,848.1842
18872,3691.8344,1093.0008
18873,3690.863,859.3729
18874,3684.5814,1106.3332
18875,3683.5479,1172.3915
18876,3687.0369,752.9119
18877,3692.2613,777.31
18878,3690.8276,1080.2984
18879,3682.834,1021.7398
18880,3679.1623,864.3962
18881,3680.4887,1010.3817
18882,3681.8541,1131.8416
18883,3690.1194,825.603
18884,3694.8844,962.2894
18885,3690.3468,1035.2924
18886,3696.0068,1181.0387
18887,3685.2109,1113.9431
18888,3682.7751,1160.3543
18889,3690.3368,1060.5168
18890,3680.7552,1006.9055
18891,3683.8606,1070.6268
18892,3695.1426,787.6178
18893,3694.2908,865.6336
18894,3684.5927,1109.7753
18895,3687.0955,1151.6541
18896,3690.0686,1189.3125
18897,3688.2388,839.2036
18898,3686.3271,891.3741
18899,3681.9478,1160.9777
18900,3689.4262,936.0577
18901,3683.1787,1011.8917
18902,3688.299,1006.6803
18903,3683.6028,1135.4887
18904,3700.6809,982.2854
18905,3691.4283,955.506
18906,3685.3346,957.792
18907,3685.9226,948.8784
18908,3686.513,947.6811
18909,3698.0864,790.2511
18910,3698.7736,790.9761
18911,3686.1658,770.3006
18912,3696.874,1126.1602
18913,3690.9317,781.6542
18914,3693.8579,777.7201
18915,3686.8169,1130.6785
18916,3696.4316,866.7586
18917,3684.844,1124.7947
18918,3689.124,1063.2197
18919,3687.4484,1002.0209
18920,3700.926,933.7918
18921,3688.4569,927.5263
18922,3690.6518,901.2319
18923,3693.0575,1200.4736
18924,3693.4587,1170.0511
18925,3703.4319,858.9448
18926,3699.663,820.8352
18927,3697.955,785.4225
18928,3687.5468,848.5239
18929,3692.5823,947.4051
18930,3692.9993,1148.3256
18931,3697.5221,1000.0023
18932,3688.5399,793.8363
18933,3698.3428,1098.7391
18934,3688.9199,1177.9016
18935,3703.2519,1059.0402
18936,3694.9138,865.9126
18937,3705.599,1188.6803
18938,3704.7688,996.8179
18939,3703.1201,948.2717
18940,3697.8062,864.9496
18941,3690.2702,1123.3584
18942,3689.1337,875.985
18943,3692.0104,769.9979
18944,3701.4442,1072.1124
18945,3701.5459,892.6037
18946,3690.0097,755.9412
18947,3693.7302,751.8859
18948,3695.5672,956.4141
18949,3704.0969,1038.4919
18950,3704.5486,883.9444
18951,3705.3657,1008.2559
18952,3698.0687,803.6818
18953,3695.649,1021.7943
18954,3708.2197,1047.3921
18955,3703.3657,775.752
18956,3696.2713,1201.9604
18957,3707.0647,923.8982
18958,3701.5489,1026.9822
18959,3696.722,1128.6605
18960,3702.233,1002.9612
18961,3691.7893,774.4731
18962,3705.1983,1118.2178
18963,3702.7644,1194.239
18964,3704.9936,1002.1536
18965,3698.5516,865.4159
18966,3702.6691,1152.9462
18967,3699.119,1133.627
18968,3708.5922,1166.5815
18969,3698.301,799.7213
18970,3693.3208,1035.7438
18971,3710.849,1106.3204
18972,3707.5971,1056.8645
18973,3694.8065,1137.8242
18974,3704.727,1054.2585
18975,3701.7961,864.063
18976,3701.8667,973.5066
18977,3707.4853,1030.5514
18978,3702.59,851.7082
18979,3701.9148,994.7335
18980,3696.5147,882.4951
18981,3703.0789,891.1687
18982,3701.2066,992.658
18983,3700.6158,896.8522
18984,3700.3436,921.3586
18985,3711.5784,879.0069
18986,3700.7192,1106.7884
18987,3711.1045,1095.5843
18988,3699.9157,1046.6704
18989,3702.7486,1171.3433
18990,3702.2125,1112.5508
18991,3710.1743,1212.9341
18992,3711.9184,1170.2517
18993,3712.8511,1067.0078
18994,3700.8198,912.397
18995,3703.672,1103.6682
18996,3709.2436,1207.2346
18997,3710.8983,935.8498
18998,3709.7998,926.8314
18999,3703.0582,1176.1392
19000,3712.6516,874.8996
19001,3711.1234,1012.0078
19002,3711.0564,1077.8674
19003,3703.4009,1174.3512
19004,3711.8611,957.2631
19005,3703.9699,1052.1449
19006,3714.2347,1129.955
19007,3714.8734,958.3761
19008,3706.5593,978.4164
19009,3701.2868,1192.4193
19010,3705.1709,910.644
19011,3699.678,852.542
19012,3705.8272,827.7016
19013,3708.2707,987.7469
19014,3710.8106,895.9474
19015,3708.6115,1069.1108
19016,3707.4628,762.1255
19017,3713.0361,820.7379
19018,3701.2639,894.4229
19019,3714.8512,979.2695
19020,3706.7512,1051.3838
19021,3701.3827,806.888
19022,3702.9748,807.3845
19023,3708.3272,964.22
19024,3714.7859,1157.2184
19025,3712.942,787.3023
19026,3716.0045,796.9429
19027,3718.3396,999.2406
19028,3709.1978,1145.5466
19029,3705.0043,793.6221
19030,3703.9481,1017.9044
19031,3718.9752,1130.1466
19032,3709.4663,1126.2706
19033,3713.6012,1091.5549
19034,3719.2153,1015.0911
19035,3717.0362,833.912
19036,3713.2828,811.8834
19037,3712.9401,863.2303
19038,3714.73,1173.1253
19039,3706.3317,935.814
19040,3704.568,1086.8202
19041,3718.1609,911.8478
19042,3708.5441,1214.3263
19043,3708.4277,1134.7716
19044,3707.9132,1203.9924
19045,3706.4026,1164.2703
19046,3717.4297,951.2704
19047,3708.9613,814.974
19048,3718.6355,831.2803
19049,3712.5502,998.9867
19050,3722.3493,1150.1169
19051,3717.4858,871.4641
19052,3713.6467,1131.6017
19053,3707.1739,1089.5289
19054,3718.2556,1062.6311
19055,3721.8012,977.1632
19056,3707.8413,919.775
19057,3707.9813,784.2869
19058,3707.1853,904.4235
19059,3719.2314,1130.0919
19060,3708.93,998.1618
19061,3715.7212,817.0292
19062,3715.8935,1016.8075
19063,3714.5839,773.5557
19064,3706.7911,1021.8434
19065,3723.2959,943.3842
19066,3721.1482,931.6657
19067,3721.0876,776.7359
19068,3718.2632,807.2244
19069,3716.7443,1051.8635
19070,3710.4509,1043.6229
19071,3712.894,893.5887
19072,3708.1278,838.9881
19073,3724.7283,1074.1055
19074,3723.1872,1069.044
19075,3710.0538,1169.2477
19076,3713.6793,1060.7599
19077,3724.1015,925.0308
19078,3711.8926,865.029
19079,3710.725,1189.6751
19080,3712.1733,1101.7388
19081,3713.4664,976.2051
19082,3715.5353,946.1261
19083,3711.7799,1207.634
19084,3714.759,910.3389
19085,3713.9414,1060.6733
19086,3720.4094,1089.9408
19087,3716.9879,1164.5206
19088,3711.3221,938.6449
19089,3710.4127,1041.7694
19090,3713.2024,1109.156
19091,3721.5681,1100.2692
19092,3721.3066,951.9612
19093,3728.4413,1007.4393
19094,3723.5338,989.7717
19095,3710.8182,1085.1442
19096,3726.5258,1016.4005
19097,3714.2071,867.6307
19098,3715.1436,814.3034
19099,3712.8557,964.2495
19100,3712.6294,1023.5929
19101,3729.4687,1170.6436
19102,3718.647,984.9866
19103,3722.7366,859.7223
19104,3720.8563,854.4224
19105,3725.4665,940.4844
19106,3727.3654,892.4196
19107,3719.4224,974.8552
19108,3715.1963,758.5659
19109,3715.1441,1115.6751
19110,3728.2038,1193.9238
19111,3715.0025,992.0263
19112,3719.8417,901.9694
19113,3719.3126,949.0294
19114,3728.8169,961.9033
19115,3722.757,819.5246
19116,3723.2697,1026.2262
19117,3722.4596,786.2124
19118,3719.8008,1212.4038
19119,3717.4867,842.9918
19120,3722.8434,953.8252
19121,3715.9124,879.0827
19122,3722.0875,1018.1059
19123,3730.1361,1086.8123
19124,3731.2314,1113.0796
19125,3727.902,1022.4876
19126,3718.5889,1093.7858
19127,3729.9267,816.1678
19128,3721.3868,1021.3821
19129,3721.2594,781.1085
19130,3722.4737,992.5636
19131,3720.4993,1063.4555
19132,3717.225,1017.9812
19133,3716.8702,1067.8434
19134,3727.4078,780.6515
19135,3726.872,1098.8081
19136,3720.6629,962.1248
19137,3725.2198,756.7418
19138,3716.0068,963.7927
19139,3717.0779,947.6702
19140,3717.031,969.0367
19141,3717.9585,1055.7354
19142,3722.7463,873.6713
19143,3723.3854,1197.0516
19144,3724.2362,944.9411
19145,3731.3293,1023.7401
19146,3725.5839,1018.22
19147,3717.7608,909.2629
19148,3722.8658,782.9301
19149,3729.6014,916.0256
19150,3731.7306,1009.6503
19151,3726.2971,981.1239
19152,3731.8682,1011.2199
19153,3728.6154,856.7667
19154,3719.8488,1140.4853
19155,3719.6518,998.061
19156,3731.5267,1070.1811
19157,3724.7376,1052.6996
19158,3718.9479,1031.0827
19159,3733.6885,1020.3276
19160,3720.9931,792.3683
19161,3729.6384,859.1352
19162,3719.3406,1007.0824
19163,3722.3764,801.8624
19164,3725.5312,787.5893
19165,3732.7347,831.834
19166,3724.3976,882.7057
19167,3735.9278,783.0119
19168,3721.0255,889.0408
19169,3724.5569,1195.5855
19170,3736.1578,1220.3532
19171,3725.5879,945.7106
19172,3733.2938,974.6549
19173,3737.4999,1122.419
19174,3729.3241,1206.5082
19175,3732.3405,888.227
19176,3730.8404,1076.887
19177,3721.3842,1106.2493
19178,3728.2712,1004.808
19179,3726.2742,1030.172
19180,3731.3378,950.0742
19181,3723.5324,1179.4214
19182,3738.5383,990.6704
19183,3736.7689,858.926
19184,3730.0173,1179.8599
19185,3739.4103,930.6384
19186,3725.3794,792.9859
19187,3726.0395,886.5509
19188,3725.1045,813.325
19189,3735.6088,808.9249
19190,3735.9379,797.8594
19191,3730.3175,1027.095
19192,3729.2731,784.8914
19193,3726.3262,1186.2853
19194,3736.5197,1039.3146
19195,3734.606,819.021
19196,3734.0684,1158.4537
19197,3728.5959,881.1412
19198,3735.9371,1015.3255
19199,3742.3854,968.8413
19200,3739.744,1008.0461
19201,3739.3252,1139.997
19202,3739.9436,915.8525
19203,3727.6578,899.449
19204,3740.2967,1191.9329
19205,3732.8043,900.7723
19206,3741.884,890.3392
19207,3727.5108,792.8158
19208,3726.0018,1152.552
19209,3733.0349,1130.3597
19210,3740.9113,1163.4914
19211,3729.3623,1168.2334
19212,3726.4274,1167.8941
19213,3732.493,842.664
19214,3732.1721,912.1384
19215,3740.2967,1045.8121
19216,3743.6315,1082.8461
19217,3729.6459,824.9517
19218,3726.722,1115.7462
19219,3731.6864,880.6919
19220,3730.6478,1067.1414
19221,3738.9713,909.4779
19222,3730.4288,923.975
19223,3736.6982,998.9106
19224,3728.0179,1203.5978
19225,3742.8889,1019.7847
19226,3729.8211,870.3376
19227,3727.7756,876.7063
19228,3743.8873,988.5426
19229,3740.7265,904.7185
19230,3739.8403,817.327
19231,3734.233,1045.0274
19232,3741.4598,940.7976
19233,3744.3286,1206.2746
19234,3740.4086,1091.6945
19235,3744.2255,1035.4401
19236,3740.9612,1050.6659
19237,3741.2359,1024.0952
19238,3742.1226,1220.4115
19239,3741.6458,1114.7635
19240,3733.2979,763.3745
19241,3737.5322,877.1864
19242,3733.5557,912.743
19243,3739.9662,1090.9028
19244,3736.7221,1180.6739
19245,3737.6809,829.246
19246,3740.1971,1003.8115
19247,3732.4999,1088.6566
19248,3739.8986,1178.8791
19249,3737.4434,1227.8642
19250,3734.0608,1041.8007
19251,3745.2633,1139.365
19252,3747.1739,825.0624
19253,3747.6769,912.6308
19254,3733.2727,1112.6019
19255,3735.6595,985.0131
19256,3734.6822,1137.0691
19257,3747.4325,1090.4163
19258,3740.8255,957.8751
19259,3739.2011,797.5797
19260,3747.0905,1211.0128
19261,3737.4602,1147.5781
19262,3734.1524,855.3937
19263,3735.9061,1004.6377
19264,3734.1852,933.2154
19265,3747.4526,1184.7309
19266,3736.3923,1019.752
19267,3749.3719,998.9358
19268,3735.5152,824.5051
19269,3743.2451,948.0822
19270,3737.797,847.092
19271,3737.9766,1129.2263
19272,3746.4858,1126.025
19273,3750.9164,856.9947
19274,3741.9494,1081.8317
19275,3734.7548,912.075
19276,3744.1172,895.6325
19277,3738.9409,1008.5993
19278,3737.6076,903.5421
19279,3736.0018,957.096
19280,3752.1383,1182.4977
19281,3735.2614,829.8901
19282,3750.2946,1142.2238
19283,3750.0526,1006.0438
19284,3743.7076,860.6089
19285,3735.4836,1093.69
19286,3742.0662,882.0473
19287,3738.1648,963.9746
19288,3744.7024,1145.7021
19289,3742.0057,1142.6964
19290,3747.6926,1131.1455
19291,3747.4571,951.3551
19292,3751.0205,902.5496
19293,3753.045,1093.5049
19294,3751.893,1064.769
19295,3741.5129,846.1467
19296,3752.2929,1039.3665
19297,3755.2896,926.0661
19298,3739.5401,803.5792
19299,3749.6556,968.2207
19300,3753.5532,995.9108
19301,3754.4554,1217.9688
19302,3745.8473,1033.2728
19303,3738.184,1135.1258
19304,3746.7297,916.9322
19305,3741.3628,852.297
19306,3738.7353,780.0871
19307,3749.8811,897.0926
19308,3750.3025,842.7508
19309,3751.3998,761.8462
19310,3755.8754,1014.9519
19311,3754.6734,1165.333
19312,3742.1963,827.994
19313,3742.8427,1192.0175
19314,3740.9923,978.4607
19315,3749.7184,906.3196
19316,3749.1736,1204.3402
19317,3741.7509,917.581
19318,3749.692,1183.269
19319,3753.7602,859.1263
19320,3754.5314,1074.8277
19321,3755.1003,927.5054
19322,3751.4894,1039.7601
19323,3751.7476,1077.4743
19324,3749.789,881.808
19325,3755.3083,932.1389
19326,3741.7162,905.0128
19327,3742.3471,1117.2806
19328,3750.5386,1028.6872
19329,3743.6631,846.6602
19330,3747.1413,1229.4245
19331,3759.9393,932.5683
19332,3757.2593,892.3708
19333,3747.6637,802.5224
19334,3742.8058,1095.677
19335,3744.1076,875.5234
19336,3755.5803,1133.4832
19337,3754.8847,1188.8292
19338,3756.6899,780.001
19339,3753.7611,1135.1791
19340,3756.5391,1041.2642
19341,3746.5917,945.5609
19342,3748.6619,1095.9458
19343,3754.5403,1042.6415
19344,3758.1505,1219.2637
19345,3761.0608,895.8566
19346,3746.3138,790.2256
19347,3758.0094,1036.2126
19348,3758.1546,918.5142
19349,3749.9399,960.1051
19350,3758.2109,857.9589
19351,3763.1082,1133.1986
19352,3746.6476,955.2144
19353,3751.8038,1061.5093
19354,3750.2836,967.3889
19355,3755.4723,1101.2659
19356,3763.549,869.4737
19357,3758.8386,764.0497
19358,3749.3691,1152.016
19359,3751.6993,1016.8558
19360,3762.1617,775.3916
19361,3751.4596,1198.6223
19362,3755.3035,1077.2787
19363,3762.8025,874.3896
19364,3754.883,842.3325
19365,3758.3756,1209.0072
19366,3747.2322,1068.7055
19367,3764.086,765.6348
19368,3752.827,845.7098
19369,3752.2533,1147.5706
19370,3756.806,1092.3147
19371,3755.1169,1005.5503
19372,3756.9408,1041.2111
19373,3759.1196,1049.1908
19374,3753.5053,982.3597
19375,3766.0467,1026.1473
19376,3749.6668,937.5136
19377,3751.3739,857.4821
19378,3757.0191,1047.2374
19379,3751.8737,1182.9828
19380,3763.8115,927.7726
19381,3760.3816,878.2902
19382,3751.7951,926.2859
19383,3754.9404,869.303
19384,3765.7205,1021.0403
19385,3755.7794,1130.8033
19386,3756.363,1118.1993
19387,3751.129,1128.8214
19388,3755.678,1217.5057
19389,3759.0572,916.3883
19390,3765.0058,919.4218
19391,3764.8813,1042.5457
19392,3758.1653,834.8064
19393,3765.0687,767.9642
19394,3752.8786,1163.2316
19395,3756.5515,888.3132
19396,3762.5872,1095.6476
19397,3766.1801,897.8636
19398,3757.5938,1189.9988
19399,3765.4807,868.1979
19400,3757.6979,1208.4324
19401,3764.6522,1110.0843
19402,3759.4043,1208.5345
19403,3758.3877,1230.2912
19404,3762.7633,940.5898
19405,3755.0348,1085.3409
19406,3765.1929,826.1168
19407,3760.9169,1173.3242
19408,3758.0467,1124.821
19409,3754.5686,1140.228
19410,3772.4519,1037.2613
19411,3757.2935,856.2598
19412,3754.3445,763.8672
19413,3758.1324,1180.4154
19414,3768.7424,951.5558
19415,3768.4684,840.4554
19416,3769.0917,998.8468
19417,3760.373,1187.6083
19418,3770.5511,1207.0412
19419,3764.8718,911.0329
19420,3756.2265,1130.3137
19421,3771.3192,1048.6922
19422,3764.3172,854.2642
19423,3763.28,978.1873
19424,3766.3676,1047.4973
19425,3766.8229,1213.8186
19426,3764.4263,1225.9567
19427,3763.1652,913.4809
19428,3760.3281,830.5857
19429,3757.7002,1014.7315
19430,3763.2675,771.9334
19431,3768.7575,839.2662
19432,3769.472,1169.751
19433,3763.3371,956.1532
19434,3763.2843,1226.7224
19435,3760.2996,1054.04
19436,3760.8006,1063.159
19437,3771.6099,1182.8426
19438,3768.0301,1051.5967
19439,3766.6004,868.449
19440,3763.4231,976.1498
19441,3760.0524,1169.2747
19442,3764.1353,1207.4002
19443,3770.4108,974.5481
19444,3775.8523,862.3807
19445,3771.3617,1164.2816
19446,3759.625,1032.2765
19447,3768.8006,1183.3976
19448,3769.511,1082.3463
19449,3765.9933,1224.3163
19450,3772.2106,1104.8238
19451,3770.1024,1035.3583
19452,3772.5429,1230.6203
19453,3772.0646,927.6047
19454,3770.1547,1114.2535
19455,3768.5736,806.6405
19456,3768.2188,958.1241
19457,3776.024,943.4197
19458,3769.5726,893.9035
19459,3780.1909,1151.3755
19460,3777.271,786.8392
19461,3771.6645,1177.7185
19462,3773.9004,1151.2596
19463,3777.4198,955.8038
19464,3778.38,838.5831
19465,3772.7968,1202.2741
19466,3770.1431,1107.6236
19467,3774.489,1064.8641
19468,3779.542,921.4491
19469,3767.7273,831.0092
19470,3779.9417,1085.332
19471,3781.1546,910.0534
19472,3770.2048,884.5904
19473,3777.5027,836.2106
19474,3777.9916,1151.6736
19475,3774.3041,1135.4893
19476,3775.1516,1107.0356
19477,3770.038,1059.9004
19478,3777.4749,1020.3212
19479,3768.1786,1057.1043
19480,3777.5398,1010.2528
19481,3767.4207,1113.1047
19482,3771.5785,939.1535
19483,3768.3125,1112.6551
19484,3777.8885,1143.3771
19485,3782.3301,969.4257
19486,3767.3758,1138.88
19487,3778.2833,1180.3152
19488,3772.5754,1107.5911
19489,3768.7819,827.6482
19490,3780.3824,1114.2108
19491,3785.4802,1052.4242
19492,3772.4067,1050.2366
19493,3785.2644,1212.2271
19494,3772.5277,1035.743
19495,3776.4441,1223.8214
19496,3774.7156,924.9561
19497,3775.2106,1176.4126
19498,3769.2455,1054.2698
19499,3771.625,1071.0851
19500,3778.0132,1088.8169
19501,3781.8046,782.1222
19502,3787.9148,1065.7106
19503,3786.1452,954.5287
19504,3781.94,790.0494
19505,3787.5154,1173.69
19506,3770.625,1085.7265
19507,3785.5281,1150.5938
19508,3785.1727,1117.6424
19509,3787.7287,1059.0519
19510,3775.9728,1022.0154
19511,3779.086,1083.2152
19512,3788.6395,1200.1402
19513,3775.0013,1171.4656
19514,3789.8335,1039.5187
19515,3777.1868,1116.266
19516,3781.6701,1179.9258
19517,3783.8184,885.0461
19518,3784.4554,1066.4987
19519,3777.8028,852.3765
19520,3778.4152,1129.0349
19521,3775.7355,830.2542
19522,3775.6867,1120.4021
19523,3787.1051,1236.5645
19524,3787.9931,846.5547
19525,3791.7795,883.2975
19526,3784.0808,771.9139
19527,3779.3734,1129.2771
19528,3785.8415,893.906
19529,3782.1017,1222.3132
19530,3782.6681,1127.1668
19531,3776.0478,862.9782
19532,3793.6456,1210.8867
19533,3792.7398,997.8599
19534,3791.4561,875.1946
19535,3781.7609,1231.7304
19536,3795.0763,1242.487
19537,3793.3875,1013.6475
19538,3777.2676,1172.6595
19539,3795.4397,1038.0614
19540,3790.1166,1111.1592
19541,3779.6343,831.3125
19542,3788.2538,1117.543
19543,3796.2899,1123.5997
19544,3779.6517,843.1099
19545,3789.8654,929.8812
19546,3792.6232,1204.0115
19547,3785.0536,1211.1193
19548,3790.5446,933.3073
19549,3796.9229,836.958
19550,3781.8929,1033.9272
19551,3794.5146,914.3204
19552,3792.6425,933.9677
19553,3798.3081,1045.3922
19554,3794.0479,989.1664
19555,3782.1233,1173.0321
19556,3781.9311,808.28
19557,3794.4801,1143.7363
19558,3796.1427,914.3448
19559,3784.644,1167.8101
19560,3791.8486,1146.9517
19561,3781.6886,894.8293
19562,3787.2035,966.6214
19563,3785.3846,917.5912
19564,3784.2558,1016.9213
19565,3799.3422,783.1662
19566,3787.2422,895.4746
19567,3796.8766,1119.1572
19568,3788.3469,1008.7946
19569,3795.7879,1189.5524
19570,3784.5257,1127.2146
19571,3788.2837,955.4228
19572,3785.9921,881.957
19573,3796.6892,1097.2924
19574,3801.5637,940.8775
19575,3800.9016,1215.3924
19576,3785.0199,1241.7992
19577,3796.6829,1210.01
19578,3796.0318,922.4561
19579,3794.1263,827.5749
19580,3792.1118,1235.5745
19581,3790.3153,992.7839
19582,3800.9562,878.8465
19583,3803.3576,1133.5266
19584,3801.2746,1221.08
19585,3793.5497,851.5705
19586,3793.9842,1110.76
19587,3792.0807,807.4838
19588,3794.0849,1195.9202
19589,3794.5735,1131.0443
19590,3795.68,1169.9321
19591,3802.7934,865.8943
19592,3790.7626,1189.0681
19593,3793.652,992.3812
19594,3798.4319,931.9563
19595,3795.0337,788.4901
19596,3789.5728,996.2948
19597,3799.7545,1032.5281
19598,3795.8208,1232.0373
19599,3793.2599,985.4214
19600,3807.1744,1054.0078
19601,3806.0997,1046.9697
19602,3804.7389,970.6749
19603,3793.4971,1001.9515
19604,3802.6742,1003.6433
19605,3808.714,1229.2365
19606,3795.0397,958.8286
19607,3807.5769,1215.1662
19608,3794.9152,997.521
19609,3803.1332,1062.5296
19610,3796.6301,979.7044
19611,3807.9631,1102.3118
19612,3803.1402,869.0521
19613,3794.6712,1024.635
19614,3800.6405,1091.2625
19615,3807.5279,1205.6753
19616,3797.2634,842.4337
19617,3806.8357,959.717
19618,3807.3728,1207.22
19619,3813.1507,792.0166
19620,3805.5818,1063.3417
19621,3796.7645,843.6088
19622,3808.3766,1185.4379
19623,3808.6425,918.1725
19624,3804.4571,1093.2162
19625,3807.2012,1194.9867
19626,3802.9032,1012.8756
19627,3800.1914,1020.2703
19628,3803.9919,948.3143
19629,3801.6398,1046.1734
19630,3815.5014,802.5484
19631,3813.6344,941.8759
19632,3802.1424,903.6335
19633,3799.0354,1128.0414
19634,3803.2625,1199.0947
19635,3810.5926,900.4568
19636,3814.1305,1007.1586
19637,3815.7263,1212.4851
19638,3804.8074,967.9709
19639,3800.7288,1231.4878
19640,3800.6862,970.3016
19641,3810.5078,1019.8633
19642,3802.3059,1031.9673
19643,3813.7014,1100.1032
19644,3807.2531,1247.8296
19645,3818.9601,1146.8308
19646,3815.2334,1073.2928
19647,3803.8917,1213.2165
19648,3819.324,827.4462
19649,3812.6543,903.9046
19650,3806.2467,1163.1083
19651,3816.33,1050.7092
19652,3818.87,1087.2425
19653,3813.0176,1061.946
19654,3814.1232,1017.7978
19655,3808.2589,918.3818
19656,3813.4731,1053.4833
19657,3818.3311,1186.7105
19658,3808.3006,1056.113
19659,3813.8931,860.9905
19660,3806.0366,905.077
19661,3807.6132,951.5258
19662,3809.1511,1173.0602
19663,3818.3678,826.5677
19664,3808.191,1063.4991
19665,3811.4748,1037.8345
19666,3820.4601,1081.0876
19667,3817.9875,808.575
19668,3809.2869,849.191
19669,3823.585,876.1499
19670,3815.2963,1004.3112
19671,3818.039,903.1838
19672,3812.5983,1219.8804
19673,3824.3175,905.1304
19674,3817.0645,925.4196
19675,3817.0771,1172.2895
19676,3822.9245,1111.8175
19677,3826.8273,1120.0432
19678,3817.028,1155.451
19679,3817.6634,1250.2245
19680,3820.1356,1012.3938
19681,3817.0179,890.4183
19682,3815.7818,851.9498
19683,3824.5117,902.7546
19684,3816.6846,1155.9356
19685,3815.6779,972.497
19686,3826.9511,1114.7543
19687,3812.3038,1226.2606
19688,3824.178,795.1428
19689,3814.9018,985.249
19690,3823.1254,1079.7369
19691,3830.7209,1235.8044
19692,3820.2434,1187.0592
19693,3821.5489,790.4996
19694,3829.6134,794.4627
19695,3825.4249,997.2121
19696,3831.2022,809.9412
19697,3830.4463,1167.4345
19698,3832.255,1219.1053
19699,3820.7059,984.3033
19700,3828.5076,1123.4092
19701,3830.6892,824.4728
19702,3827.0974,1206.4343
19703,3817.7681,805.2942
19704,3831.65,1164.8146
19705,3816.4977,1184.3754
19706,3826.9892,1009.3256
19707,3832.0251,1120.4719
19708,3823.9322,818.1847
19709,3834.3732,949.7231
19710,3825.0792,997.6128
19711,3824.846,905.758
19712,3835.4296,1045.9421
19713,3822.174,930.8215
19714,3821.897,1127.9326
19715,3821.9784,951.452
19716,3836.6699,1225.7903
19717,3822.5608,979.9285
19718,3833.1884,1052.463
19719,3838.2648,883.9379
19720,3824.6384,952.1506
19721,3839.6693,1042.4929
19722,3827.9385,1179.8899
19723,3832.394,1150.3498
19724,3829.8976,887.0737
19725,3831.9217,1195.449
19726,3825.1687,1029.735
19727,3827.9163,1101.4541
19728,3826.3684,1236.204
19729,3824.0955,886.0577
19730,3827.8098,1139.5758
19731,3837.445,1060.4138
19732,3824.8884,887.8574
19733,3839.2738,1102.488
19734,3839.4529,1192.3623
19735,3834.8541,1227.8768
19736,3840.6589,880.0429
19737,3840.1481,1213.0499
19738,3828.4567,1009.8837
19739,3836.1154,1076.6796
19740,3845.1894,859.1517
19741,3826.9845,1132.6096
19742,3828.4056,1190.9156
19743,3835.1248,917.9715
19744,3834.2025,1107.2633
19745,3834.5951,1155.0245
19746,3841.3659,826.4622
19747,3843.5689,1218.3404
19748,3843.838,1179.3336
19749,3832.7802,1256.5555
19750,3836.8436,897.0766
19751,3832.7997,999.6631
19752,3830.3475,1168.9711
19753,3848.6004,1073.5061
19754,3846.8382,1127.0728
19755,3846.908,1151.6654
19756,3842.6274,1073.2342
19757,3850.3761,1260.9468
19758,3845.8918,838.8837
19759,3840.7799,875.5193
19760,3836.8129,1178.1247
19761,3842.4968,804.2365
19762,3833.7211,1012.951
19763,3838.1454,912.3823
19764,3846.7021,983.8343
19765,3842.4447,1207.0443
19766,3846.4464,932.2117
19767,3847.8808,948.6673
19768,3835.6352,1177.0971
19769,3842.544,931.1607
19770,3838.1336,921.5249
19771,3849.5908,1014.4476
19772,3846.9777,842.055
19773,3839.742,903.0362
19774,3846.0099,1159.3917
19775,3849.0975,890.9177
19776,3845.607,1056.0392
19777,3847.4005,829.6831
19778,3854.6323,1118.9876
19779,3847.4333,1120.0228
19780,3840.8139,1260.8641
19781,3842.6747,1183.785
19782,3840.379,1094.6419
19783,3848.3638,1111.0837
19784,3843.7343,876.9663
19785,3844.9054,1064.0042
19786,3849.3887,1193.3335
19787,3842.6411,840.5341
19788,3843.9387,1023.9369
19789,3843.3997,1192.5067
19790,3847.6054,848.4435
19791,3846.9254,1239.2905
19792,3849.6804,1118.4995
19793,3861.5375,866.0875
19794,3851.0573,1248.9033
19795,3846.517,1092.9078
19796,3852.785,1260.2871
19797,3854.475,1154.5771
19798,3861.1792,1138.9511
19799,3861.942,887.0397
19800,3857.0151,1119.3972
19801,3850.692,1047.131
19802,3853.7826,1264.8563
19803,3854.5259,1022.3178
19804,3857.4341,1190.5154
19805,3859.7392,1064.0145
19806,3862.2594,1222.5554
19807,3855.1032,998.1212
19808,3856.2956,1191.9312
19809,3862.2034,1267.5091
19810,3862.2852,820.5788
19811,3865.0402,1106.2736
19812,3855.2619,943.9217
19813,3855.0441,1188.2426
19814,3855.5206,1242.6524
19815,3850.2055,995.2659
19816,3857.8049,791.808
19817,3863.5518,1020.0312
19818,3853.9675,1008.6136
19819,3863.8337,928.3766
19820,3851.7546,912.3302
19821,3865.5377,1139.0159
19822,3868.4378,1165.0146
19823,3854.6538,1084.8901
19824,3861.1105,965.2668
19825,3865.4843,1252.6762
19826,3872.3518,1220.7748
19827,3867.8775,1250.4304
19828,3871.3162,927.4559
19829,3861.6283,1188.5741
19830,3857.0158,962.7498
19831,3872.4216,1254.5496
19832,3860.5776,952.2899
19833,3868.6135,821.8191
19834,3862.7222,1225.1313
19835,3861.2342,1169.9999
19836,3857.3419,1015.8466
19837,3860.0679,855.7839
19838,3865.1136,1245.6044
19839,3871.2832,926.2173
19840,3860.1887,1091.2702
19841,3876.1881,848.4086
19842,3875.8474,883.275
19843,3868.3039,1199.0619
19844,3867.0469,1156.7682
19845,3876.1056,809.6682
19846,3875.719,871.1023
19847,3863.6381,1077.4661
19848,3872.0515,911.6499
19849,3869.2105,1035.1593
19850,3880.7224,1107.4211
19851,3877.2613,1227.3873
19852,3875.3096,959.8668
19853,3880.2968,1006.0423
19854,3876.5677,1236.3191
19855,3867.3433,1234.3334
19856,3883.8799,1147.2901
19857,3867.3951,861.2544
19858,3866.3524,1007.7998
19859,3873.7787,971.9017
19860,3872.8957,1038.2019
19861,3871.1787,1247.8631
19862,3877.126,958.3146
19863,3885.6729,1014.5549
19864,3879.2812,908.5154
19865,3877.317,1071.6329
19866,3873.2439,879.5058
19867,3877.7121,1042.878
19868,3888.0021,1036.725
19869,3873.4444,1073.948
19870,3877.0069,944.6865
19871,3888.3509,948.2712
19872,3873.0143,1145.4737
19873,3883.7281,1243.0601
19874,3890.3618,1136.8483
19875,3878.0213,1079.9885
19876,3883.2904,1106.1862
19877,3891.5091,1159.3947
19878,3891.4576,984.6304
19879,3884.5131,1095.1539
19880,3886.344,955.4752
19881,3878.9281,907.4898
19882,3889.2659,847.8392
19883,3887.9391,836.2218
19884,3882.2719,883.8226
19885,3885.9195,1275.9061
19886,3892.5679,1119.3681
19887,3891.3781,1090.169
19888,3881.1697,868.4368
19889,3884.8268,926.1407
19890,3878.1671,912.3999
19891,3896.6913,1212.4505
19892,3885.6559,848.6944
19893,3889.2168,1174.362
19894,3889.1017,808.0066
19895,3886.7791,1041.1063
19896,3884.7694,1016.5272
19897,3892.2239,1028.82
19898,3883.3509,1080.9468
19899,3893.6084,1259.2243
19900,3891.4202,1188.2723
19901,3893.5795,1081.7134
19902,3891.8396,1001.1282
19903,3884.5692,1058.9341
19904,3892.0047,1237.4253
19905,3893.181,1275.1353
19906,3884.7479,1171.6161
19907,3899.0201,853.7064
19908,3889.5412,799.785
19909,3891.9049,1024.9971
19910,3891.5024,1060.6401
19911,3885.6565,948.7826
19912,3889.4198,1265.2441
19913,3899.8435,1117.8056
19914,3904.5732,958.2468
19915,3895.8855,1108.0423
19916,3894.9865,1000.9988
19917,3906.8005,1107.679
19918,3900.9499,1146.3702
19919,3893.6576,1140.0986
19920,3895.061,1278.6118
19921,3893.9291,1009.0403
19922,3906.0808,908.5982
19923,3904.2647,1170.3888
19924,3894.5228,800.1903
19925,3894.2407,1125.9311
19926,3899.365,1280.9057
19927,3902.6095,1248.119
19928,3897.2182,861.547
19929,3907.4894,808.8599
19930,3900.0309,973.237
19931,3911.8367,1075.2812
19932,3897.6699,899.2541
19933,3910.5829,979.4928
19934,3906.9903,1189.0428
19935,3897.1812,1128.6374
19936,3904.8078,883.443
19937,3910.1883,1095.7537
19938,3906.9426,904.4521
19939,3916.02,1195.4162
19940,3902.3584,1230.7043
19941,3916.3273,1000.5797
19942,3900.2304,1243.7397
19943,3909.4516,1245.5505
19944,3901.5446,1212.0662
19945,3915.986,800.6618
19946,3909.953,1218.944
19947,3905.0147,1066.5057
19948,3909.1726,1015.7146
19949,3909.8111,994.0563
19950,3907.3074,1047.9279
19951,3905.1482,990.092
19952,3906.9441,1196.7814
19953,3911.6289,865.8563
19954,3912.0511,929.8446
19955,3910.0597,1039.8145
19956,3913.5021,921.659
19957,3920.6183,1252.1403
19958,3918.8407,1139.0464
19959,3922.8211,952.254
19960,3912.2886,882.9162
19961,3910.5779,920.135
19962,3909.302,909.2189
19963,3910.1849,1006.6743
19964,3914.187,1250.3643
19965,3909.3024,836.1067
19966,3919.6883,1101.8476
19967,3922.8976,925.8253
19968,3925.5973,958.6917
19969,3926.4932,1281.7378
19970,3910.1662,967.9388
19971,3923.9827,1013.8319
19972,3921.6153,894.8522
19973,3920.5056,1162.4226
19974,3921.1898,1277.4235
19975,3913.3294,1141.4492
19976,3926.8622,1173.811
19977,3924.3823,1202.6242
19978,3928.2647,1175.5355
19979,3925.3001,946.8925
19980,3916.0003,1100.7283
19981,3926.8376,1075.8412
19982,3917.8867,947.1019
19983,3916.9163,1149.1553
19984,3918.3027,949.5992
19985,3927.4026,817.134
19986,3934.9537,1118.6138
19987,3930.3556,1157.49
19988,3928.811,1106.786
19989,3926.6752,1210.7045
19990,3932.5959,801.6536
19991,3930.2709,1051.0376
19992,3921.9006,1274.0878
19993,3936.466,829.806
19994,3929.7003,1068.3264
19995,3932.2408,1200.2442
19996,3922.7885,819.7039
19997,3931.0771,1009.2436
19998,3924.8085,1167.524
19999,3925.7499,1191.6637
20000,3941.9653,828.8148
20001,3934.9768,1108.4695
20002,3942.3825,1237.7151
20003,3937.7503,1104.9845
20004,3943.0236,835.9674
20005,3927.3287,1076.2088
20006,3926.3965,1153.5152
20007,3936.6984,1116.7443
20008,3943.4678,1029.4034
20009,3934.7252,1257.1109
20010,3933.5761,1083.9034
20011,3941.2878,1183.9153
20012,3935.2339,1180.0869
20013,3939.6465,1233.8643
20014,3944.5148,1055.8752
20015,3934.7939,1252.0782
20016,3947.5111,1077.3874
20017,3943.8416,1209.4039
20018,3940.3993,1223.9025
20019,3945.9333,846.4354
20020,3934.926,1237.8861
20021,3934.2253,927.5914
20022,3949.4861,840.2853
20023,3944.2345,1249.1008
20024,3946.2425,1130.0321
20025,3936.171,1221.919
20026,3950.4703,1002.3649
20027,3936.8806,901.1738
20028,3940.6457,1024.4036
20029,3940.9227,1132.4393
20030,3942.5085,1258.8092
20031,3943.6799,1108.3096
20032,3938.0281,1047.7043
20033,3949.433,1119.2936
20034,3951.9513,1203.5261
20035,3939.2848,819.12
20036,3939.4049,1210.6706
20037,3941.6627,826.1888
20038,3957.4614,1268.6162
20039,3956.9844,1222.1533
20040,3952.0208,894.4835
20041,3941.7507,1218.3938
20042,3941.7226,1105.6929
20043,3944.6307,1246.8234
20044,3957.3649,1044.9106
20045,3958.6056,989.9779
20046,3961.2286,1014.6777
20047,3949.2961,955.4362
20048,3946.3752,1223.1837
20049,3961.0386,1137.0075
20050,3958.603,904.1773
20051,3957.0468,1244.1136
20052,3955.7109,825.7969
20053,3952.4075,1123.588
20054,3950.6991,949.016
20055,3948.2974,1081.3997
20056,3953.8438,1114.037
20057,3951.8063,1193.4586
20058,3949.5741,1279.6034
20059,3957.6838,1013.3109
20060,3954.2349,844.1007
20061,3963.5058,1173.7493
20062,3962.7871,978.8407
20063,3955.7384,874.1855
20064,3970.6416,1104.4258
20065,3955.6841,939.1549
20066,3953.5994,1001.6536
20067,3963.4498,1098.9508
20068,3959.5827,915.493
20069,3964.7656,1273.9765
20070,3961.7685,837.6857
20071,3965.2991,1256.3358
20072,3960.6396,966.6654
20073,3965.9253,1145.8623
20074,3974.8867,1044.9666
20075,3970.4434,1145.7922
20076,3974.0173,1182.9925
20077,3965.8681,1093.1701
20078,3965.4861,1219.6088
20079,3963.5444,1159.9471
20080,3967.9563,1041.0723
20081,3965.5367,1282.5825
20082,3962.1396,925.6838
20083,3960.5987,837.3757
20084,3967.1871,1252.4983
20085,3969.233,864.5031
20086,3973.7496,1172.8857
20087,3965.9056,1270.8596
20088,3967.4578,966.8552
20089,3967.8966,815.0537
20090,3970.6533,871.2354
20091,3971.1762,1279.4786
20092,3972.1843,923.1665
20093,3983.6592,1187.9152
20094,3966.4873,1167.2226
20095,3971.624,1094.9428
20096,3975.6644,950.5392
20097,3968.7292,1184.7172
20098,3978.519,1141.357
20099,3979.2014,994.5094
20100,3974.6108,1258.3552
20101,3983.192,1227.0811
20102,3974.5368,1279.9939
20103,3974.2362,1206.76
20104,3987.4944,1050.9049
20105,3987.3073,1150.6986
20106,3984.9933,847.3031
20107,3989.2614,1050.3065
20108,3977.8465,1108.2303
20109,3989.12,1288.4621
20110,3977.0486,1254.817
20111,3977.4602,919.2727
20112,3990.9786,990.6185
20113,3976.0186,1216.7511
20114,3991.2346,945.6482
20115,3992.9197,1092.9212
20116,3994.0148,1047.707
20117,3983.023,1170.2668
20118,3979.9705,921.8856
20119,3990.6364,1146.503
20120,3985.89,1010.1385
20121,3983.1792,825.8402
20122,3981.0728,1088.7196
20123,3980.5423,1085.5688
20124,3981.8033,1132.7821
20125,3983.7627,879.9489
20126,3992.4205,1112.5559
20127,3991.7398,914.9051
20128,3989.5176,1038.8058
20129,3987.3192,928.71
20130,3989.1418,1002.7451
20131,3984.0737,874.3324
20132,3986.6823,1218.7278
20133,3995.5429,1188.3544
20134,3997.3936,908.6267
20135,4003.4102,1198.6968
20136,3992.6624,996.0865
20137,4003.976,866.0348
20138,3987.9952,1286.0959
20139,4000.0292,1237.1333
20140,4000.5646,974.1866
20141,3998.2815,1141.092
20142,3999.4473,1298.0884
20143,3995.7055,821.5166
20144,4005.614,1306.9735
20145,4002.2062,1307.168
20146,3994.8188,927.8642
20147,3999.6981,947.9122
20148,3999.45,1023.5103
20149,4009.679,1002.7959
20150,4005.446,901.0456
20151,4012.1358,970.6435
20152,4011.7793,1133.8161
20153,4012.7004,1316.867
20154,4000.9878,1052.9104
20155,3997.1709,997.746
20156,4004.9529,1284.0773
20157,4015.7584,1116.666
20158,4011.1273,815.119
20159,4014.8144,1174.594
20160,4014.669,1261.6416
20161,4017.0891,989.5639
20162,4010.9807,1299.0571
20163,4011.2135,943.8263
20164,4007.0308,991.8748
20165,4010.7092,1299.1444
20166,4006.3762,880.5671
20167,4010.2676,888.0519
20168,4015.8308,1013.2091
20169,4019.7039,832.1911
20170,4008.2727,1008.6488
20171,4013.0424,1154.0277
20172,4019.5225,1200.4271
20173,4004.1796,1092.0801
20174,4020.0624,1114.9709
20175,4008.7248,1236.9074
20176,4013.5465,1218.9352
20177,4016.6954,1190.0639
20178,4022.4033,855.3122
20179,4007.5904,844.176
20180,4024.13,929.2566
20181,4019.312,1130.0424
20182,4018.3752,1156.6835
20183,4009.0925,1081.0882
20184,4018.0914,1306.292
20185,4016.171,1263.9037
20186,4011.0193,1127.5359
20187,4017.4168,1242.8209
20188,4028.3358,900.8817
20189,4023.9882,1118.3637
20190,4023.7792,1288.8971
20191,4013.672,1207.8239
20192,4027.3947,1259.659
20193,4033.5846,1193.142
20194,4033.7419,1163.004
20195,4022.727,1258.3288
20196,4019.6965,1201.8428
20197,4024.3279,965.5293
20198,4025.7587,968.6829
20199,4016.787,1162.5108
20200,4022.7987,914.7689
20201,4020.5947,872.4041
20202,4034.0693,983.5257
20203,4022.9619,1216.6543
20204,4035.0344,1209.4333
20205,4033.9095,874.0385
20206,4023.9771,843.2489
20207,4028.5516,961.0988
20208,4032.2927,1034.8787
20209,4025.5721,1314.5734
20210,4041.8343,934.5889
20211,4041.7152,865.7993
20212,4040.1298,1077.4854
20213,4042.3158,1287.4722
20214,4040.7487,923.5341
20215,4036.4401,1215.7605
20216,4027.4565,1153.795
20217,4044.9558,1298.3869
20218,4027.9366,1017.3189
20219,4040.7565,1253.0357
20220,4037.9872,1273.2251
20221,4031.2332,1162.7236
20222,4047.0874,1163.8735
20223,4039.9165,833.2464
20224,4037.441,1181.7409
20225,4037.3157,921.733
20226,4049.9128,840.7046
20227,4044.0842,922.4745
20228,4035.5531,1126.5408
20229,4044.6968,878.6111
20230,4051.8564,1209.9624
20231,4037.3606,1300.2815
20232,4049.6458,1089.3167
20233,4043.5868,989.4366
20234,4044.6458,1244.2382
20235,4050.712,1189.7481
20236,4049.0318,1274.1353
20237,4043.3136,1307.335
20238,4048.1957,864.8403
20239,4056.989,1123.1725
20240,4057.4717,1196.9583
20241,4049.7018,1218.7008
20242,4058.3727,1324.9404
20243,4050.2705,887.4101
20244,4052.6314,1162.828
20245,4056.8289,1271.664
20246,4051.6951,1122.9088
20247,4053.8254,931.6289
20248,4048.5926,1200.5506
20249,4049.1475,1215.6466
20250,4048.8444,1258.5223
20251,4051.6714,898.5002
20252,4043.5491,1001.4898
20253,4045.9646,956.426
20254,4051.8349,1186.8132
20255,4045.3012,1199.1828
20256,4062.1891,982.7376
20257,4065.7814,1278.0551
20258,4056.3279,1223.2376
20259,4066.4142,1294.8108
20260,4062.9342,1009.9742
20261,4064.8212,1303.3894
20262,4050.5855,905.1481
20263,4051.914,1276.5191
20264,4049.8366,867.0058
20265,4050.4007,864.5888
20266,4056.4332,1202.8698
20267,4070.3935,904.6925
20268,4068.8032,1097.0536
20269,4060.1344,936.0525
20270,4058.4748,1112.8334
20271,4057.4174,1305.5518
20272,4070.5303,855.9035
20273,4064.4855,860.1143
20274,4056.5608,1174.0935
20275,4069.1106,1332.039
20276,4073.9578,1156.7333
20277,4073.327,1123.1395
20278,4067.4757,1151.7121
20279,4065.6054,1181.4949
20280,4075.6281,988.5293
20281,4060.8483,977.1365
20282,4074.2073,1125.2256
20283,4067.6197,1065.2119
20284,4075.6169,1313.2205
20285,4069.5803,1137.7739
20286,4063.9827,1256.6863
20287,4067.2902,1159.3432
20288,4080.2428,1160.6905
20289,4068.2535,852.0181
20290,4082.9335,1189.462
20291,4069.1394,1117.1997
20292,4075.9494,981.0361
20293,4064.5881,1217.2061
20294,4080.9742,1262.3316
20295,4083.2785,962.4954
20296,4074.6143,1331.1058
20297,4081.5054,1238.8514
20298,4073.6103,843.603
20299,4074.2625,859.9438
20300,4073.5496,1254.5811
20301,4088.2446,990.0433
20302,4082.3715,934.4139
20303,4077.7528,1295.6369
20304,4086.0773,954.5915
20305,4080.6935,944.6224
20306,4089.8716,1085.3359
20307,4081.5888,1168.5669
20308,4086.8914,1120.3038
20309,4088.3859,1094.7042
20310,4082.5327,970.7068
20311,4083.5527,876.7574
20312,4081.9876,1029.6818
20313,4074.659,1254.8197
20314,4088.7701,1092.9877
20315,4092.4479,1288.4904
20316,4084.0294,1184.8951
20317,4087.2771,965.5023
20318,4083.6855,1151.0025
20319,4080.7003,1241.0207
20320,4096.0642,1303.0738
20321,4081.1939,1023.4773
20322,4095.5314,1154.4272
20323,4094.7556,1132.0643
20324,4087.9466,1224.5548
20325,4093.7599,1056.2952
20326,4100.8221,1037.9248
20327,4084.0697,1324.6805
20328,4096.1774,910.7719
20329,4099.544,1068.3421
20330,4086.7147,1219.7567
20331,4101.2709,1048.6025
20332,4085.1704,1027.739
20333,4095.2955,1157.1453
20334,4103.6525,1212.9534
20335,4104.7227,1282.3931
20336,4099.7154,1047.7416
20337,4097.5162,956.9346
20338,4095.6783,936.7535
20339,4089.9556,1279.0985
20340,4103.0558,1300.7151
20341,4092.8891,1338.0656
20342,4094.7246,1141.0906
20343,4103.6485,1273.1596
20344,4094.9801,1151.5905
20345,4102.2134,1213.2288
20346,4093.9019,926.8214
20347,4109.9601,1200.0545
20348,4105.9584,925.2625
20349,4098.3603,851.3588
20350,4112.102,1249.6061
20351,4097.0075,1120.1868
20352,4115.0803,840.2662
20353,4110.1484,1350.8122
20354,4112.6309,1016.4578
20355,4104.0728,1187.9876
20356,4105.8114,1246.1163
20357,4115.175,1043.8142
20358,4099.8777,888.5442
20359,4116.6543,1331.5471
20360,4107.0203,1234.5958
20361,4107.1204,1137.0931
20362,4107.8194,1200.3453
20363,4110.8922,1263.0842
20364,4105.3364,1067.5222
20365,4119.871,883.785
20366,4112.885,1270.4944
20367,4102.4849,1167.8579
20368,4113.1918,1120.3545
20369,4109.2824,1325.6591
20370,4118.3251,876.2571
20371,4118.3742,980.8974
20372,4122.487,1274.3398
20373,4121.9428,1069.7858
20374,4114.8837,914.3633
20375,4110.2386,1198.0961
20376,4121.1671,1138.6388
20377,4117.5319,1251.8171
20378,4117.6045,973.2593
20379,4109.085,1041.6926
20380,4117.6131,1175.0767
20381,4127.5289,1196.8414
20382,4120.8997,1126.9651
20383,4126.4185,1099.5013
20384,4118.497,1201.5657
20385,4131.3669,940.869
20386,4118.52,1280.6693
20387,4125.0519,1083.9725
20388,4131.3553,973.2854
20389,4126.9246,1074.9659
20390,4125.9188,1173.2324
20391,4123.8868,1211.1571
20392,4130.4721,1040.3896
20393,4126.9664,1197.0513
20394,4125.7835,1246.8455
20395,4117.7466,1070.843
20396,4118.1189,1305.4504
20397,4137.9664,1222.7616
20398,4129.1163,934.9456
20399,4137.7505,879.6141
20400,4131.6174,1205.2274
20401,4120.4086,1280.3312
20402,4140.178,1054.4994
20403,4140.8835,1252.1421
20404,4128.761,1205.1118
20405,4137.0931,1299.9881
20406,4123.6498,1273.2731
20407,4124.2917,1344.3812
20408,4137.3768,1191.6279
20409,4133.5713,1063.2192
20410,4142.6957,1357.2229
20411,4141.2191,1349.692
20412,4137.7097,890.0045
20413,4131.0509,1328.7354
20414,4137.8425,1192.9712
20415,4133.0278,982.803
20416,4143.8909,1343.8632
20417,4130.3653,1197.3605
20418,4130.7643,916.0641
20419,4130.2482,986.7069
20420,4148.6596,1172.9811
20421,4147.667,1286.4154
20422,4151.4063,962.6496
20423,4139.0238,989.4965
20424,4147.9309,1060.6484
20425,4142.6148,1154.5278
20426,4138.1294,1304.4044
20427,4135.0457,1193.774
20428,4134.8671,1267.9362
20429,4152.7006,867.4579
20430,4135.1509,1192.5328
20431,4139.3185,851.7658
20432,4147.3083,887.1559
20433,4156.155,1241.1558
20434,4138.8793,1093.9485
20435,4146.9413,1045.1499
20436,4147.814,1079.8659
20437,4141.5418,1176.1503
20438,4147.291,951.8303
20439,4153.8309,1149.4945
20440,4160.5291,1324.4143
20441,4148.653,1015.3067
20442,4141.2127,928.3931
20443,4151.3481,1293.5534
20444,4147.968,851.7194
20445,4153.5429,872.389
20446,4145.8365,1121.3496
20447,4153.9905,861.0255
20448,4163.822,847.9332
20449,4159.5954,1188.7025
20450,4159.6999,1306.446
20451,4151.554,906.9637
20452,4157.973,1149.4872
20453,4158.7985,1290.6305
20454,4167.8954,1238.0936
20455,4158.0524,1084.1385
20456,4153.723,1248.9614
20457,4157.511,1292.2904
20458,4151.6787,1199.9607
20459,4154.6839,1233.3316
20460,4150.7016,929.2117
20461,4154.0652,981.3171
20462,4161.9855,1279.3862
20463,4157.1441,1204.9999
20464,4153.9195,1041.971
20465,4168.2841,874.9634
20466,4169.4345,1133.96
20467,4172.7868,1370.163
20468,4160.9901,1320.3166
20469,4155.3282,972.8421
20470,4176.1545,1275.64
20471,4165.7056,1191.7897
20472,4164.2213,1173.9677
20473,4160.0534,887.2704
20474,4162.1458,1064.459
20475,4176.913,952.9567
20476,4159.4187,931.3826
20477,4165.829,851.4262
20478,4175.0905,1184.7699
20479,4164.6133,1178.5003
20480,4160.7655,1076.615
20481,4168.7798,1027.8123
20482,4163.3229,1129.8944
20483,4178.3342,1017.1754
20484,4180.088,1109.4005
20485,4170.1053,1303.7196
20486,4177.8417,1314.3503
20487,4165.3323,885.2853
20488,4173.8453,1104.1028
20489,4170.1612,929.2182
20490,4176.0569,1298.8203
20491,4180.3339,1239.0908
20492,4187.3522,1189.4649
20493,4181.2886,1050.9813
20494,4178.1206,1083.2017
20495,4189.0007,1371.5882
20496,4174.0074,1284.8332
20497,4189.6577,1009.1208
20498,4183.0115,1266.9326
20499,4189.3631,1167.4577
20500,4182.8529,1223.6628
20501,4174.7002,1175.1602
20502,4189.9155,924.025
20503,4181.464,1274.5566
20504,4187.0037,850.5837
20505,4188.0919,859.6981
20506,4177.8009,1203.1584
20507,4189.4817,1040.9716
20508,4177.997,1061.2066
20509,4189.6253,1086.5796
20510,4187.8722,1078.2132
20511,4196.9355,1106.5815
20512,4187.634,1212.6897
20513,4198.1165,1085.0221
20514,4181.5186,944.1099
20515,4189.6698,1034.5696
20516,4186.336,875.0633
20517,4181.3924,999.119
20518,4191.937,1142.45
20519,4193.1371,918.7234
20520,4192.7833,862.7592
20521,4190.9527,1352.9297
20522,4198.3481,1028.3284
20523,4195.5192,890.1557
20524,4198.0052,1269.1543
20525,4196.1124,917.5685
20526,4190.3595,875.8171
20527,4189.7659,1355.9621
20528,4192.7463,1352.4334
20529,4193.0402,1221.0676
20530,4194.2767,991.7252
20531,4196.1785,968.977
20532,4193.2233,1182.748
20533,4197.1598,1252.0689
20534,4198.5169,1196.7829
20535,4192.5819,1031.2874
20536,4207.8192,1261.4556
20537,4197.0013,1136.789
20538,4208.692,1182.2375
20539,4191.8035,1151.0854
20540,4191.856,1213.5605
20541,4197.5492,1086.8661
20542,4207.4295,1028.1337
20543,4197.7517,1375.7512
20544,4211.7476,1321.2257
20545,4201.264,1174.7846
20546,4204.359,1213.8504
20547,4213.2846,1305.4152
20548,4211.7837,1071.9577
20549,4198.2305,917.1803
20550,4213.1695,1229.9137
20551,4198.7399,1027.2249
20552,4207.2801,1023.2725
20553,4198.2175,1107.0727
20554,4202.3109,1374.4745
20555,4216.4537,1362.1579
20556,4210.5006,867.1505
20557,4211.1035,977.6567
20558,4219.1478,1229.6135
20559,4215.3352,1325.2923
20560,4208.3861,974.7032
20561,4209.197,1060.5744
20562,4205.1725,1348.2432
20563,4208.862,1175.6119
20564,4213.7449,1223.9099
20565,4214.1443,1052.8909
20566,4213.2855,996.2861
20567,4207.3468,1088.0182
20568,4223.3889,1343.1542
20569,4208.2831,1361.8923
20570,4210.7058,986.2138
20571,4225.7921,1226.8515
20572,4224.2284,1352.7143
20573,4221.395,1121.4072
20574,4217.7343,1161.7348
20575,4213.5665,1183.0249
20576,4215.9744,1256.7655
20577,4216.6386,1081.4678
20578,4211.5,895.1386
20579,4211.6041,1349.0316
20580,4213.3409,973.706
20581,4220.5117,936.6633
20582,4213.7141,1092.6364
20583,4226.8199,979.5091
20584,4230.8156,1266.5548
20585,4214.1291,1107.8751
20586,4221.6298,1266.8573
20587,4222.3511,982.2456
20588,4229.6146,885.7761
20589,4216.2792,1189.0709
20590,4219.2369,897.0241
20591,4226.7351,1086.2829
20592,4223.4511,1072.0029
20593,4222.7123,903.6662
20594,4229.1881,862.2259
20595,4231.9927,1197.0958
20596,4238.7264,1140.5375
20597,4222.2656,1325.4578
20598,4226.4534,921.3489
20599,4222.3408,1304.7222
20600,4232.5683,1360.2994
20601,4237.0441,1239.6956
20602,4227.6677,1191.2392
20603,4225.7326,1080.7846
20604,4241.9897,1349.5644
20605,4244.0659,1063.0467
20606,4234.2878,1320.8462
20607,4230.0441,1111.9705
20608,4232.6766,1022.6359
20609,4244.9123,1052.5961
20610,4239.4805,1323.3702
20611,4239.4491,1047.4395
20612,4230.7391,884.2101
20613,4238.9367,1070.4738
20614,4247.5551,1089.9036
20615,4246.9034,946.4984
20616,4229.9006,1041.4794
20617,4232.6707,890.1664
20618,4240.9598,862.9244
20619,4229.9225,920.5854
20620,4238.7378,1137.7552
20621,4234.3214,1049.7607
20622,4239.9434,1227.7214
20623,4234.8966,1138.2236
20624,4246.417,1027.0162
20625,4250.1055,1109.3839
20626,4247.0615,1188.8559
20627,4237.9471,953.1299
20628,4247.2568,1203.9578
20629,4238.0833,1365.3369
20630,4248.9905,965.2272
20631,4248.402,1178.1836
20632,4247.1437,1051.4259
20633,4252.6585,1140.1897
20634,4241.912,946.8508
20635,4243.0211,1320.2907
20636,4238.33,1096.1603
20637,4244.7677,1322.7954
20638,4254.7077,1074.2453
20639,4255.4675,963.6605
20640,4245.2656,1358.8655
20641,4252.2264,914.2546
20642,4248.0105,904.2261
20643,4249.0003,1246.7041
20644,4243.519,1225.2811
20645,4253.0001,956.5764
20646,4250.9072,1180.588
20647,4245.2966,1360.5661
20648,4249.6514,975.4175
20649,4264.1874,1179.4825
20650,4254.5794,1278.7134
20651,4261.1679,1270.0377
20652,4264.1366,1158.5019
20653,4266.8281,1215.3353
20654,4254.1109,1260.0508
20655,4265.0112,1077.224
20656,4264.451,1186.6783
20657,4262.5585,1053.7637
20658,4253.1679,1050.9419
20659,4264.7489,1271.6253
20660,4268.4743,1152.5292
20661,4254.6056,1066.5025
20662,4268.7405,1330.9987
20663,4262.769,959.9412
20664,4272.4143,1184.1497
20665,4261.2509,1350.1109
20666,4268.0441,997.7761
20667,4260.4962,1113.3365
20668,4256.6085,944.3677
20669,4275.0172,977.6006
20670,4270.862,969.4501
20671,4255.2167,1308.6845
20672,4271.8101,997.1289
20673,4273.7837,1310.1282
20674,4264.9264,1253.6802
20675,4266.259,1056.3518
20676,4261.602,1343.4046
20677,4260.8227,1093.1066
20678,4261.7861,1157.5015
20679,4272.6152,1064.2658
20680,4280.0328,879.8127
20681,4276.3376,973.4207
20682,4279.994,1277.5979
20683,4263.5295,1039.6176
20684,4271.2479,1178.0689
20685,4276.6264,1328.5109
20686,4263.0822,1379.2827
20687,4278.6392,1282.8798
20688,4273.0076,1376.0104
20689,4268.9533,1098.2134
20690,4269.5053,1248.7781
20691,4271.1153,1177.5266
20692,4275.7769,1051.1792
20693,4266.1512,875.9385
20694,4271.7164,1205.4273
20695,4281.9844,1231.516
20696,4284.4817,936.6753
20697,4279.9775,1348.2285
20698,4276.5343,962.4325
20699,4273.1995,1077.4529
20700,4271.9501,1330.6948
20701,4282.4979,1362.5814
20702,4269.0803,1057.2965
20703,4282.5742,1001.5781
20704,4281.4722,1236.0773
20705,4274.3633,1381.2672
20706,4286.7946,975.7185
20707,4277.9157,1226.8784
20708,4273.3196,1261.6236
20709,4291.8242,1406.5893
20710,4286.8231,1070.0041
20711,4276.711,1326.7346
20712,4291.4781,1397.5639
20713,4292.6763,1026.5654
20714,4290.5547,1151.0127
20715,4284.2958,993.0084
20716,4277.9752,1030.1999
20717,4288.6704,1409.2378
20718,4282.0453,1195.7599
20719,4295.7366,1147.4766
20720,4284.6106,930.4209
20721,4297.09,1212.043
20722,4291.8123,887.7644
20723,4293.2694,1040.1687
20724,4299.3555,901.8591
20725,4288.254,1257.8057
20726,4297.7441,985.2998
20727,4289.8237,1250.558
20728,4289.7214,1206.278
20729,4294.5073,1235.2446
20730,4301.2543,1122.7624
20731,4292.687,1305.1879
20732,4283.9833,1042.7898
20733,4283.6932,1107.7657
20734,4292.1939,989.5872
20735,4303.3946,1214.4532
20736,4289.8859,1153.885
20737,4288.6744,1385.998
20738,4291.2383,1124.2259
20739,4302.7718,1051.2892
20740,4301.4043,1023.8441
20741,4303.3218,1161.241
20742,4304.0552,1357.4511
20743,4293.8217,1304.9508
20744,4309.2067,1120.6451
20745,4297.9571,1027.8785
20746,4289.6522,879.7334
20747,4296.9163,1308.9507
20748,4310.4556,1276.1412
20749,4309.237,956.8057
20750,4306.3317,1074.6133
20751,4295.4547,1122.4342
20752,4300.0197,1250.3793
20753,4307.1376,1301.0048
20754,4292.8659,1116.379
20755,4302.9734,1295.764
20756,4308.5562,1280.5861
20757,4304.0615,937.7958
20758,4302.8575,936.0062
20759,4303.4283,1031.6841
20760,4302.5783,1193.3197
20761,4310.2586,1364.8098
20762,4304.5354,956.3206
20763,4315.4928,890.2692
20764,4302.975,913.5826
20765,4315.348,1406.5937
20766,4315.1003,1198.039
20767,4304.8616,1274.0484
20768,4315.5847,962.3688
20769,4315.1698,917.3698
20770,4315.1849,1278.8304
20771,4305.5253,1386.9914
20772,4309.7934,1047.6014
20773,4315.5184,1254.3673
20774,4313.0645,1307.224
20775,4303.0673,1185.8121
20776,4304.5262,1137.5141
20777,4310.0188,1126.8306
20778,4313.7774,962.9061
20779,4312.3145,1271.1301
20780,4317.3599,1235.1944
20781,4312.8575,1185.0439
20782,4311.3694,1324.301
20783,4311.6765,1209.638
20784,4317.8439,1096.3676
20785,4322.4091,1300.2274
20786,4323.9861,1118.7324
20787,4311.1671,1235.5229
20788,4326.0848,1254.0186
20789,4308.9133,919.6152
20790,4318.3617,1248.9571
20791,4319.3094,1254.1017
20792,4309.2306,1228.1269
20793,4322.6024,1075.5321
20794,4326.9989,1332.0704
20795,4322.8921,1260.9269
20796,4330.1523,1143.5663
20797,4326.1507,1378.5893
20798,4332.3427,1415.5676
20799,4328.3463,1376.1632
20800,4324.7948,1300.4762
20801,4321.0027,980.6173
20802,4334.6511,1365.9909
20803,4323.9682,1112.5584
20804,4327.1748,1327.9597
20805,4314.5621,970.7449
20806,4328.7006,913.874
20807,4329.4354,1299.4878
20808,4317.0309,1267.136
20809,4336.9266,1196.2837
20810,4337.0575,1312.3589
20811,4329.0462,1172.3481
20812,4324.7167,1329.3542
20813,4332.9886,1123.9713
20814,4329.1393,1020.2432
20815,4329.1946,1186.3696
20816,4330.0811,1384.0111
20817,4332.7512,1383.6332
20818,4325.4319,1130.4335
20819,4338.0929,1177.2941
20820,4332.3215,916.9857
20821,4326.3016,889.8347
20822,4321.9216,1398.007
20823,4322.9132,1253.8816
20824,4325.245,1246.1465
20825,4332.2941,914.1607
20826,4336.6059,1182.1781
20827,4338.0107,887.5154
20828,4340.2141,1236.5868
20829,4329.1342,1160.1622
20830,4338.0264,1267.7943
20831,4338.4378,1132.2382
20832,4345.4066,1134.7666
20833,4332.2189,953.59
20834,4335.7544,1232.2839
20835,4334.3078,1184.3003
20836,4337.5617,971.5134
20837,4349.6917,1400.187
20838,4332.9834,1342.7182
20839,4340.3322,1156.4785
20840,4330.5692,1353.4
20841,4331.8871,1264.2833
20842,4335.1124,1003.8719
20843,4342.1253,986.2251
20844,4347.4915,1005.2898
20845,4344.4824,1172.5123
20846,4344.8629,1335.2866
20847,4351.4529,1234.8198
20848,4345.6816,1165.7983
20849,4345.575,1036.1407
20850,4337.274,1024.5226
20851,4351.1235,1047.3046
20852,4343.3597,1342.6107
20853,4344.2953,1027.3938
20854,4352.6887,1371.3359
20855,4349.814,1057.4252
20856,4356.3405,1232.7048
20857,4355.404,1288.5675
20858,4341.3549,1344.1501
20859,4337.6036,1374.1218
20860,4352.6098,1014.7906
20861,4359.0251,1161.5875
20862,4349.9911,966.1779
20863,4349.762,1320.6873
20864,4359.6525,1355.575
20865,4343.0574,913.2682
20866,4347.5557,929.7359
20867,4352.2296,1259.8906
20868,4347.9393,1044.241
20869,4342.9429,1365.6581
20870,4345.3218,1082.9808
20871,4359.0431,1358.5024
20872,4358.449,1389.7411
20873,4363.1188,1288.0753
20874,4365.0946,1277.0516
20875,4356.7473,1234.6688
20876,4348.917,1229.3007
20877,4345.8078,1318.9905
20878,4353.8882,1305.5024
20879,4347.2536,1380.0517
20880,4349.0592,1033.3508
20881,4353.9529,1235.5604
20882,4347.2908,1073.6757
20883,4361.6184,943.1432
20884,4368.6765,1033.6797
20885,4355.7952,1339.8539
20886,4352.5351,1381.3282
20887,4349.2986,1251.8069
20888,4353.8441,1069.6649
20889,4359.7751,1426.0094
20890,4355.3222,1089.9996
20891,4354.8042,1299.1679
20892,4366.0924,1345.7601
20893,4364.2642,1144.5394
20894,4354.839,1269.2775
20895,4361.9626,1055.4691
20896,4368.7122,961.4438
20897,4365.2647,909.6395
20898,4361.133,1032.9934
20899,4360.788,1194.7461
20900,4373.4942,932.2737
20901,4360.2651,1104.3508
20902,4372.2557,1259.0503
20903,4360.8764,1128.499
20904,4365.2903,1336.955
20905,4361.8091,1400.9647
20906,4378.76,1144.9897
20907,4374.1258,980.8251
20908,4373.9966,1047.936
20909,4373.0106,1368.7147
20910,4362.4497,1403.1056
20911,4368.6449,1325.7733
20912,4376.1714,1326.7628
20913,4360.601,983.8595
20914,4368.8635,1085.3821
20915,4382.5028,1393.4624
20916,4375.2153,1201.6243
20917,4365.1756,959.7464
20918,4370.6266,981.7247
20919,4383.1967,1410.2771
20920,4369.4202,1170.3244
20921,4369.1331,1037.6181
20922,4371.9392,1344.3935
20923,4366.0367,892.4021
20924,4375.8622,1269.2366
20925,4367.3758,1212.8508
20926,4386.134,993.4346
20927,4373.7502,952.5279
20928,4386.0747,1027.2708
20929,4374.0904,1418.964
20930,4372.7221,1064.7661
20931,4374.9276,1354.7378
20932,4385.9438,1217.1445
20933,4372.3301,1099.2268
20934,4382.894,1247.6993
20935,4377.3749,1101.0283
20936,4375.6394,1081.0696
20937,4373.9725,1400.041
20938,4385.1032,1407.3292
20939,4391.9296,1335.1277
20940,4386.8509,1118.9927
20941,4388.4465,1265.1198
20942,4374.9712,1102.2484
20943,4392.9476,1309.4392
20944,4386.4078,1047.7701
20945,4374.4091,1177.6649
20946,4375.5659,1403.6355
20947,4394.6697,1086.4896
20948,4376.3324,1184.2406
20949,4388.9061,1172.965
20950,4394.9949,1133.0565
20951,4382.2493,1190.9905
20952,4381.9223,1126.285
20953,4388.425,1251.1626
20954,4386.8338,1282.45
20955,4382.1733,1221.8347
20956,4386.4479,948.6533
20957,4393.6872,1079.1058
20958,4388.8453,1290.0906
20959,4397.0355,1297.2719
20960,4381.3945,1432.5931
20961,4380.8559,1204.0087
20962,4399.7413,935.5554
20963,4402.4822,1417.4564
20964,4393.1885,1076.8005
20965,4392.4995,1246.7959
20966,4395.2146,1368.0558
20967,4403.536,894.5928
20968,4395.4243,1173.412
20969,4404.23,1205.2414
20970,4401.3224,1398.9323
20971,4389.2173,1271.2892
20972,4389.773,1183.3243
20973,4406.8324,1077.4205
20974,4385.3878,1077.1133
20975,4392.109,1055.8664
20976,4398.1571,1414.7478
20977,4397.1393,983.9721
20978,4392.1978,1336.8654
20979,4390.7226,936.6266
20980,4395.6668,1373.8274
20981,4399.3832,1176.5603
20982,4409.0753,1253.8782
20983,4398.1827,1254.7808
20984,4394.4701,1069.1861
20985,4396.271,1065.4128
20986,4404.2916,1259.4527
20987,4402.9031,1432.8364
20988,4409.8624,1008.0108
20989,4398.7993,1305.0858
20990,4405.5822,1059.1977
20991,4393.1078,907.1929
20992,4395.2816,1188.5725
20993,4409.0045,1037.9005
20994,4396.7216,1015.4014
20995,4406.8853,926.8714
20996,4395.5395,1105.7524
20997,4413.7183,1197.8416
20998,4415.9579,981.3861
20999,4415.8732,1160.1081
21000,4402.626,966.5012
21001,4401.396,1246.7622
21002,4412.3738,1294.528
21003,4413.7982,914.2918
21004,4410.2724,1371.2921
21005,4414.0869,1356.9683
21006,4411.5676,1348.3295
21007,4399.2342,958.5638
21008,4405.516,1384.2081
21009,4415.0851,1312.2588
21010,4415.8296,919.6799
21011,4412.6374,1361.166
21012,4414.1314,1136.2097
21013,4418.6032,921.533
21014,4414.4492,1351.5044
21015,4408.2945,1351.1256
21016,4413.8675,1338.6906
21017,4421.8532,1410.2074
21018,4421.9453,1170.1838
21019,4407.2865,1217.3495
21020,4414.0576,960.4291
21021,4410.2129,1064.5539
21022,4424.1568,1022.7304
21023,4412.1517,1315.9322
21024,4426.5611,933.5112
21025,4418.1041,1372.6689
21026,4419.6307,1303.5162
21027,4414.1452,1366.6229
21028,4420.4596,1285.2693
21029,4410.9545,1297.2584
21030,4427.814,976.7873
21031,4419.8154,1145.562
21032,4426.303,1218.9719
21033,4421.0615,1439.1633
21034,4415.2622,1241.1455
21035,4415.4543,1023.5326
21036,4421.3439,1128.1503
21037,4433.3373,1110.5289
21038,4428.7916,1072.8911
21039,4416.8185,1056.1696
21040,4422.5162,1150.6005
21041,4432.8663,1237.6875
21042,4419.1365,987.9752
21043,4417.7546,979.3027
21044,4430.9057,1304.1313
21045,4424.944,1448.9604
21046,4435.7502,1315.3134
21047,4422.9746,1197.3503
21048,4419.2217,1290.9831
21049,4433.2163,1189.1512
21050,4426.0231,1240.4654
21051,4424.6638,978.7567
21052,4430.8238,926.5707
21053,4429.2306,1427.3662
21054,4433.1506,1330.6218
21055,4429.3038,951.7341
21056,4433.0571,1137.8161
21057,4431.6887,1341.3578
21058,4424.7572,1251.9501
21059,4431.9779,1282.5165
21060,4440.6599,1270.8246
21061,4432.2218,1223.8104
21062,4435.3329,1151.2435
21063,4439.3477,1379.6703
21064,4431.8342,1126.9523
21065,4424.6248,1211.8868
21066,4435.1132,1274.4862
21067,4436.5837,957.3805
21068,4435.36,1439.75
21069,4442.7001,1184.706
21070,4436.9939,1185.9903
21071,4434.3872,1426.9903
21072,4445.7167,1171.7697
21073,4429.8381,1117.1325
21074,4444.3895,1044.3354
21075,4446.9267,1342.1555
21076,4444.0959,1444.7311
21077,4435.7939,1339.7844
21078,4443.6815,1203.0134
21079,4443.7635,1084.5019
21080,4435.7396,1062.1765
21081,4436.6527,960.2004
21082,4449.7867,1227.6332
21083,4441.7864,1239.599
21084,4449.609,1444.537
21085,4451.2659,1121.8751
21086,4447.6095,1433.2597
21087,4434.3322,1271.7032
21088,4452.9226,1337.1459
21089,4451.2998,1354.9382
21090,4454.2533,1120.167
21091,4455.8652,1010.6322
21092,4437.6736,1178.9811
21093,4438.1138,1209.4966
21094,4447.7103,1160.0828
21095,4445.065,1268.1663
21096,4452.3533,1265.9461
21097,4442.0959,923.2376
21098,4451.512,1354.8165
21099,4444.0353,1116.6387
21100,4439.052,1316.8294
21101,4447.0867,1287.7127
21102,4443.3534,1043.0116
21103,4454.975,1161.3356
21104,4441.5983,947.7592
21105,4444.7624,1143.6667
21106,4453.8393,971.1591
21107,4462.4933,1359.841
21108,4462.3253,972.1626
21109,4454.2285,1206.435
21110,4443.5891,974.2981
21111,4455.6997,1006.5146
21112,4458.8836,1191.1044
21113,4464.9591,1076.4922
21114,4449.0343,1371.9416
21115,4464.0718,1186.2294
21116,4456.415,1116.5138
21117,4457.6682,1442.6409
21118,4455.6368,1057.7361
21119,4452.6098,1419.6689
21120,4458.4689,991.8429
21121,4453.0993,918.6927
21122,4452.1372,1062.7299
21123,4449.0638,953.9927
21124,4458.3127,1138.9763
21125,4467.3458,1226.8099
21126,4459.6605,1078.0199
21127,4471.6979,1390.9311
21128,4464.6403,1123.9728
21129,4460.7024,1310.7539
21130,4453.1193,1356.008
21131,4468.9485,1076.2157
21132,4472.8611,1324.0125
21133,4464.244,1395.6077
21134,4455.1556,906.5501
21135,4472.5501,1256.6195
21136,4467.8197,924.5319
21137,4455.6729,1092.9541
21138,4462.8902,1245.6336
21139,4471.2331,1376.4926
21140,4477.0963,1103.7394
21141,4472.7894,930.2318
21142,4476.0664,1421.441
21143,4473.0801,1015.4223
21144,4480.1697,1335.2011
21145,4461.1375,946.2285
21146,4476.2756,1217.2681
21147,4465.5251,1037.439
21148,4469.3399,1260.3751
21149,4470.2656,1126.7107
21150,4478.0246,1036.4225
21151,4467.8766,1034.7157
21152,4481.4801,1357.4642
21153,4467.384,1084.2865
21154,4462.8749,1194.2184
21155,4475.4552,1117.3611
21156,4473.689,1224.4483
21157,4475.1821,1036.5635
21158,4485.8217,1321.0307
21159,4472.057,1299.4307
21160,4475.5234,1260.7061
21161,4486.8952,1223.4738
21162,4473.6908,1269.2881
21163,4472.4146,948.2233
21164,4470.908,1378.351
21165,4476.0391,1348.3595
21166,4480.596,1280.6576
21167,4469.5398,1000.686
21168,4489.0917,1267.858
21169,4486.7029,1425.7317
21170,4479.3966,983.4974
21171,4490.1613,1413.6218
21172,4492.1361,1178.7375
21173,4480.5837,1395.7643
21174,4479.5545,1086.0097
21175,4478.9707,919.6783
21176,4491.3116,1414.3106
21177,4490.713,1259.8864
21178,4488.9276,1352.5634
21179,4487.1679,1019.3825
21180,4495.0526,1394.7679
21181,4492.7067,954.2551
21182,4493.1793,1257.1999
21183,4487.9954,1270.2623
21184,4488.0526,1282.2869
21185,4477.4848,1158.0608
21186,4490.9858,1288.5507
21187,4493.3292,923.8889
21188,4478.5323,1125.8707
21189,4485.0011,1341.3213
21190,4482.5372,1129.7355
21191,4480.2894,957.338
21192,4502.436,1267.0543
21193,4488.7038,1212.1747
21194,4496.696,1013.4602
21195,4486.6859,1106.3432
21196,4487.8178,1113.4684
21197,4491.0887,1191.1547
21198,4484.3941,1445.3193
21199,4500.1254,1312.025
21200,4490.8649,1005.9217
21201,4485.8444,1199.1544
21202,4493.0914,1066.5199
21203,4490.1066,1000.5651
21204,4495.9849,1139.4248
21205,4494.4564,1008.3953
21206,4488.2146,1421.2081
21207,4505.3234,926.3473
21208,4505.4596,1348.3565
21209,4490.9769,1069.6014
21210,4489.6966,1352.6873
21211,4509.2208,938.3743
21212,4499.6866,922.124
21213,4508.0168,1398.1206
21214,4506.9498,1357.039
21215,4501.3815,923.7431
21216,4513.8374,1440.3447
21217,4513.7802,1000.1011
21218,4500.4653,1432.6137
21219,4511.4704,1455.3275
21220,4501.5656,1428.7193
21221,4500.83,1240.9751
21222,4506.4088,1161.2751
21223,4498.4453,1427.2912
21224,4509.1633,1023.9476
21225,4500.6891,959.3461
21226,4500.906,926.7044
21227,4516.2932,1141.4981
21228,4497.7066,1428.8185
21229,4499.9024,951.7133
21230,4509.299,1331.4235
21231,4511.0029,1146.5324
21232,4518.8068,1387.3156
21233,4519.541,1456.3881
21234,4510.8363,1167.6019
21235,4502.0134,1077.989
21236,4511.0618,1259.3879
21237,4510.4682,1135.2775
21238,4510.4553,1112.5476
21239,4521.1884,1307.093
21240,4514.5954,1223.4129
21241,4517.0756,966.4125
21242,4510.2298,1098.8532
21243,4526.2067,950.107
21244,4510.768,1048.7376
21245,4510.9591,1428.8587
21246,4527.2733,938.9688
21247,4527.7549,1131.7881
21248,4522.5478,948.8441
21249,4507.7662,1293.3264
21250,4528.6457,1091.1291
21251,4510.9057,1012.0706
21252,4524.3809,1348.6614
21253,4518.2059,1293.1647
21254,4519.8762,1399.993
21255,4524.6779,1034.7286
21256,4522.925,1174.5022
21257,4520.3258,929.2909
21258,4516.4144,1352.9847
21259,4532.7043,963.6959
21260,4519.5741,1266.8741
21261,4532.9877,921.9431
21262,4517.264,1406.8415
21263,4527.3594,1305.6742
21264,4516.7336,1031.3141
21265,4529.3202,1190.134
21266,4518.0688,1343.9599
21267,4535.9182,1355.4139
21268,4519.5482,1367.8745
21269,4534.2014,1077.4849
21270,4519.2485,979.736
21271,4529.3104,1412.6026
21272,4535.2125,1318.2437
21273,4522.9514,1101.2382
21274,4539.7294,1144.24
21275,4524.1213,1274.6775
21276,4526.0949,1278.5743
21277,4532.0172,1181.0725
21278,4538.7344,1325.5722
21279,4534.9982,1024.3199
21280,4528.1753,1224.9983
21281,4534.9268,995.3724
21282,4535.9497,1181.9559
21283,4541.0306,1171.5041
21284,4535.7485,1301.0696
21285,4535.069,1083.1245
21286,4541.8777,1050.1641
21287,4541.157,1385.1196
21288,4547.3416,967.6345
21289,4542.7829,1278.9929
21290,4536.6499,1272.9648
21291,4532.861,1035.9863
21292,4551.5654,1370.3431
21293,4538.146,1221.6677
21294,4550.2323,1400.6105
21295,4550.7068,1421.1455
21296,4548.3309,1106.1363
21297,4548.6317,1306.344
21298,4546.2317,1194.3312
21299,4553.3895,1212.292
21300,4541.9225,1478.2341
21301,4538.9949,1308.5104
21302,4544.7315,989.1003
21303,4550.6805,1103.3608
21304,4536.5491,1108.6593
21305,4542.9842,1041.5087
21306,4553.1397,998.0558
21307,4544.5427,1436.4565
21308,4549.358,1345.9889
21309,4559.6325,1135.2212
21310,4555.7139,1359.7406
21311,4558.9192,1480.742
21312,4561.6311,1370.2231
21313,4545.8825,1336.7755
21314,4544.2273,1258.0182
21315,4556.2934,939.2494
21316,4548.9183,1472.6952
21317,4557.5932,1062.2855
21318,4558.3664,1050.6954
21319,4551.4742,1029.4585
21320,4564.0753,1036.5472
21321,4549.0512,1200.2798
21322,4560.1837,1236.4363
21323,4554.001,1154.3615
21324,4548.9586,1062.2585
21325,4553.3178,1469.4259
21326,4553.6955,1487.7637
21327,4549.0489,1176.9293
21328,4562.8367,1398.3259
21329,4566.0052,1481.0193
21330,4564.6229,927.5439
21331,4553.0886,1028.6017
21332,4571.2986,1374.2467
21333,4562.5953,1458.5525
21334,4568.9305,1386.079
21335,4562.3607,1227.089
21336,4572.5448,1097.9296
21337,4573.5223,1195.977
21338,4571.2265,941.2022
21339,4555.5548,1278.6584
21340,4571.8065,1411.5694
21341,4573.0651,1455.6042
21342,4557.4743,966.4642
21343,4563.6817,1169.2419
21344,4573.7703,1284.9103
21345,4569.8346,1105.5758
21346,4558.5638,1455.9694
21347,4574.4468,985.2582
21348,4575.7673,1355.6595
21349,4573.8688,1238.9252
21350,4563.2274,1071.004
21351,4578.3955,1477.7211
21352,4562.4564,1067.1367
21353,4580.7676,1343.3228
21354,4569.4443,1305.5943
21355,4572.3851,1429.6541
21356,4578.2472,1212.9588
21357,4579.6234,1374.1493
21358,4565.6997,1230.6462
21359,4583.8408,1324.4394
21360,4579.2506,1147.9164
21361,4584.1207,1170.3917
21362,4585.8542,1178.3916
21363,4581.6204,1502.6252
21364,4574.7769,1047.8919
21365,4587.7639,1249.59
21366,4574.9714,1483.1773
21367,4573.229,950.4721
21368,4573.0611,957.9339
21369,4575.1587,1463.3314
21370,4581.8349,1250.2177
21371,4592.8592,952.6807
21372,4586.7005,1437.3681
21373,4584.9675,991.9904
21374,4595.6672,1386.8951
21375,4589.3159,1280.4065
21376,4594.897,1330.0919
21377,4576.9876,1014.873
21378,4578.1124,1240.7002
21379,4583.4392,1465.5784
21380,4581.8021,946.2081
21381,4577.56,1486.9741
21382,4578.5422,1453.4478
21383,4578.4203,1411.1342
21384,4594.467,1035.8402
21385,4582.6112,1451.2537
21386,4582.2317,1097.9143
21387,4589.073,1423.4773
21388,4588.3609,1014.9286
21389,4591.7921,977.5307
21390,4591.4107,1275.6389
21391,4603.1175,1180.8297
21392,4600.2375,1008.452
21393,4605.4608,1120.1655
21394,4584.2362,1428.0383
21395,4590.5719,1035.3537
21396,4596.9195,1188.6296
21397,4591.173,1469.1588
21398,4600.3318,1273.6853
21399,4590.3463,1293.0162
21400,4595.4952,1326.5682
21401,4592.7516,1073.5402
21402,4593.3549,1007.5695
21403,4612.1717,1327.1321
21404,4590.9652,1476.1113
21405,4591.5962,1215.1769
21406,4591.7811,1445.5319
21407,4610.0044,1181.1235
21408,4608.8406,1258.7778
21409,4603.8091,1384.6393
21410,4601.1826,1162.4219
21411,4601.0167,1160.6762
21412,4604.0973,1366.579
21413,4601.666,1293.4251
21414,4599.7945,1386.6359
21415,4601.8296,1318.6619
21416,4616.0989,1150.6932
21417,4605.2943,1490.7094
21418,4614.2908,1485.4907
21419,4617.6095,1032.9665
21420,4615.0025,1395.9274
21421,4614.9791,1442.8148
21422,4611.4497,1291.3488
21423,4603.713,946.9851
21424,4619.3319,1026.1581
21425,4611.3231,1416.317
21426,4606.3509,1290.2792
21427,4621.121,1479.7106
21428,4624.8286,1176.4218
21429,4618.9257,1412.3853
21430,4616.6585,1398.5456
21431,4612.6321,1428.2236
21432,4621.9284,1008.742
21433,4617.0845,1481.9106
21434,4611.7212,1229.3366
21435,4623.3563,1118.2282
21436,4609.8624,1336.3057
21437,4628.6582,1434.2805
21438,4632.6844,1386.8829
21439,4627.8386,968.1323
21440,4611.8131,1014.6547
21441,4633.0503,1100.2271
21442,4631.2627,1393.7804
21443,4622.0233,1257.5685
21444,4619.1394,1130.7892
21445,4635.2237,1007.4984
21446,4629.5778,1360.8813
21447,4617.8846,1305.1827
21448,4617.8792,1053.5488
21449,4617.8346,1327.4612
21450,4640.0239,1144.2149
21451,4628.1752,1054.1803
21452,4638.6762,1270.8462
21453,4634.316,1446.1275
21454,4626.355,1510.0111
21455,4640.4061,1285.9866
21456,4639.7314,1520.1724
21457,4622.6226,1239.1187
21458,4636.5927,1296.4406
21459,4640.2777,1244.5099
21460,4642.8464,1447.3592
21461,4626.1053,1258.6384
21462,4639.0979,1271.7764
21463,4648.2087,1206.021
21464,4637.5504,1485.0534
21465,4639.7506,1355.0785
21466,4643.3042,1142.7026
21467,4634.2911,1207.2048
21468,4630.6472,1190.3381
21469,4633.1871,1334.6886
21470,4647.8013,1482.0975
21471,4634.5458,1325.5986
21472,4644.7378,1196.579
21473,4635.1713,1187.7062
21474,4642.1121,1360.8176
21475,4643.6269,1311.1808
21476,4652.2957,1501.7053
21477,4651.3812,1108.5667
21478,4650.9401,1179.2411
21479,4642.0309,1060.9926
21480,4659.3345,1357.0147
21481,4658.9298,1032.9629
21482,4655.1688,1417.8104
21483,4644.9501,1380.4598
21484,4656.2969,1366.656
21485,4646.7415,1215.5828
21486,4660.496,1133.4205
21487,4660.5002,1411.6191
21488,4650.9134,1125.4334
21489,4650.6208,1259.4334
21490,4651.6932,947.7577
21491,4646.2254,1047.712
21492,4651.2542,1322.4149
21493,4660.9017,1415.8607
21494,4663.3407,1497.7717
21495,4646.7067,1287.53
21496,4655.5251,1192.7504
21497,4665.2002,1323.2579
21498,4666.0651,1221.287
21499,4658.8693,1371.9011
21500,4652.0941,1258.519
21501,4653.4836,1488.2043
21502,4658.2664,969.0078
21503,4660.683,1324.2827
21504,4668.923,1271.4637
21505,4652.7896,963.9074
21506,4671.0721,1392.5945
21507,4676.6504,1177.8184
21508,4668.4429,1198.481
21509,4666.6854,1467.7358
21510,4673.644,1411.6239
21511,4662.8432,967.0355
21512,4665.8538,1326.8328
21513,4662.0169,1355.4679
21514,4658.8366,1323.1173
21515,4662.7366,1359.5827
21516,4667.9923,1185.0694
21517,4677.4938,1329.4881
21518,4672.6003,1205.6663
21519,4666.9124,1246.0241
21520,4669.3075,1217.9759
21521,4681.1912,1472.1065
21522,4668.6895,1525.8991
21523,4684.0052,1105.5838
21524,4670.5214,1517.317
21525,4670.3389,1236.273
21526,4685.4732,1276.8513
21527,4679.3233,975.6498
21528,4690.647,1477.219
21529,4690.5804,976.0643
21530,4681.0662,1340.3423
21531,4675.7242,1107.2741
21532,4682.7504,1330.2993
21533,4678.5846,1033.4437
21534,4692.1334,1159.9908
21535,4679.4203,1432.7407
21536,4678.411,1368.4925
21537,4676.5742,1051.4873
21538,4697.271,1407.2323
21539,4682.135,1366.1772
21540,4694.0295,1508.238
21541,4682.9024,1483.709
21542,4700.3493,1187.2141
21543,4696.7177,956.0906
21544,4694.0341,1014.596
21545,4691.5791,1091.0036
21546,4700.6014,1231.0858
21547,4701.228,1029.0329
21548,4700.6198,1141.7876
21549,4705.5919,1376.8182
21550,4693.0163,1256.2867
21551,4695.4663,1286.4676
21552,4704.1074,1215.2168
21553,4688.1453,1066.2735
21554,4699.9455,1122.6146
21555,4695.2397,1437.417
21556,4701.3992,1523.8811
21557,4697.9017,1235.4957
21558,4704.3201,1501.433
21559,4705.3983,1503.1242
21560,4703.354,1153.0743
21561,4711.2674,1081.1051
21562,4693.0497,1530.7394
21563,4706.01,1096.2118
21564,4694.6971,1361.8278
21565,4700.2155,1286.8884
21566,4700.9474,1343.0923
21567,4700.9766,1526.8398
21568,4699.8061,1338.251
21569,4710.6112,1321.7363
21570,4720.631,1105.9376
21571,4707.1946,1397.7018
21572,4699.5287,1338.3336
21573,4700.1521,1260.1673
21574,4705.6277,1296.6714
21575,4724.4051,1375.8041
21576,4712.1901,1447.7095
21577,4704.2917,1312.2592
21578,4723.2113,1496.0471
21579,4714.119,1424.5997
21580,4719.5325,1107.8686
21581,4725.7754,1297.2223
21582,4720.3074,1307.28
21583,4707.2088,1357.9315
21584,4730.9297,1192
21585,4728.5658,1313.699
21586,4722.5408,1137.3564
21587,4730.599,1518.6222
21588,4733.3926,1415.575
21589,4732.8257,1515.3524
21590,4720.8628,1172.7752
21591,4719.4204,1072.2664
21592,4729.2285,1303.2982
21593,4725.5385,1230.5453
21594,4720.6347,1416.8625
21595,4734.0504,1498.9314
21596,4732.7167,1088.6518
21597,4732.4799,1411.9405
21598,4733.3668,1216.138
21599,4726.8613,1478.2437
21600,4736.7846,1047.8097
21601,4739.9687,1105.299
21602,4723.0667,1226.007
21603,4729.1911,1248.4969
21604,4729.0245,1412.8048
21605,4740.5112,1505.8593
21606,4724.2655,1527.8416
21607,4736.679,1545.6035
21608,4747.2898,1000.5911
21609,4749.0978,1483.6218
21610,4736.7885,1419.1094
21611,4734.3258,1500.3055
21612,4729.5077,1448.8459
21613,4747.9404,1171.6063
21614,4744.8833,1065.9258
21615,4749.7668,1331.1485
21616,4739.3726,1443.7564
21617,4742.1968,1326.3043
21618,4755.8767,1014.0055
21619,4739.3941,1472.3784
21620,4751.2314,1271.3725
21621,4752.5726,1483.6885
21622,4745.9836,1285.095
21623,4755.4076,1280.4138
21624,4742.7846,1102.0559
21625,4741.7926,1521.9256
21626,4757.9455,1442.2619
21627,4752.4531,1485.2925
21628,4747.6162,1504.0332
21629,4761.7666,1067.2833
21630,4748.0525,1556.3113
21631,4749.7612,1482.6162
21632,4762.7709,1172.3342
21633,4753.3188,1433.4736
21634,4748.357,1517.7906
21635,4760.6583,1436.4469
21636,4769.1774,1209.2245
21637,4771.221,1302.6715
21638,4750.0827,1461.1355
21639,4749.6235,1185.6817
21640,4771.4771,1034.325
21641,4764.741,1028.2396
21642,4773.6206,1547
21643,4770.2573,1526.8305
21644,4768.4891,1182.0432
21645,4765.4521,1291.1773
21646,4765.2677,1469.8721
21647,4757.3707,1133.9957
21648,4757.8602,1506.3941
21649,4760.849,967.4092
21650,4771.5093,1145.0491
21651,4781.7778,1540.9527
21652,4763.5002,1021.0255
21653,4775.0293,1143.887
21654,4764.7431,1356.0903
21655,4776.3869,1405.3525
21656,4764.3759,1473.2003
21657,4784.6367,1184.724
21658,4767.545,1432.9796
21659,4772.4947,1486.193
21660,4781.7472,1141.183
21661,4789.6809,1397.7553
21662,4778.1347,1138.2952
21663,4781.5214,1272.7639
21664,4770.2072,1386.4752
21665,4785.5741,1293.3454
21666,4772.1766,1373.397
21667,4787.569,1505.4422
21668,4782.2437,1516.7746
21669,4791.0912,1346.1085
21670,4780.3282,1222.4034
21671,4782.5545,1513.0391
21672,4778.423,1320.5384
21673,4784.567,1068.451
21674,4791.2117,1531.7914
21675,4791.0208,1420.2516
21676,4797.8578,1260.4623
21677,4800.5038,1348.2657
21678,4794.563,1256.8378
21679,4786.2181,1222.1666
21680,4800.4955,1441.3228
21681,4802.2076,1544.1787
21682,4785.7581,1345.4869
21683,4785.8757,1200.0784
21684,4800.9686,1398.3258
21685,4795.7047,1232.458
21686,4800.1208,1396.977
21687,4803.6626,1356.9365
21688,4810.2266,1093.5443
21689,4806.0796,1304.4107
21690,4801.2807,1574.0509
21691,4807.5491,1347.8463
21692,4810.2387,1542.0723
21693,4815.1976,1567.5723
21694,4797.7893,1363.8844
21695,4810.2545,1058.2079
21696,4815.0737,1302.7834
21697,4809.135,1482.057
21698,4811.2849,1289.2795
21699,4801.8606,1397.3541
21700,4813.9487,1229.6674
21701,4817.5456,1052.9886
21702,4817.3528,1420.4486
21703,4816.4219,1397.4268
21704,4804.976,1539.0678
21705,4823.0089,1177.1095
21706,4825.2413,1033.13
21707,4818.9263,1302.2608
21708,4807.048,1012.9949
21709,4812.8612,1501.0362
21710,4811.2993,1524.8344
21711,4818.992,1566.3804
21712,4819.8355,1449.6854
21713,4817.149,1063.9294
21714,4820.7612,1339.0559
21715,4817.5546,1567.6561
21716,4827.2031,1419.0303
21717,4826.2541,1298.6019
21718,4830.5448,1404.9162
21719,4829.8856,1027.9585
21720,4824.0003,1461.5572
21721,4835.7997,1562.0756
21722,4834.502,1378.9361
21723,4839.4144,1454.398
21724,4820.9415,1031.1006
21725,4843.4445,1071.1649
21726,4825.5192,1164.5967
21727,4824.3347,1289.2612
21728,4836.0926,1475.4467
21729,4836.1739,1292.2274
21730,4839.6734,1329.2195
21731,4838.4213,1245.206
21732,4848.2645,1018.8287
21733,4834.2462,1350.5707
21734,4846.0923,1176.5159
21735,4830.4876,1248.2571
21736,4850.3434,1323.556
21737,4831.96,1123.099
21738,4841.412,1187.4922
21739,4853.7511,1157.2369
21740,4838.7022,1451.7709
21741,4852.3788,1472.4547
21742,4845.3134,1177.5148
21743,4839.1551,1280.8325
21744,4848.5991,1473.8651
21745,4849.5027,1503.8684
21746,4848.0346,1144.5218
21747,4854.9179,1515.9355
21748,4849.302,1410.4409
21749,4851.7113,1294.1243
21750,4862.2751,1257.2285
21751,4863.7604,1345.1763
21752,4868.8225,1381.2926
21753,4862.4346,1384.3317
21754,4870.6711,1011.0995
21755,4871.7401,1303.9309
21756,4868.4149,1564.0824
21757,4873.4698,1444.7221
21758,4872.4879,1182.327
21759,4864.5766,1509.8916
21760,4856.8884,1578.3774
21761,4857.9592,1528.8104
21762,4875.0287,1473.8382
21763,4877.0839,1133.2996
21764,4866.428,1568.8927
21765,4862.0373,1487.1202
21766,4878.6141,1428.7045
21767,4859.6831,1257.899
21768,4881.4562,1522.3892
21769,4882.6883,1092.2481
21770,4869.339,1515.0088
21771,4885.474,1113.4839
21772,4879.4939,1493.9408
21773,4871.5625,1159.1773
21774,4879.2208,1514.2817
21775,4884.6822,1115.8047
21776,4873.8143,1228.0355
21777,4875.649,1559.4227
21778,4881.8006,1198.3774
21779,4883.5759,1032.0352
21780,4872.8705,1075.1166
21781,4890.5685,1081.3115
21782,4878.8249,1568.6253
21783,4880.4597,1348.1129
21784,4878.5842,1382.8714
21785,4875.2182,1569.8854
21786,4886.6141,1096.6229
21787,4883.8897,1296.3309
21788,4885.2237,1402.4497
21789,4897.7478,1493.2084
21790,4891.9055,1568.4621
21791,4881.4707,1008.9349
21792,4886.694,1520.0613
21793,4886.3407,1004.6731
21794,4896.0691,1095.5096
21795,4902.4824,1335.0107
21796,4899.1703,1426.6717
21797,4893.3969,1352.378
21798,4900.3966,1412.7965
21799,4908.8307,1263.0555
21800,4902.9299,1290.0602
21801,4896.6866,1547.115
21802,4912.0298,1380.1297
21803,4901.4058,1534.8445
21804,4899.2813,1085.429
21805,4900.8447,1112.4643
21806,4895.8155,1375.3794
21807,4918.875,1236.2174
21808,4903.3531,1416.2735
21809,4916.5194,1193.2267
21810,4912.3364,1592.2463
21811,4916.574,1295.188
21812,4905.3848,1113.3951
21813,4923.3765,1482.2965
21814,4906.4241,1301.575
21815,4912.0776,1400.9496
21816,4924.5059,1115.9576
21817,4907.0419,1364.6361
21818,4908.0165,1282.0593
21819,4925.6682,1177.6753
21820,4910.077,1212.9269
21821,4931.8615,1495.667
21822,4924.9692,1241.1878
21823,4934.4914,1466.617
21824,4911.821,1230.4494
21825,4934.9524,1282.2172
21826,4926.0404,1153.5366
21827,4918.3602,1067.8296
21828,4939.8588,1124.2151
21829,4934.6474,1469.2853
21830,4936.1825,1278.6094
21831,4937.165,1439.4049
21832,4921.605,1204.9152
21833,4922.3171,1050.8403
21834,4945.8577,1345.0613
21835,4938.8672,1510.7511
21836,4939.6169,1309.3004
21837,4926.383,1034.2122
21838,4942.4272,1596.2994
21839,4948.5775,1447.6289
21840,4948.4293,1381.5324
21841,4949.474,1080.4839
21842,4950.357,1111.552
21843,4940.4001,1418.4419
21844,4932.5276,1096.1423
21845,4941.8421,1039.6395
21846,4936.4948,1366.4107
21847,4946.8088,1144.636
21848,4936.0483,1061.1344
21849,4943.459,1450.7266
21850,4952.4733,1414.5601
21851,4958.0172,1421.5275
21852,4939.8484,1407.3769
21853,4957.5201,1395.7778
21854,4942.1262,1456.9334
21855,4943.7211,1501.658
21856,4958.8362,1407.4482
21857,4959.9071,1334.766
21858,4960.3972,1261.253
21859,4953.0634,1454.3431
21860,4968.4678,1454.2425
21861,4972.1075,1532.218
21862,4951.6456,1361.2315
21863,4970.2482,1427.2235
21864,4955.3245,1065.718
21865,4955.1608,1418.2562
21866,4972.1544,1290.3468
21867,4976.0684,1278.7891
21868,4959.5829,1332.7038
21869,4972.4479,1274.5329
21870,4956.7959,1223.9442
21871,4958.0729,1376.6955
21872,4980.7406,1345.8368
21873,4966.3324,1208.3765
21874,4964.0541,1586.3427
21875,4963.7364,1201.4632
21876,4968.1836,1403.061
21877,4974.7937,1101.5283
21878,4982.1087,1170.8049
21879,4973.3338,1110.5782
21880,4968.819,1442.8041
21881,4978.9486,1571.5564
21882,4986.454,1260.9389
21883,4977.3832,1583.5234
21884,4971.0591,1289.5031
21885,4972.3655,1467.0327
21886,4994.4198,1626.4795
21887,4979.753,1401.4785
21888,4987.4391,1520.9549
21889,4982.8527,1331.8754
21890,4977.8809,1113.0227
21891,4992.606,1484.9803
21892,4997.7609,1443.4905
21893,4998.9911,1202.8302
21894,4984.6127,1500.0646
21895,5004.303,1630.7096
21896,5006.6745,1183.4534
21897,5001.4235,1528.9737
21898,4998.6972,1339.169
21899,5000.9223,1239.5521
21900,4992.5096,1297.8027
21901,5012.8151,1320.0278
21902,4994.8855,1415.4945
21903,4992.8816,1250.097
21904,4995.2412,1597.4577
21905,5016.0312,1072.3599
21906,5010.5641,1376.2891
21907,5008.4524,1397.4267
21908,4997.8467,1423.1083
21909,5017.3592,1319.7505
21910,5007.6898,1419.3298
21911,5018.4087,1413.7602
21912,5018.7134,1159.219
21913,5003.0833,1493.6926
21914,5015.1132,1038.5797
21915,5016.8795,1457.5712
21916,5016.5486,1384.5795
21917,5018.0016,1547.5605
21918,5022.7126,1158.8818
21919,5018.9252,1435.599
21920,5011.1003,1595.4772
21921,5022.3452,1570.3434
21922,5016.3273,1061.2301
21923,5035.3632,1535.4719
21924,5022.2127,1545.0199
21925,5035.3515,1184.872
21926,5024.278,1340.4384
21927,5022.7776,1187.4136
21928,5019.3797,1567.2398
21929,5027.042,1360.9948
21930,5038.8517,1388.0791
21931,5036.8468,1563.7999
21932,5044.6171,1116.5961
21933,5021.8814,1390.4894
21934,5040.2759,1189.4808
21935,5040.6716,1488.0631
21936,5033.1166,1262.8496
21937,5048.2365,1155.5204
21938,5045.4844,1642.6357
21939,5031.7219,1553.4045
21940,5053.158,1425.7823
21941,5041.405,1447.2147
21942,5045.4157,1386.8139
21943,5046.8913,1080.8832
21944,5034.5448,1624.6852
21945,5037.0992,1029.4314
21946,5057.6008,1434.1697
21947,5059.4868,1629.3823
21948,5043.6964,1276.5158
21949,5054.8609,1386.7656
21950,5052.5583,1528.1038
21951,5042.3205,1144.9541
21952,5062.7336,1286.1479
21953,5047.2236,1402.1692
21954,5060.1165,1599.1758
21955,5065.7594,1244.7915
21956,5053.1775,1525.679
21957,5048.0879,1519.8493
21958,5057.368,1379.3987
21959,5071.1876,1369.7063
21960,5055.8288,1307.8109
21961,5071.9946,1107.4202
21962,5074.9048,1138.4206
21963,5075.5938,1259.9174
21964,5054.8191,1548.5662
21965,5072.8974,1384.3539
21966,5064.914,1457.2949
21967,5058.3616,1467.5104
21968,5071.6091,1615.7613
21969,5060.4817,1507.1864
21970,5069.0973,1177.3665
21971,5068.0893,1035.9734
21972,5079.9253,1099.5316
21973,5068.5168,1194.8608
21974,5068.346,1303.3346
21975,5091.0469,1539.7904
21976,5066.9536,1142.8438
21977,5089.8063,1640.3411
21978,5087.3237,1452.8787
21979,5075.3469,1441.913
21980,5072.2068,1081.4097
21981,5073.5122,1549.113
21982,5086.4846,1580.102
21983,5098.161,1144.2735
21984,5093.4212,1039.5986
21985,5082.8135,1319.1344
21986,5096.8697,1333.5734
21987,5100.1045,1475.5129
21988,5095.3962,1521.2888
21989,5090.0054,1224.9504
21990,5097.1098,1589.8723
21991,5095.9774,1575.7256
21992,5085.907,1308.8367
21993,5103.0179,1188.9582
21994,5096.9142,1045.1648
21995,5099.7971,1555.9666
21996,5089.7245,1093.9327
21997,5106.9585,1135.6091
21998,5097.1255,1612.2196
21999,5115.2782,1412.0427
22000,5114.3969,1530.8169
22001,5106.2328,1490.3002
22002,5097.8432,1230.4919
22003,5108.4196,1548.1906
22004,5114.5619,1503.8299
22005,5109.8518,1048.8126
22006,5108.4155,1313.3241
22007,5102.6846,1497.9557
22008,5108.724,1660.5855
22009,5128.4038,1567.4176
22010,5127.4159,1462.657
22011,5119.9922,1327.009
22012,5127.4359,1389.9462
22013,5124.6617,1643.5654
22014,5132.6013,1221.5538
22015,5132.4675,1338.9533
22016,5119.9663,1387.9037
22017,5116.2713,1176.1424
22018,5126.2887,1405.9092
22019,5120.7901,1217.1778
22020,5133.7658,1321.9131
22021,5135.0359,1519.4723
22022,5139.5992,1476.5113
22023,5130.7065,1456.1735
22024,5135.1857,1128.6659
22025,5144.8184,1674.1322
22026,5140.1133,1363.4159
22027,5141.5378,1342.1186
22028,5145.1818,1174.5756
22029,5141.8597,1471.5785
22030,5149.9556,1329.5054
22031,5143.6122,1415.8401
22032,5153.1173,1545.163
22033,5153.1268,1634.4082
22034,5147.3507,1688.513
22035,5145.4723,1087.9512
22036,5147.3722,1592.394
22037,5159.2166,1554.2187
22038,5154.471,1465.7885
22039,5149.9151,1591.6476
22040,5151.9696,1380.35
22041,5161.6494,1207.6462
22042,5164.278,1302.9777
22043,5160.3498,1471.1277
22044,5154.2776,1692.8311
22045,5157.5449,1632.6822
22046,5157.4348,1303.3497
22047,5149.6905,1121.6909
22048,5165.1476,1559.9519
22049,5166.9321,1257.2028
22050,5149.8649,1349.0802
22051,5156.427,1207.2491
22052,5160.6658,1482.9909
22053,5175.5964,1117.0999
22054,5168.5259,1522.9715
22055,5174.1893,1296.5281
22056,5180.5233,1365.4716
22057,5161.4844,1571.4984
22058,5161.7121,1271.7762
22059,5170.9611,1487.5144
22060,5177.2287,1555.3359
22061,5184.3371,1135.5209
22062,5167.4098,1127.9736
22063,5173.5753,1399.5427
22064,5169.6749,1664.0001
22065,5172.412,1389.2368
22066,5178.6478,1451.4114
22067,5182.9571,1365.6451
22068,5180.405,1556.9659
22069,5193.2336,1346.9715
22070,5187.8352,1275.7578
22071,5197.2322,1644.2805
22072,5180.1886,1618.9085
22073,5176.3594,1277.1769
22074,5182.301,1183.9347
22075,5183.6002,1354.1676
22076,5196.583,1185.9593
22077,5180.0466,1069.6925
22078,5198.4223,1312.2561
22079,5190.1485,1136.6206
22080,5184.9676,1202.611
22081,5207.2558,1611.5726
22082,5196.0861,1395.6122
22083,5199.4929,1490.6634
22084,5205.6367,1408.4631
22085,5189.8201,1349.9028
22086,5211.2016,1397.6293
22087,5193.846,1652.1378
22088,5198.7437,1398.764
22089,5196.1514,1682.1026
22090,5208.6902,1168.5771
22091,5206.5907,1088.1497
22092,5212.3798,1612.9104
22093,5209.5576,1171.1408
22094,5205.9248,1068.5843
22095,5207.1131,1077.0827
22096,5219.5705,1510.7598
22097,5209.3486,1454.7683
22098,5223.6787,1309.0399
22099,5210.0143,1462.3226
22100,5211.1416,1689.0769
22101,5223.5416,1339.8488
22102,5222.2475,1572.2631
22103,5229.8135,1083.4375
22104,5222.487,1305.4174
22105,5226.8063,1563.4733
22106,5237.8564,1207.7411
22107,5234.1834,1692.462
22108,5221.539,1466.805
22109,5229.3247,1319.8322
22110,5240.5939,1065.0592
22111,5225.8088,1246.2326
22112,5233.9972,1069.4489
22113,5240.8307,1353.0497
22114,5239.0218,1088.0346
22115,5234.7876,1567.5805
22116,5251.4844,1166.2789
22117,5227.0166,1245.2109
22118,5228.6427,1509.2078
22119,5246.7979,1327.8666
22120,5248.4826,1311.4934
22121,5250.2202,1307.5286
22122,5249.8185,1423.2134
22123,5259.9162,1124.0328
22124,5246.6498,1492.0347
22125,5251.8719,1458.0981
22126,5247.2503,1323.0227
22127,5251.4333,1537.7828
22128,5255.5083,1301.5867
22129,5262.728,1710.7697
22130,5248.655,1270.604
22131,5268.3045,1403.1546
22132,5269.4962,1705.2263
22133,5266.9123,1371.2362
22134,5267.2811,1227.5087
22135,5251.5921,1585.3105
22136,5268.0412,1537.609
22137,5262.2645,1083.3243
22138,5272.4325,1477.6418
22139,5270.807,1640.0724
22140,5257.4999,1222.8769
22141,5258.1053,1641.9745
22142,5266.8358,1423.4352
22143,5262.0376,1658.7423
22144,5263.6201,1597.588
22145,5267.5906,1644.987
22146,5274.3971,1633.4128
22147,5286.3159,1698.1806
22148,5274.397,1531.8652
22149,5289.658,1509.5377
22150,5279.9705,1191.1352
22151,5282.3876,1107.6237
22152,5276.9322,1602.9087
22153,5275.0182,1257.3046
22154,5296.3911,1335.9253
22155,5293.7116,1671.0887
22156,5288.9447,1643.5731
22157,5287.4696,1197.2805
22158,5291.2723,1703.1354
22159,5293.2412,1374.6329
22160,5304.4932,1717.9039
22161,5296.016,1545.9443
22162,5297.2146,1531.0632
22163,5283.3646,1539.062
22164,5298.8882,1196.8925
22165,5298.7385,1098.6097
22166,5288.231,1142.6498
22167,5296.6079,1545.8615
22168,5308.9573,1211.3305
22169,5313.1084,1633.3411
22170,5311.2731,1106.6976
22171,5308.178,1420.819
22172,5305.5438,1477.1352
22173,5299.9731,1381.908
22174,5301.837,1518.7249
22175,5299.664,1385.1145
22176,5301.3173,1097.0623
22177,5316.915,1351.9797
22178,5314.9161,1517.8014
22179,5306.1068,1146.9973
22180,5311.88,1515.29
22181,5319.0679,1334.7138
22182,5328.2272,1396.3461
22183,5328.8597,1358.7971
22184,5321.1198,1337.6752
22185,5318.4127,1528.308
22186,5313.2938,1386.9804
22187,5332.8991,1198.3044
22188,5314.1953,1347.9415
22189,5326.1275,1512.5546
22190,5330.9885,1222.5047
22191,5320.3749,1630.5807
22192,5317.3139,1268.391
22193,5334.5773,1645.6288
22194,5333.6741,1700.8482
22195,5324.0048,1537.3152
22196,5330.2944,1326.8391
22197,5335.3232,1621.3455
22198,5342.839,1174.4259
22199,5344.4053,1376.1645
22200,5336.7613,1524.6321
22201,5339.2569,1302.3818
22202,5333.1692,1535.7389
22203,5340.3769,1215.2585
22204,5334.0623,1730.2158
22205,5339.3203,1361.3597
22206,5344.4365,1617.8716
22207,5355.116,1593.4483
22208,5349.3706,1287.1925
22209,5346.7188,1627.5345
22210,5359.334,1149.523
22211,5352.7644,1475.82
22212,5352.1729,1579.2859
22213,5361.8018,1472.1836
22214,5359.7625,1750.8802
22215,5354.8404,1405.2005
22216,5351.9964,1150.7399
22217,5356.6529,1243.0407
22218,5367.9048,1302.7145
22219,5369.062,1498.6986
22220,5369.6979,1656.3084
22221,5362.2048,1760.5194
22222,5371.6238,1389.9554
22223,5358.8985,1668.0567
22224,5371.7632,1711.9247
22225,5371.1087,1745.7622
22226,5374.5997,1581.592
22227,5377.7634,1618.5195
22228,5375.9135,1551.3599
22229,5380.8951,1487.539
22230,5374.9789,1391.1228
22231,5376.6922,1492.7
22232,5388.2362,1694.1034
22233,5372.079,1756.0014
22234,5386.1684,1317.945
22235,5381.4968,1133.4575
22236,5380.7362,1168.8972
22237,5373.3641,1273.6259
22238,5377.8553,1624.7451
22239,5400.1172,1392.4552
22240,5377.8645,1762.0055
22241,5383.5007,1150.674
22242,5391.1148,1174.6252
22243,5398.324,1606.4075
22244,5407.0505,1718.8632
22245,5383.9891,1610.8046
22246,5399.3857,1741.8512
22247,5391.9141,1226.0396
22248,5409.9879,1665.325
22249,5389.7962,1504.7056
22250,5404.2979,1758.9901
22251,5409.9703,1292.1061
22252,5402.8035,1443.3373
22253,5398.832,1524.0515
22254,5395.3405,1665.8272
22255,5406.0105,1184.686
22256,5424.127,1597.1535
22257,5412.1468,1607.6216
22258,5404.7621,1247.7341
22259,5414.5785,1438.4783
22260,5425.6274,1453.4517
22261,5414.7411,1227.271
22262,5408.4108,1312.1431
22263,5420.2735,1280.7616
22264,5432.6453,1524.2828
22265,5417.7561,1568.9443
22266,5426.1561,1381.8455
22267,5416.195,1382.2751
22268,5413.5076,1505.2915
22269,5431.9429,1524.84
22270,5422.2025,1635.6982
22271,5420.1052,1775.4318
22272,5442.7585,1638.2996
22273,5442.8667,1603.127
22274,5420.4267,1766.0401
22275,5423.5599,1228.8068
22276,5445.8597,1340.663
22277,5436.8333,1772.2045
22278,5426.1401,1605.8641
22279,5435.1638,1733.8282
22280,5444.4164,1486.7214
22281,5445.2376,1331.6159
22282,5450.1132,1264.1342
22283,5454.2478,1507.718
22284,5444.0586,1351.9126
22285,5451.7334,1649.585
22286,5449.5832,1466.8236
22287,5442.642,1172.8589
22288,5460.3548,1631.7511
22289,5461.6729,1596.9399
22290,5451.5622,1601.5703
22291,5465.9064,1562.6479
22292,5450.6312,1363.1477
22293,5448.5151,1678.3431
22294,5451.0805,1683.7848
22295,5473.9084,1716.549
22296,5449.1647,1578.1499
22297,5465.0823,1480.2552
22298,5458.6957,1487.8405
22299,5458.032,1622.968
22300,5472.7623,1725.812
22301,5473.7828,1707.5996
22302,5474.7102,1292.3183
22303,5474.9757,1409.0368
22304,5478.1211,1610.8686
22305,5482.1592,1755.8707
22306,5468.5173,1331.0617
22307,5468.3308,1616.7735
22308,5482.2465,1513.9144
22309,5469.8705,1755.4679
22310,5481.2346,1438.7883
22311,5489.3472,1179.3981
22312,5473.7634,1168.0723
22313,5473.2995,1522.7348
22314,5491.3574,1616.8699
22315,5499.101,1617.485
22316,5498.8857,1301.6972
22317,5487.5288,1543.2324
22318,5501.6577,1122.266
22319,5481.1779,1501.3079
22320,5496.185,1585.1429
22321,5481.802,1796.4446
22322,5508.074,1245.4832
22323,5506.0901,1150.1913
22324,5509.0367,1468.1767
22325,5486.7574,1798.2534
22326,5514.9677,1369.4595
22327,5493.2212,1711.7984
22328,5513.7198,1804.0364
22329,5511.905,1425.4769
22330,5500.5191,1291.9519
22331,5503.9594,1702.5839
22332,5503.9782,1672.8982
22333,5503.2124,1566.998
22334,5504.198,1152.2374
22335,5520.8591,1240.6097
22336,5502.7982,1365.2147
22337,5521.1328,1142.0164
22338,5525.8591,1380.5144
22339,5528.4317,1405.8054
22340,5525.6478,1215.8417
22341,5534.7929,1503.5674
22342,5513.9018,1692.6005
22343,5523.4893,1621.9837
22344,5517.2312,1561.7425
22345,5513.8141,1387.4882
22346,5522.188,1585.5203
22347,5519.8426,1305.1462
22348,5533.7188,1372.7631
22349,5531.6464,1440.9085
22350,5537.6428,1642.207
22351,5547.9801,1434.4542
22352,5532.7911,1347.0836
22353,5530.5641,1136.68
22354,5542.9569,1736.4895
22355,5549.2522,1741.0809
22356,5552.3743,1484.8723
22357,5550.5224,1387.6275
22358,5544.9153,1555.513
22359,5557.3329,1330.0035
22360,5539.483,1415.3733
22361,5535.6622,1294.8307
22362,5547.5352,1200.0142
22363,5546.7154,1446.5269
22364,5538.9167,1794.0484
22365,5552.6164,1393.1029
22366,5558.3983,1683.4183
22367,5562.615,1277.7997
22368,5569.0641,1417.978
22369,5559.5223,1176.2581
22370,5564.2998,1674.2157
22371,5562.3087,1568.219
22372,5555.8942,1312.4905
22373,5549.8442,1222.0881
22374,5565.3131,1378.233
22375,5559.0905,1708.7408
22376,5575.458,1659.9008
22377,5556.2705,1424.9363
22378,5569.0162,1514.4488
22379,5582.2012,1360.3682
22380,5581.1325,1717.9091
22381,5574.6412,1214.1659
22382,5564.7862,1739.0558
22383,5566.0826,1588.9475
22384,5573.1532,1390.5914
22385,5573.4437,1507.019
22386,5587.6346,1355.2241
22387,5580.4245,1602.9582
22388,5592.1069,1657.0765
22389,5580.5939,1143.9252
22390,5581.1054,1286.0007
22391,5591.958,1480.5697
22392,5583.1955,1546.4156
22393,5592.1756,1507.5713
22394,5603.8949,1560.1831
22395,5600.422,1433.4512
22396,5587.3809,1632.7324
22397,5603.1707,1456.1698
22398,5595.3671,1389.9268
22399,5609.2485,1632.2025
22400,5592.4718,1668.8398
22401,5603.3459,1199.9467
22402,5605.0315,1414.4542
22403,5612.7672,1775.8607
22404,5606.6683,1461.7341
22405,5595.1439,1490.8875
22406,5601.8282,1508.3864
22407,5597.0596,1517.5321
22408,5616.0484,1787.8375
22409,5619.9321,1611.3103
22410,5603.6426,1370.8672
22411,5616.0162,1634.5245
22412,5613.1079,1665.3181
22413,5627.6591,1423.9185
22414,5624.2373,1800.3023
22415,5620.2986,1465.9387
22416,5619.6174,1775.5351
22417,5636.5424,1408.9705
22418,5621.5998,1199.333
22419,5619.8369,1826.6627
22420,5630.0555,1763.4146
22421,5615.6631,1841.0293
22422,5631.0638,1601.6184
22423,5639.0656,1713.0947
22424,5622.3987,1449.9432
22425,5647.5607,1775.9363
22426,5632.848,1762.4664
22427,5648.8641,1280.662
22428,5626.4104,1688.0963
22429,5637.096,1584.8455
22430,5631.6285,1435.7407
22431,5647.4318,1757.1659
22432,5636.8781,1374.3301
22433,5637.4809,1482.0639
22434,5638.3259,1404.4453
22435,5648.5066,1577.1368
22436,5659.4423,1785.3744
22437,5662.7732,1304.9983
22438,5641.685,1606.528
22439,5656.7079,1535.6058
22440,5641.2172,1654.8084
22441,5651.3836,1741.0136
22442,5667.5651,1299.7898
22443,5667.931,1801.902
22444,5670.925,1812.6852
22445,5668.6535,1613.7471
22446,5676.1647,1185.7378
22447,5665.2811,1737.5766
22448,5652.2317,1404.5295
22449,5668.1184,1665.1825
22450,5671.2949,1472.51
22451,5671.276,1232.8408
22452,5684.1412,1778.4749
22453,5680.7009,1766.6498
22454,5685.1187,1837.6619
22455,5677.9566,1752.4008
22456,5688.2633,1467.0898
22457,5681.3481,1404.3894
22458,5670.4346,1674.1718
22459,5690.3541,1437.3654
22460,5685.3913,1430.1064
22461,5670.2289,1787.1137
22462,5683.6608,1820.7846
22463,5696.4173,1310.2158
22464,5694.8062,1521.965
22465,5675.7524,1428.9824
22466,5681.9525,1461.4233
22467,5686.0543,1328.2194
22468,5686.9105,1696.516
22469,5689.4706,1583.1415
22470,5704.8743,1649.0228
22471,5692.9192,1386.0008
22472,5685.1655,1739.19
22473,5713.1917,1786.1788
22474,5712.6381,1600.1072
22475,5704.0631,1581.3803
22476,5701.7705,1380.5512
22477,5714.3933,1569.7677
22478,5704.3728,1308.1388
22479,5701.5064,1723.8153
22480,5706.1263,1815.9014
22481,5711.3249,1747.4846
22482,5706.1864,1769.2179
22483,5724.8271,1840.9882
22484,5707.3082,1176.4745
22485,5703.8714,1300.34
22486,5715.4969,1803.9966
22487,5730.9254,1402.6431
22488,5716.7717,1780.0521
22489,5708.2253,1372.4083
22490,5736.981,1334.0139
22491,5722.9444,1492.232
22492,5727.6633,1410.9621
22493,5719.2666,1380.0897
22494,5727.0909,1339.2198
22495,5725.8763,1333.5094
22496,5744.8944,1602.5685
22497,5745.2112,1474.5715
22498,5732.6448,1594.9373
22499,5743.8159,1529.2145
22500,5730.3123,1398.4835
22501,5742.3919,1709.5387
22502,5744.4485,1882.4322
22503,5747.8991,1863.4433
22504,5752.3921,1608.4068
22505,5743.258,1772.8509
22506,5758.029,1606.6939
22507,5757.6791,1365.6197
22508,5744.532,1590.8011
22509,5759.3242,1695.0713
22510,5764.9491,1822.638
22511,5754.5916,1786.2535
22512,5748.0229,1703.9709
22513,5751.3767,1219.2817
22514,5750.475,1297.5363
22515,5762.5785,1777.417
22516,5757.3662,1295.2841
22517,5761.6597,1801.8768
22518,5766.1693,1891.4858
22519,5750.1377,1687.351
22520,5758.2076,1838.6041
22521,5773.1076,1883.9565
22522,5753.9096,1446.2633
22523,5756.4773,1395.0261
22524,5776.378,1398.4381
22525,5781.6297,1792.5163
22526,5776.0325,1559.6331
22527,5771.8149,1641.2451
22528,5787.431,1684.2217
22529,5789.3278,1721.9957
22530,5766.9105,1430.8773
22531,5770.6306,1596.5393
22532,5774.7311,1640.0572
22533,5783.8324,1504.1064
22534,5784.6368,1855.8852
22535,5771.9476,1390.908
22536,5781.8201,1196.4071
22537,5794.5101,1662.982
22538,5780.8284,1707.3684
22539,5800.5764,1723.9088
22540,5790.8924,1716.2674
22541,5788.6196,1885.607
22542,5796.0675,1829.0844
22543,5807.6872,1699.9573
22544,5785.3225,1849.5931
22545,5800.187,1430.7686
22546,5815.4687,1475.9648
22547,5810.4637,1328.134
22548,5793.3903,1803.4231
22549,5818.9241,1870.8573
22550,5815.3743,1523.4783
22551,5800.5789,1886.1756
22552,5807.8723,1780.4361
22553,5797.4629,1731.7716
22554,5813.6525,1825.768
22555,5816.7383,1317.7111
22556,5824.455,1493.0777
22557,5803.3518,1438.4508
22558,5827.0245,1500.2375
22559,5817.0834,1674.2722
22560,5818.922,1644.794
22561,5818.2063,1453.0561
22562,5821.619,1351.1302
22563,5825.6285,1409.4208
22564,5812.6785,1333.114
22565,5824.6124,1404.848
22566,5834.1668,1759.8576
22567,5835.6939,1848.6805
22568,5829.1994,1681.2058
22569,5821.728,1320.0785
22570,5842.2667,1431.6391
22571,5835.9826,1246.2971
22572,5829.9494,1705.5218
22573,5850.82,1757.5709
22574,5841.77,1794.1939
22575,5836.9614,1857.8548
22576,5843.2507,1771.8965
22577,5831.4233,1811.8195
22578,5841.8192,1745.1824
22579,5837.8058,1322.2942
22580,5846.7292,1854.9607
22581,5841.5234,1619.5105
22582,5852.5321,1874.8378
22583,5842.5671,1296.4698
22584,5854.8711,1226.9282
22585,5863.8075,1804.3407
22586,5857.1786,1467.6334
22587,5854.2324,1354.8773
22588,5855.7059,1756.3383
22589,5871.0915,1198.835
22590,5860.3133,1607.9664
22591,5867.0587,1900.2709
22592,5857.5419,1654.6662
22593,5854.5865,1254.5925
22594,5878.4069,1597.8451
22595,5885.4492,1715.1
22596,5861.1392,1606.0655
22597,5868.7858,1891.5855
22598,5888.602,1447.2417
22599,5890.7148,1843.4652
22600,5870.5283,1801.9025
22601,5884.8244,1434.5537
22602,5874.2231,1749.3976
22603,5883.3271,1349.7076
22604,5878.2013,1428.8789
22605,5888.3097,1361.1301
22606,5883.8598,1767.2848
22607,5874.1002,1362.7743
22608,5878.1431,1534.0653
22609,5904.8434,1668.0619
22610,5895.4268,1796.052
22611,5904.462,1888.1845
22612,5884.2481,1410.8514
22613,5899.2257,1536.3363
22614,5903.795,1264.31
22615,5902.9944,1483.9083
22616,5899.3438,1311.3811
22617,5906.5264,1838.2902
22618,5898.1029,1841.1059
22619,5902.2708,1903.4669
22620,5913.8744,1588.1127
22621,5912.1751,1621.5461
22622,5920.3278,1391.2265
22623,5906.2745,1842.5359
22624,5922.9078,1414.4957
22625,5911.5613,1407.6414
22626,5911.5519,1798.0649
22627,5906.9869,1506.9512
22628,5929.1975,1299.8381
22629,5927.9582,1347.0296
22630,5928.0426,1504.0706
22631,5924.5401,1480.9342
22632,5914.1613,1834.5709
22633,5914.762,1453.8903
22634,5933.7661,1782.2195
22635,5938.7661,1456.2616
22636,5937.4811,1872.7383
22637,5930.8184,1287.6631
22638,5942.3744,1834.5925
22639,5947.9032,1495.1542
22640,5920.8092,1612.8935
22641,5929.6267,1653.1692
22642,5937.3561,1932.9061
22643,5936.5387,1343.813
22644,5933.301,1436.3424
22645,5955.4801,1334.7162
22646,5954.6617,1542.4779
22647,5932.763,1705.2901
22648,5960.2525,1824.2965
22649,5947.1251,1463.2975
22650,5942.8785,1572.2151
22651,5957.8941,1552.1016
22652,5953.4507,1671.8219
22653,5951.5575,1801.5734
22654,5963.922,1929.09
22655,5950.6509,1619.6404
22656,5948.5639,1848.1873
22657,5961.6087,1530.3376
22658,5960.3363,1783.6057
22659,5971.8008,1721.6316
22660,5953.9302,1231.3172
22661,5957.7189,1934.7031
22662,5969.1311,1811.2537
22663,5954.2584,1611.5243
22664,5971.9646,1527.5931
22665,5967.6973,1813.693
22666,5962.8604,1466.6791
22667,5961.5308,1361.2844
22668,5975.4829,1801.1939
22669,5987.4815,1521.2298
22670,5970.3422,1552.3998
22671,5972.9663,1867.8163
22672,5971.1466,1214.0356
22673,5985.4516,1677.5369
22674,5994.6058,1373.1379
22675,5996.445,1493.1486
22676,6000.0278,1227.3815
22677,5984.186,1834.6016
22678,6001.5514,1358.7905
22679,5991.6857,1388.0221
22680,5990.9168,1658.4801
22681,5988.7003,1403.4652
22682,5982.4063,1832.2417
22683,6000.5188,1264.6207
22684,5989.5085,1222.2865
22685,6004.3423,1843.396
22686,5988.9233,1804.5404
22687,6017.7338,1416.9573
22688,5997.7952,1746.5172
22689,6021.3268,1377.382
22690,5995.7425,1725.7489
22691,6014.3579,1549.3627
22692,6024.1632,1933.6503
22693,6010.5071,1702.9116
22694,6019.4572,1539.2171
22695,6012.9075,1745.3736
22696,6010.895,1439.4573
22697,6019.2681,1496.0499
22698,6017.0834,1856.2884
22699,6015.599,1653.0376
22700,6021.941,1718.0227
22701,6017.3341,1563.6938
22702,6026.379,1518.2086
22703,6019.3529,1707.9152
22704,6024.1258,1682.5303
22705,6031.2183,1475.7122
22706,6017.3114,1928.9905
22707,6041.9277,1800.1941
22708,6028.3477,1511.3736
22709,6048.7409,1558.0331
22710,6044.0573,1814.8128
22711,6026.7638,1585.0869
22712,6027.501,1765.2103
22713,6051.4671,1780.9994
22714,6048.3509,1447.3193
22715,6035.0835,1862.287
22716,6050.2015,1972.1088
22717,6056.8717,1276.0142
22718,6061.9036,1878.364
22719,6038.1737,1868.2346
22720,6053.8315,1950.8034
22721,6060.9813,1752.5913
22722,6053.7175,1807.3537
22723,6065.7959,1778.0458
22724,6058.7166,1968.1812
22725,6046.1472,1303.0996
22726,6048.9239,1284.9667
22727,6051.1988,1344.698
22728,6072.4776,1452.5177
22729,6074.1284,1373.8948
22730,6073.8882,1625.3572
22731,6067.4654,1301.2775
22732,6060.0409,1808.906
22733,6065.4031,1340.4725
22734,6064.9527,1340.3793
22735,6082.7004,1701.3381
22736,6075.2259,1527.1893
22737,6074.1099,1538.3898
22738,6063.8041,1572.4346
22739,6093.562,1922.9769
22740,6088.7161,1703.5745
22741,6091.254,1339.3725
22742,6077.5041,1651.0545
22743,6090.9446,1850.8144
22744,6083.1924,1771.19
22745,6102.4095,1688.5884
22746,6079.1659,1321.2906
22747,6095.2837,1873.2749
22748,6079.5859,1600.8983
22749,6107.6541,1436.5292
22750,6102.1192,1243.9548
22751,6102.1615,1528.1133
22752,6112.7304,1878.4947
22753,6094.1364,1458.535
22754,6101.6856,1682.5058
22755,6107.6494,1678.5851
22756,6098.3329,1930.7602
22757,6120.0971,1569.5709
22758,6102.6169,1830.7262
22759,6103.8714,1391.602
22760,6096.8012,1659.8896
22761,6098.6016,1516.9489
22762,6121.1691,1934.4306
22763,6123.8599,1841.0805
22764,6125.6002,1524.486
22765,6105.4846,1742.6029
22766,6130.2705,1945.3166
22767,6127.6764,1257.4234
22768,6124.5139,1315.9145
22769,6139.194,1852.6786
22770,6115.1915,1522.1442
22771,6117.6402,1369.3135
22772,6121.8156,1897.5956
22773,6122.0756,1575.2656
22774,6118.1341,1767.3813
22775,6146.4194,1531.2874
22776,6139.5752,1638.0166
22777,6137.8088,1289.8004
22778,6150.4052,1685.2541
22779,6127.3359,1596.0933
22780,6144.1241,1315.6922
22781,6136.7743,1753.8025
22782,6152.7958,1307.3977
22783,6158.0524,2022.785
22784,6157.8223,1938.3647
22785,6162.4782,1312.6602
22786,6153.3254,1819.2397
22787,6144.9707,1962.1455
22788,6150.5288,1598.2957
22789,6140.7032,1699.6943
22790,6170.448,1783.031
22791,6168.6343,1336.4661
22792,6170.3862,1462.4699
22793,6146.6814,1707.0539
22794,6146.7462,1695.3438
22795,6156.5948,1924.0273
22796,6171.1271,1731.6822
22797,6154.6333,1295.5508
22798,6169.9314,1591.4836
22799,6183.5358,1646.3733
22800,6166.2187,1951.2582
22801,6180.3504,1704.5272
22802,6158.5841,2019.2536
22803,6160.9238,1790.89
22804,6184.9407,1542.0824
22805,6175.0447,1436.4195
22806,6164.468,1708.5972
22807,6180.9975,1504.2515
22808,6180.6787,1860.9247
22809,6172.9804,1961.6123
22810,6176.4068,1581.5786
22811,6179.1581,1497.7209
22812,6179.813,1448.8779
22813,6201.7305,1871.7901
22814,6194.4694,1827.66
22815,6203.7697,1656.474
22816,6201.3413,1260.81
22817,6181.6781,1291.8355
22818,6184.3022,2030.3766
22819,6212.673,1586.7725
22820,6201.6333,1666.4618
22821,6212.8853,1619.0034
22822,6203.1942,1494.6515
22823,6193.5043,1748.076
22824,6210.3078,2021.8468
22825,6206.9693,1446.2715
22826,6220.3977,1405.2376
22827,6220.8738,1777.9421
22828,6211.8984,1429.8584
22829,6219.3744,1854.3273
22830,6208.7244,1975.6074
22831,6220.0292,1617.8769
22832,6210.3117,1469.4506
22833,6223.2234,2044.0724
22834,6208.3688,1564.0571
22835,6229.2095,1954.0709
22836,6226.7749,1709.0889
22837,6238.6387,1435.5525
22838,6214.6644,1424.3474
22839,6232.3883,1277.3619
22840,6217.3219,1744.4674
22841,6225.4919,1445.6334
22842,6236.764,1588.9345
22843,6218.5052,1424.0441
22844,6223.9594,1586.5492
22845,6226.796,1480.3203
22846,6238.5172,1445.3978
22847,6245.7009,1645.6179
22848,6227.1235,1334.4193
22849,6239.1728,1982.4316
22850,6235.862,1857.0904
22851,6239.8235,1731.2356
22852,6232.989,1914.8137
22853,6246.1485,1928.9782
22854,6246.142,1666.6561
22855,6237.3444,1360.4934
22856,6264.7722,1971.0756
22857,6250.9305,1634.6997
22858,6245.9884,1286.2655
22859,6272.936,1941.3696
22860,6256.3335,1859.9016
22861,6249.9419,1819.7777
22862,6260.0409,2038.8734
22863,6274.0746,1462.4848
22864,6259.1898,1981.2
22865,6269.7683,1870.7541
22866,6265.2949,1965.4388
22867,6269.2919,1782.0807
22868,6256.9396,1491.6721
22869,6282.8525,1549.1276
22870,6281.4676,1817.3585
22871,6285.1687,1467.1178
22872,6271.9805,1644.6784
22873,6283.1223,1805.8206
22874,6267.8757,1773.0273
22875,6286.6341,1834.0638
22876,6284.0649,1441.2216
22877,6269.887,2025.2345
22878,6291.8526,1526.3113
22879,6273.5231,1402.3708
22880,6280.762,1483.7339
22881,6304.983,1492.9127
22882,6307.0184,1413.7057
22883,6284.0047,1514.4854
22884,6286.4658,1838.6153
22885,6305.4653,1743.4463
22886,6284.645,1731.2737
22887,6312.8121,2047.2141
22888,6313.6442,1560.3829
22889,6290.1623,1843.6484
22890,6291.001,1898.4539
22891,6315.7299,1687.7969
22892,6306.2752,1896.8451
22893,6305.8561,1750.5995
22894,6299.6754,1942.667
22895,6325.3493,2038.8661
22896,6319.37,1911.7381
22897,6309.3889,1954.1996
22898,6301.4968,1552.7902
22899,6320.1227,1955.4202
22900,6307.249,2056.8049
22901,6327.6204,1546.3329
22902,6308.2069,1543.8844
22903,6319.6577,1737.8467
22904,6326.7893,1815.674
22905,6320.8379,1368.9796
22906,6312.8559,1576.6726
22907,6325.9446,1390.1883
22908,6333.0339,1316.0756
22909,6344.5329,1402.1676
22910,6333.986,1858.2458
22911,6340.1887,1505.5664
22912,6333.54,1889.9289
22913,6347.0729,1638.767
22914,6339.2366,1922.2031
22915,6352.1713,1393.0884
22916,6349.5348,1678.5799
22917,6333.0371,1563.7664
22918,6350.4772,1328.496
22919,6352.3601,1939.5447
22920,6356.4544,2007.2152
22921,6346.5824,1873.1304
22922,6341.2372,1947.9326
22923,6357.3217,1895.4399
22924,6366.9735,1542.0153
22925,6361.9723,1830.7719
22926,6362.8385,1643.4308
22927,6359.1471,2052.0745
22928,6360.2022,1859.0881
22929,6366.2122,1895.0519
22930,6364.1853,1680.4571
22931,6376.3718,1529.3859
22932,6357.7921,1750.2087
22933,6364.8984,2076.6129
22934,6384.0475,1497.1698
22935,6377.8145,1392.718
22936,6376.7703,1879.76
22937,6370.3797,1511.6842
22938,6378.1581,1333.2386
22939,6364.3609,1341.9388
22940,6381.2213,1376.1469
22941,6378.1621,1726.3665
22942,6376.6412,1693.3226
22943,6378.5401,1652.0812
22944,6389.0295,1823.1137
22945,6383.8299,1350.5543
22946,6375.9341,1344.9062
22947,6403.104,1664.0938
22948,6398.3795,2053.9483
22949,6385.7585,2096.2963
22950,6399.3925,1812.6869
22951,6381.8837,1492.2307
22952,6404.6658,2081.1886
22953,6402.096,1595.7804
22954,6397.2647,1411.4922
22955,6411.6488,1513.3778
22956,6408.8306,1587.7446
22957,6401.1528,1926.6081
22958,6409.985,1449.4741
22959,6404.402,1754.4618
22960,6392.9855,1475.1379
22961,6418.3025,1428.5808
22962,6410.8684,1302.8968
22963,6400.9132,1533.6297
22964,6410.1463,1319.1667
22965,6421.0472,1395.5076
22966,6423.096,2047.9233
22967,6424.3786,1424.3935
22968,6419.5691,1370.9544
22969,6409.9924,1783.5689
22970,6429.5721,1497.2211
22971,6420.3586,1768.5906
22972,6412.1907,1877.021
22973,6438.4065,2050.4709
22974,6434.1698,1861.509
22975,6425.9366,1713.1084
22976,6434.9711,1496.6912
22977,6422.0291,1524.4087
22978,6451.3079,2101.929
22979,6446.5242,1364.3644
22980,6441.5017,1961.9422
22981,6426.7121,2014.973
22982,6444.5486,1701.789
22983,6440.1131,1778.4367
22984,6432.2728,1709.7524
22985,6433.5473,1998.8897
22986,6462.2653,2100.1073
22987,6460.4788,2031.1835
22988,6440.5926,1846.7707
22989,6453.9885,1587.1433
22990,6461.487,2066.6095
22991,6466.5503,1317.3908
22992,6464.5853,1517.1931
22993,6469.7964,1346.517
22994,6473.7409,1664.2755
22995,6448.3809,2023.8869
22996,6467.2771,1592.0465
22997,6460.0738,2044.5815
22998,6481.1104,1358.7007
22999,6457.1197,1868.4998
23000,6472.2956,1903.8672
23001,6458.1193,1581.1838
23002,6484.6411,1381.9194
23003,6475.3927,1806.1724
23004,6482.3414,1945.6691
23005,6467.4829,2124.0048
23006,6484.2205,2087.6765
23007,6472.0509,1986.4308
23008,6490.5377,1937.7824
23009,6479.7272,1965.7326
23010,6480.0942,1656.8398
23011,6499.3617,1763.073
23012,6474.3566,2029.7837
23013,6502.1669,1711.8983
23014,6485.1859,2000.4066
23015,6480.242,1959.1569
23016,6477.418,1955.8542
23017,6509.2541,1595.9928
23018,6482.6796,2052.5652
23019,6489.0431,2031.452
23020,6504.5846,1649.9555
23021,6488.7812,1846.889
23022,6503.8152,1974.2489
23023,6514.6695,1373.7721
23024,6517.5987,1489.9508
23025,6503.3632,1395.8746
23026,6513.8818,2107.8644
23027,6502.1771,2038.2794
23028,6500.0324,1981.9431
23029,6511.6744,1394.7073
23030,6517.6076,2012.6141
23031,6529.3362,1861.9539
23032,6527.8563,1899.73
23033,6504.6367,2050.3215
23034,6517.1652,1983.214
23035,6525.8093,1465.2049
23036,6530.4017,1330.2498
23037,6527.3673,1538.3154
23038,6527.6281,1956.69
23039,6536.9571,1839.3728
23040,6534.5609,1838.5719
23041,6531.7962,2026.2191
23042,6521.1522,1945.8102
23043,6527.2969,1410.8302
23044,6519.8539,2093.8556
23045,6521.3725,1614.9717
23046,6544.8964,1796.4548
23047,6541.1028,1465.725
23048,6539.6514,1942.1366
23049,6528.9782,1392.1329
23050,6534.9736,1429.6288
23051,6546.1688,1690.3933
23052,6560.8366,1427.3141
23053,6550.6547,2147.2021
23054,6543.7029,1566.4057
23055,6551.4905,1668.677
23056,6537.3973,2015.7386
23057,6540.261,1373.8355
23058,6552.9108,2007.8685
23059,6566.66,1632.5444
23060,6566.1412,1525.2289
23061,6551.1227,1988.8978
23062,6569.9184,1633.538
23063,6564.4613,1684.0749
23064,6556.5813,2090.1071
23065,6581.9149,1797.7977
23066,6554.4323,1840.8751
23067,6566.347,1441.9597
23068,6585.1608,1777.975
23069,6574.617,1453.0592
23070,6581.5452,1858.2195
23071,6577.9955,2127.4779
23072,6571.315,1515.8699
23073,6564.7203,1914.9257
23074,6567.195,2015.8871
23075,6589.5179,1454.1088
23076,6568.5007,1917.0791
23077,6569.2444,1747.4737
23078,6577.4776,2044.3594
23079,6584.2889,1454.8563
23080,6582.3748,1913.5337
23081,6589.5967,1570.6285
23082,6588.7428,1998.5236
23083,6588.7568,1390.1175
23084,6603.5118,1540.0594
23085,6582.9834,1701.9185
23086,6595.1082,1455.0741
23087,6592.9855,1633.8453
23088,6584.6041,1796.5337
23089,6603.3776,1843.429
23090,6601.6289,1627.4088
23091,6614.6946,1834.8615
23092,6600.8027,1955.9086
23093,6593.9441,1660.9133
23094,6611.5911,2172.773
23095,6604.9359,1666.0615
23096,6600.5321,1760.6026
23097,6628.0383,1762.2655
23098,6607.9336,2107.6364
23099,6616.807,1972.9816
23100,6615.3529,1690.7417
23101,6636.7228,1856.0217
23102,6638.5688,1982.8112
23103,6639.8756,2147.195
23104,6625.5059,1719.6825
23105,6634.3226,1376.4114
23106,6622.4344,1585.2362
23107,6643.0765,2079.0193
23108,6623.2177,1910.5935
23109,6648.6291,1832.3724
23110,6635.1189,2056.6889
23111,6634.5418,1656.935
23112,6649.8678,1474.5008
23113,6641.7504,1698.6904
23114,6627.145,1351.7689
23115,6649.7904,1660.6238
23116,6638.067,1786.9287
23117,6653.0348,1521.7055
23118,6649.9479,2093.7328
23119,6645.9971,1795.1266
23120,6637.4484,2016.9678
23121,6639.1136,1743.8603
23122,6667.8651,1379.7855
23123,6642.2654,1921.1913
23124,6667.5866,1724.2687
23125,6672.3896,1380.0487
23126,6648.4383,1492.55
23127,6658.1944,1736.5989
23128,6649.5119,1906.2037
23129,6668.3541,1780.7692
23130,6647.6738,1736.0612
23131,6664.8234,1509.5655
23132,6668.8964,1595.9024
23133,6680.1989,1589.3991
23134,6670.4996,1526.0987
23135,6686.9379,2034.2305
23136,6675.3894,1738.599
23137,6671.825,2077.447
23138,6676.0249,1953.2432
23139,6671.3596,1925.2807
23140,6673.3446,1626.3884
23141,6676.3847,1946.5603
23142,6683.4677,1406.2627
23143,6675.3536,1621.4195
23144,6682.6188,2128.6133
23145,6670.0278,1481.1542
23146,6684.3664,1774.248
23147,6685.3022,1795.1605
23148,6693.6964,1884.9313
23149,6700.4807,1401.7426
23150,6681.1125,1827.0984
23151,6682.6565,1493.75
23152,6710.5935,1595.8623
23153,6710.8282,1592.3601
23154,6712.6556,1677.9554
23155,6717.7605,2055.9752
23156,6700.7937,1922.8083
23157,6718.5005,1661.9039
23158,6707.1095,1945.7629
23159,6714.4204,1932.4016
23160,6693.4649,1579.9075
23161,6725.2534,2137.8052
23162,6699.3738,1972.3592
23163,6718.7141,1449.1738
23164,6719.4296,1478.7507
23165,6711.1883,2010.7373
23166,6706.1511,1921.7403
23167,6731.0188,1640.2835
23168,6721.7787,1561.6613
23169,6719.5373,1364.819
23170,6707.3117,1976.788
23171,6711.5085,1940.782
23172,6718.3599,1633.0941
23173,6714.2819,1396.3805
23174,6722.7599,1542.6973
23175,6733.4676,1567.969
23176,6741.0883,1554.9762
23177,6735.9445,2058.9185
23178,6723.0178,1937.6836
23179,6738.942,1701.4367
23180,6739.6673,1969.1788
23181,6738.4482,1652.0951
23182,6737.2698,2207.829
23183,6743.7925,1639.4589
23184,6739.1107,2195.6107
23185,6741.5962,1788.3511
23186,6762.8565,1505.687
23187,6742.0052,1574.8364
23188,6758.5258,1699.1108
23189,6759.8409,1772.9887
23190,6759.8043,1507.2513
23191,6766.5123,1500.8606
23192,6748.6118,1839.9595
23193,6774.6709,2059.3518
23194,6771.1527,1688.6599
23195,6747.4985,1406.3218
23196,6777.5813,1506.7962
23197,6764.0411,2033.7751
23198,6754.1883,2113.4806
23199,6766.0153,1627.1687
23200,6755.2291,1418.8894
23201,6776.8812,1877.5126
23202,6771.5816,1472.1542
23203,6767.5199,1931.3479
23204,6790.0804,1490.7897
23205,6760.1699,1755.5794
23206,6772.3281,2146.8097
23207,6772.3061,1397.3583
23208,6794.8718,2183.015
23209,6788.9059,1825.8015
23210,6791.3438,2220.0386
23211,6789.3031,2073.6548
23212,6772.4058,2193.573
23213,6800.4347,1806.3261
23214,6772.9928,1892.146
23215,6805.8014,2003.4003
23216,6790.7872,1803.4634
23217,6794.3861,1543.3628
23218,6799.8769,1594.6941
23219,6808.4241,1887.1669
23220,6792.644,2169.3553
23221,6805.152,1385.5295
23222,6789.2067,1486.2753
23223,6801.5506,1480.7332
23224,6803.1182,2129.4955
23225,6793.0522,1924.2587
23226,6817.3138,2024.1755
23227,6812.0603,1737.8535
23228,6800.4627,2022.7451
23229,6821.4076,1901.3343
23230,6801.3371,1948.4593
23231,6819.7527,1526.7507
23232,6809.192,1645.0978
23233,6813.0454,1478.0592
23234,6819.0704,1461.702
23235,6819.5896,2066.3399
23236,6826.9892,1434.8642
23237,6840.5441,2126.2453
23238,6841.8927,1438.5255
23239,6817.5586,1693.2064
23240,6816.2128,1625.062
23241,6816.1523,1559.2992
23242,6836.3206,1800.2117
23243,6833.4761,2111.5626
23244,6846.9287,1727.2937
23245,6837.1527,1797.1975
23246,6832.5142,1897.0962
23247,6848.7853,2239.3596
23248,6844.6761,2225.4418
23249,6837.1468,1501.1856
23250,6841.0415,2050.302
23251,6848.8627,1485.1142
23252,6858.1921,1864.1827
23253,6839.6343,2055.2374
23254,6858.592,2126.7296
23255,6839.1471,1621.6136
23256,6847.1532,1883.7922
23257,6852.0288,1688.9289
23258,6851.5609,2065.7386
23259,6841.4866,2160.4623
23260,6858.7779,1966.9641
23261,6870.6079,1908.3912
23262,6845.6781,1801.6134
23263,6854.4851,1963.9766
23264,6857.0075,1536.1829
23265,6849.9593,2151.289
23266,6882.4069,2079.6213
23267,6870.3725,1799.0692
23268,6870.3025,2071.341
23269,6875.6755,2171.892
23270,6887.7897,2261.1847
23271,6874.9087,1396.0792
23272,6877.3031,1548.689
23273,6863.4011,1885.2335
23274,6866.7766,2061.0394
23275,6866.4929,2226.9326
23276,6898.6496,2200.4078
23277,6880.7933,2013.2327
23278,6898.4698,1788.0699
23279,6901.472,2100.2563
23280,6885.2269,1795.1087
23281,6905.8097,1520.9446
23282,6891.3561,1607.7967
23283,6906.9536,1779.6621
23284,6907.579,1846.3756
23285,6907.4607,1558.4987
23286,6906.3606,1562.9885
23287,6903.6361,1926.2425
23288,6892.27,1612.7254
23289,6889.0316,2150.4672
23290,6885.3951,1547.6269
23291,6891.1689,1951.7821
23292,6901.9468,1753.4306
23293,6895.8891,2093.2824
23294,6893.7637,2069.2359
23295,6925.4355,2006.7353
23296,6911.2943,1613.9195
23297,6906.097,1559.0722
23298,6907.4916,2159.7564
23299,6928.6036,2060.4972
23300,6927.3202,1960.8926
23301,6915.0401,1569.2952
23302,6905.9194,1934.8081
23303,6933.4995,1475.0407
23304,6912.3943,2253.336
23305,6937.1676,1708.1674
23306,6932.245,2233.1518
23307,6936.6465,1775.1504
23308,6919.9756,2012.7703
23309,6916.3431,2273.1988
23310,6942.0002,1539.8079
23311,6930.4044,1998.5424
23312,6938.1972,1457.2568
23313,6949.7857,1710.3838
23314,6930.4588,1460.306
23315,6933.2182,2226.6581
23316,6937.1021,1796.4401
23317,6940.4375,1465.8573
23318,6946.0881,2199.0499
23319,6944.5257,1935.1767
23320,6941.6681,1443.164
23321,6952.3178,2092.9282
23322,6932.0986,2229.6713
23323,6961.0787,1938.3323
23324,6967.6957,1635.9697
23325,6944.1426,2192.6886
23326,6952.8328,1729.2548
23327,6945.1914,2157.5235
23328,6970.4763,1833.9064
23329,6942.4324,2133.681
23330,6960.8582,1588.2539
23331,6958.3566,2126.576
23332,6954.8147,1571.8361
23333,6951.8802,2180.3602
23334,6979.2752,1499.1389
23335,6965.0164,2238.8555
23336,6980.122,1447.952
23337,6954.3218,1672.5407
23338,6964.5337,1832.5982
23339,6983.1715,1842.8111
23340,6974.8397,2274.8529
23341,6976.748,2005.3821
23342,6994.0954,1903.0007
23343,6962.6598,1846.9346
23344,6980.2524,1443.892
23345,6974.5409,1418.5351
23346,6973.9834,1908.1244
23347,6979.1375,1579.5292
23348,7002.7206,1846.8683
23349,6984.6436,1467.7861
23350,6973.7003,1842.2691
23351,6988.6367,1462.103
23352,6979.0368,1504.4358
23353,6995.8756,1914.8961
23354,7006.239,1840.7224
23355,6984.1243,1740.8537
23356,7001.1735,2170.0996
23357,6983.3363,2278.3174
23358,6998.7454,1747.5223
23359,7006.7766,2081.1143
23360,7018.0213,2208.5919
23361,7002.0789,1731.1869
23362,7024.183,1909.1536
23363,7009.5014,1616.2178
23364,7012.8518,1949.76
23365,7017.2577,1636.1518
23366,7016.8313,1553.8037
23367,7024.5146,2091.202
23368,7023.8257,1597.9458
23369,7016.2169,2236.7103
23370,7020.766,1662.4556
23371,7022.5809,2246.7345
23372,7005.0021,1434.2531
23373,7017.0846,1867.4677
23374,7025.8453,2271.8448
23375,7031.2493,1747.3438
23376,7045.3945,2134.2739
23377,7020.9904,1459.3878
23378,7034.3455,1810.8922
23379,7016.7789,1474.5501
23380,7043.9495,2256.0661
23381,7040.5351,2031.0236
23382,7049.8139,1486.4835
23383,7021.5272,2017.4499
23384,7048.3733,1820.7288
23385,7026.8144,1612.6782
23386,7042.7934,2165.7423
23387,7056.6903,2040.1591
23388,7041.9308,1642.0259
23389,7035.958,1906.3081
23390,7044.4882,1826.8467
23391,7065.8204,1481.0256
23392,7052.1618,1682.0495
23393,7046.4747,1862.0382
23394,7070.7494,2183.382
23395,7039.0313,2251.8662
23396,7071.5803,1606.2514
23397,7062.9524,2267.995
23398,7072.7858,2258.0777
23399,7047.0032,2185.0762
23400,7071.5056,1809.7798
23401,7072.4054,2129.9082
23402,7049.4217,1579.7328
23403,7057.3344,2103.9364
23404,7061.5033,2254.9638
23405,7052.5811,2063.1492
23406,7069.8899,1926.5133
23407,7083.1006,2267.3855
23408,7060.9068,1514.1587
23409,7070.5819,2173.8984
23410,7067.575,2168.066
23411,7073.861,1637.8597
23412,7083.5351,2031.9371
23413,7097.4731,2298.4363
23414,7087.2273,2226.1923
23415,7095.5353,2024.3908
23416,7071.5696,2061.8875
23417,7072.5266,1752.4716
23418,7073.1374,2273.3087
23419,7097.2664,2299.3864
23420,7106.055,2104.5827
23421,7100.6664,2000.7628
23422,7091.3851,1603.6846
23423,7092.3865,1875.2277
23424,7105.5131,2019.1065
23425,7087.021,1840.4273
23426,7109.5418,1493.8918
23427,7107.6899,2055.119
23428,7114.4224,1632.9173
23429,7121.4681,2159.7847
23430,7089.749,1716.1514
23431,7121.6785,1552.2871
23432,7107.7171,1493.5761
23433,7113.0651,2193.9663
23434,7103.1909,2244.0576
23435,7096.6631,1477.021
23436,7116.3202,2183.1991
23437,7126.877,1972.6951
23438,7123.6216,1986.7835
23439,7103.8144,1509.9769
23440,7130.8562,2004.6761
23441,7105.8858,2127.4982
23442,7136.739,1734.1609
23443,7107.7312,1596.185
23444,7114.2677,2030.7806
23445,7142.4646,2331.4313
23446,7122.2296,1765.9346
23447,7135.7257,2138.2898
23448,7138.7189,1599.3403
23449,7119.8875,2268.7221
23450,7148.5436,2137.4605
23451,7138.7102,2180.5901
23452,7147.152,2148.7864
23453,7146.6427,1878.5795
23454,7133.1455,1735.606
23455,7135.6141,1774.2923
23456,7143.4587,1931.6023
23457,7147.8018,2121.2257
23458,7162.4366,1749.6563
23459,7158.0177,2036.134
23460,7148.7738,2119.9869
23461,7153.0933,1918.9673
23462,7152.0708,2062.7685
23463,7170.9841,1830.871
23464,7149.3297,1711.1422
23465,7149.7129,1673.9214
23466,7152.7868,1594.9464
23467,7141.7129,2043.8613
23468,7152.6353,2100.5459
23469,7158.6232,1899.3939
23470,7174.7941,1941.8197
23471,7173.2557,2353.2037
23472,7151.1118,1817.3276
23473,7165.4846,1712.4077
23474,7181.7834,1699.1535
23475,7161.8023,2209.2945
23476,7160.8675,1521.975
23477,7170.8754,1590.3913
23478,7185.5335,2128.8154
23479,7190.8273,2011.8567
23480,7184.7624,1832.7713
23481,7183.3443,1714.8275
23482,7164.8501,2251.5186
23483,7184.9955,1920.1369
23484,7190.6384,2355.2707
23485,7183.8828,1849.6642
23486,7194.8949,1758.5511
23487,7177.6675,2165.0834
23488,7181.4406,1823.1421
23489,7186.2788,1883.5211
23490,7198.036,2330.2635
23491,7200.4657,2211.4264
23492,7186.6403,1603.6854
23493,7186.2693,2253.4482
23494,7208.4631,1940.0237
23495,7212.5699,2324.9191
23496,7193.6681,2206.5236
23497,7185.8885,2195.7759
23498,7208.0861,2143.0253
23499,7203.3065,1676.2332
23500,7208.2617,2146.1304
23501,7215.6189,1541.0814
23502,7191.473,1464.2626
23503,7210.1755,1764.6133
23504,7206.5574,1940.1507
23505,7223.9009,1553.4895
23506,7211.5293,1789.1581
23507,7198.6643,1563.5045
23508,7203.6448,2038.0619
23509,7231.4825,2075.4295
23510,7212.9265,1817.777
23511,7218.5131,2174.7675
23512,7219.8929,2260.108
23513,7237.8542,1952.7543
23514,7222.2047,2064.3831
23515,7226.4311,2060.7667
23516,7228.9843,2345.2981
23517,7231.1718,2199.8052
23518,7248.9172,2170.4558
23519,7236.2275,2327.6093
23520,7237.9037,2240.0389
23521,7246.8085,2268.6599
23522,7247.1132,1481.5966
23523,7255.0356,2185.4731
23524,7225.2435,2051.3035
23525,7228.117,2040.0217
23526,7260.8375,1868.7632
23527,7258.0508,1912.1362
23528,7251.7023,1989.0624
23529,7248.7971,1504.0893
23530,7244.4293,1690.7572
23531,7263.7436,1894.2544
23532,7250.5624,2014.0518
23533,7267.4494,1674.7852
23534,7251.7832,2167.5745
23535,7263.9581,2300.5197
23536,7274.2434,1780.8739
23537,7242.7178,2239.0827
23538,7260.9572,2052.5699
23539,7246.4924,1476.7456
23540,7250.2282,2309.3124
23541,7275.2017,1958.9833
23542,7279.3529,1591.9471
23543,7273.2144,2229.9456
23544,7270.3542,2165.1141
23545,7274.7538,1884.2841
23546,7261.0584,1859.4772
23547,7257.3424,2260.9117
23548,7273.5673,1778.4027
23549,7259.8663,1676.4615
23550,7276.2224,1569.9293
23551,7289.2906,1649.7566
23552,7284.3342,2163.8362
23553,7293.3596,2267.5979
23554,7285.6391,1965.9046
23555,7289.5289,1532.3835
23556,7293.4655,2127.2693
23557,7278.2157,1734.3624
23558,7301.647,1553.9758
23559,7276.2481,2256.0887
23560,7296.3245,1906.4756
23561,7308.5858,1632.0977
23562,7306.0616,2253.3648
23563,7310.4969,2155.006
23564,7311.0017,1860.3722
23565,7304.6633,1805.8933
23566,7291.3689,1751.0248
23567,7308.5727,1530.405
23568,7294.2783,2223.2388
23569,7293.796,1639.1289
23570,7308.3317,1512.7679
23571,7317.1301,2364.8041
23572,7302.1069,1908.329
23573,7318.8909,1597.5108
23574,7309.2533,2331.1672
23575,7318.6651,2044.6525
23576,7315.2337,1716.84
23577,7303.1205,1910.3762
23578,7316.7113,1780.7331
23579,7309.6411,1801.3159
23580,7334.8655,1505.401
23581,7326.5628,2238.9516
23582,7314.4123,2031.3149
23583,7309.5494,1712.836
23584,7319.828,2341.0711
23585,7338.6755,2229.5943
23586,7311.5492,2230.353
23587,7315.1957,1854.8829
23588,7348.0427,2196.2921
23589,7335.4966,2056.8451
23590,7316.1092,1953.9433
23591,7346.4305,2005.8557
23592,7338.7452,2126.1898
23593,7352.186,1885.6831
23594,7348.1182,1627.0153
23595,7328.9701,2085.2663
23596,7358.4289,2343.6167
23597,7332.1964,2066.3111
23598,7340.4183,1624.5127
23599,7332.1084,1528.7834
23600,7346.7842,2374.3464
23601,7361.6516,1505.6231
23602,7337.6919,1493.9272
23603,7349.8522,2215.6837
23604,7355.701,2160.8884
23605,7367.2886,1802.583
23606,7357.7062,2190.6619
23607,7363.2697,2000.0894
23608,7357.629,2293.7736
23609,7358.7657,2154.1664
23610,7355.3961,2285.7046
23611,7374.1401,2016.3516
23612,7357.1174,1924.8206
23613,7372.2956,1709.2092
23614,7350.4619,1513.2415
23615,7362.7985,1761.1747
23616,7379.3182,2223.4495
23617,7360.0212,2059.3553
23618,7368.3704,2168.1137
23619,7385.1637,1574.5214
23620,7386.2602,2241.4145
23621,7364.8096,2178.8052
23622,7381.7725,1828.2879
23623,7367.36,1804.6894
23624,7371.1659,2417.0361
23625,7372.2088,2408.3347
23626,7396.2639,1778.4656
23627,7394.0666,1598.2139
23628,7398.9264,1916.326
23629,7374.915,2326.6787
23630,7373.8134,2194.8378
23631,7399.0895,2314.0733
23632,7404.9134,2327.3058
23633,7388.7221,1993.919
23634,7395.3768,2274.7305
23635,7407.6243,2397.4838
23636,7381.7153,2169.6034
23637,7383.21,2407.7238
23638,7404.0076,1598.8824
23639,7385.9572,2057.6835
23640,7422.8073,1752.5488
23641,7412.755,2160.2824
23642,7425.964,2404.7895
23643,7419.4447,2282.0788
23644,7400.0911,2029.5974
23645,7423.8024,2344.396
23646,7399.5033,1706.1986
23647,7429.9692,2039.3129
23648,7416.9352,2323.8713
23649,7426.2932,2039.1032
23650,7430.7709,1963.5355
23651,7429.3152,2007.2341
23652,7405.4614,1728.7043
23653,7430.3598,2377.6303
23654,7420.5227,2195.2808
23655,7421.7163,2171.6208
23656,7444.2534,2331.5586
23657,7417.7909,1536.2253
23658,7417.3727,1688.5757
23659,7429.7738,2119.2701
23660,7430.5457,1774.0037
23661,7428.666,2190.3235
23662,7431.4444,1748.6101
23663,7441.2711,1775.7182
23664,7451.5487,1994.8586
23665,7436.8574,2171.6718
23666,7427.2469,1972.7977
23667,7453.8757,2128.1027
23668,7430.4991,1565.6821
23669,7456.491,2203.8233
23670,7433.538,2278.6672
23671,7464.9459,2019.1117
23672,7442.7065,1695.0464
23673,7438.2487,1925.8403
23674,7462.0726,2168.9997
23675,7455.9068,2356.5261
23676,7455.9888,1792.1666
23677,7445.0271,1633.9205
23678,7461.2959,2184.5807
23679,7458.8735,2386.5997
23680,7452.6664,1775.4882
23681,7472.8922,1881.3386
23682,7461.2522,1515.8802
23683,7478.7569,2220.7246
23684,7450.2978,2175.6662
23685,7475.195,1917.0464
23686,7484.8339,2409.8222
23687,7458.3076,2063.5194
23688,7477.2226,1809.0509
23689,7466.2625,1865.4069
23690,7466.9209,2102.0716
23691,7463.593,2322.8188
23692,7464.3732,2179.966
23693,7471.0216,1997.329
23694,7496.9663,2374.3541
23695,7468.733,1794.7669
23696,7490.3705,2344.7493
23697,7490.1871,2075.1471
23698,7479.8763,1703.5671
23699,7503.8433,2119.5136
23700,7475.8611,2198.2426
23701,7493.5298,1632.5133
23702,7488.6135,2417.087
23703,7512.846,2166.2571
23704,7511.8564,1985.2722
23705,7490.1975,1579.6061
23706,7505.7703,2197.2339
23707,7513.6235,1968.2144
23708,7517.6396,1842.4872
23709,7485.2913,2245.3233
23710,7522.5466,2193.9841
23711,7501.7299,2011.8836
23712,7516.293,1744.514
23713,7500.8168,1813.7252
23714,7496.7396,2280.956
23715,7509.8144,2235.7398
23716,7501.4863,2436.3167
23717,7514.3659,1877.7657
23718,7510.8523,2083.0465
23719,7527.5085,1968.9186
23720,7520.8714,1607.6727
23721,7509.0014,2001.0015
23722,7504.9552,1894.5989
23723,7523.3349,2314.2684
23724,7508.477,2362.9461
23725,7542.8146,2213.3302
23726,7509.985,1582.0128
23727,7532.5376,1797.9907
23728,7542.6573,1544.6545
23729,7529.8474,1978.0483
23730,7541.4275,2030.0035
23731,7547.5435,2190.2051
23732,7529.0463,1804.9987
23733,7532.886,1812.4704
23734,7558.0724,1698.0039
23735,7523.1882,2146.452
23736,7532.5155,2270.0779
23737,7544.8096,2242.602
23738,7555.5809,1589.4546
23739,7536.3956,1725.2283
23740,7552.4632,2411.1663
23741,7563.4802,2379.6513
23742,7537.3948,1699.9761
23743,7549.6172,2053.0897
23744,7566.4651,1581.1177
23745,7550.1952,1926.8554
23746,7563.4551,1767.7366
23747,7570.7264,2338.3357
23748,7575.5443,1990.1154
23749,7575.1702,1730.6987
23750,7559.4678,2205.7972
23751,7545.8649,2174.5326
23752,7563.4109,1962.1249
23753,7583.5299,2159.5424
23754,7581.0654,2324.7598
23755,7563.3366,1546.9453
23756,7557.6885,1827.0827
23757,7564.4162,2026.072
23758,7563.2269,2323.6774
23759,7585.3442,2368.4468
23760,7586.0849,2443.1284
23761,7568.4079,2033.5177
23762,7582.2471,1919.494
23763,7578.4154,2391.2122
23764,7597.0131,1940.2685
23765,7580.2245,2230.2759
23766,7585.2186,1914.1785
23767,7585.7706,1627.48
23768,7600.5742,1967.5137
23769,7597.7439,2423.691
23770,7604.2649,2417.3601
23771,7594.4176,2077.1226
23772,7576.433,1825.7627
23773,7607.0061,2282.5589
23774,7583.7306,2291.6719
23775,7605.0055,1776.791
23776,7593.4019,2074.9715
23777,7586.6453,1853.6715
23778,7614.3712,1864.0012
23779,7619.6745,2481.5273
23780,7591.7292,1842.4731
23781,7626.2954,2371.6986
23782,7626.0226,2284.7703
23783,7599.9827,1695.0526
23784,7621.1711,2073.2976
23785,7596.0783,2049.5178
23786,7627.4499,2281.6997
23787,7615.2732,2207.6784
23788,7604.0098,2336.663
23789,7612.0751,2128.9246
23790,7632.5831,2066.9815
23791,7639.1916,1945.7844
23792,7638.9985,2380.3711
23793,7629.4106,2130.882
23794,7641.9512,2425.0453
23795,7642.1146,1827.9746
23796,7628.6221,1605.1948
23797,7630.9302,1870.7483
23798,7621.8387,2041.6731
23799,7617.6004,2310.7906
23800,7643.8473,1970.8878
23801,7642.9475,2476.8895
23802,7646.2009,2508.4821
23803,7648.2094,2394.6796
23804,7650.3275,1938.7197
23805,7650.6337,2468.4954
23806,7650.7986,1862.0365
23807,7653.8951,2464.2022
23808,7640.2404,1839.1915
23809,7652.3253,2138.1597
23810,7663.148,2179.492
23811,7648.623,1766.902
23812,7664.9503,1715.4911
23813,7653.1319,1628.1209
23814,7659.8487,1595.7421
23815,7675.8739,1702.0345
23816,7665.6574,2203.4834
23817,7677.0626,1635.4623
23818,7665.2261,2264.9831
23819,7672.2228,1586.1771
23820,7649.344,2313.9083
23821,7668.6866,1903.7379
23822,7648.319,2329.106
23823,7676.7286,2034.0268
23824,7675.1242,2261.3184
23825,7672.6752,1951.2313
23826,7656.9016,1991.2206
23827,7684.4045,2254.5468
23828,7667.5322,2073.9574
23829,7672.0508,2033.8703
23830,7660.0647,2403.709
23831,7672.1406,2381.7197
23832,7689.3703,2429.7597
23833,7679.2185,1870.992
23834,7688.5709,1573.9216
23835,7681.4021,1808.4096
23836,7692.6248,2189.0789
23837,7685.1333,2350.5453
23838,7689.3116,2321.8264
23839,7676.3511,1622.2741
23840,7708.4481,2345.839
23841,7692.7559,2181.4588
23842,7706.7807,1719.382
23843,7683.1232,2111.59
23844,7689.6335,2487.7404
23845,7691.2815,1951.1627
23846,7697.9699,2022.8471
23847,7710.3546,1675.0161
23848,7704.1469,1879.7058
23849,7722.2547,1722.5586
23850,7692.2845,2499.952
23851,7713.069,1690.2386
23852,7718.7207,2250.242
23853,7729.6073,1964.9174
23854,7717.9618,1586.333
23855,7718.9457,2204.9333
23856,7698.0893,2218.803
23857,7722.4256,2316.7606
23858,7707.4939,2443.6416
23859,7727.5291,2497.5274
23860,7742.0715,1827.1495
23861,7727.7439,2199.3903
23862,7739.5398,2131.1504
23863,7738.7158,2051.8394
23864,7736.9002,1658.1178
23865,7719.7907,1881.4512
23866,7725.6085,2088.321
23867,7749.2882,2159.7162
23868,7738.9687,1654.1081
23869,7751.0605,2540.4228
23870,7736.8837,1580.8784
23871,7724.1387,2308.0268
23872,7755.3084,1699.2867
23873,7739.0482,1960.0288
23874,7746.3673,2160.0419
23875,7758.2095,1785.9138
23876,7731.8973,1598.888
23877,7739.6661,1664.9853
23878,7758.652,2213.0145
23879,7761.0726,2476.7334
23880,7749.2748,2031.378
23881,7734.8448,1669.0495
23882,7762.6197,1899.4254
23883,7749.3765,2303.7772
23884,7757.4698,2464.4074
23885,7778.0329,2551.4791
23886,7775.5331,2533.2843
23887,7747.7538,2011.8707
23888,7761.9392,2174.7969
23889,7771.8144,2269.5114
23890,7783.5156,1802.4343
23891,7779.4485,2252.6665
23892,7781.2718,2476.7902
23893,7763.3066,2544.6876
23894,7784.4491,2272.2702
23895,7794.3474,2373.2201
23896,7795.849,1702.7676
23897,7763.8752,1974.3552
23898,7795.3671,2126.0247
23899,7776.1608,2403.6955
23900,7781.0818,1747.0414
23901,7784.7461,2336.4071
23902,7772.901,2221.9451
23903,7789.2336,2519.4829
23904,7780.9841,1698.535
23905,7800.6496,1787.468
23906,7778.7024,2138.2413
23907,7781.7277,1875.3945
23908,7806.227,1800.8555
23909,7789.5931,2109.7028
23910,7810.6872,2341.8334
23911,7818.1188,1826.3185
23912,7807.6878,1887.575
23913,7788.9875,1828.4473
23914,7814.2318,2299.0593
23915,7809.8678,2020.0974
23916,7823.3249,2267.0825
23917,7793.4097,2024.5927
23918,7803.3875,2497.6047
23919,7806.439,1594.0461
23920,7830.472,2150.9148
23921,7801.8227,1680.4176
23922,7833.26,2077.2036
23923,7829.6962,2075.3326
23924,7805.0042,1750.9655
23925,7831.0301,2199.7866
23926,7839.9891,1996.576
23927,7824.2009,1957.9057
23928,7836.1588,2433.6088
23929,7835.035,1688.5007
23930,7835.6476,2079.697
23931,7829.8081,2399.6116
23932,7813.0301,2268.4774
23933,7849.0489,2192.1987
23934,7822.4901,1666.1102
23935,7842.8925,2206.7507
23936,7826.6092,1943.7088
23937,7827.3413,1825.0926
23938,7834.2594,2105.817
23939,7860.1304,1866.9871
23940,7855.815,1833.8872
23941,7852.042,2294.1576
23942,7826.3973,1786.9269
23943,7827.9549,2490.9394
23944,7853.2311,2190.106
23945,7860.6492,1868.3111
23946,7833.9055,2474.4684
23947,7846.8651,2380.5693
23948,7857.9021,2510.7531
23949,7847.5286,1634.9124
23950,7845.2943,2066.5866
23951,7870.727,1654.2874
23952,7865.1567,1701.356
23953,7861.8027,1739.6391
23954,7849.9504,2414.2259
23955,7875.5125,1771.8862
23956,7877.4281,2027.3132
23957,7866.2561,1640.5451
23958,7853.9041,2327.8816
23959,7869.7648,1675.4742
23960,7888.3691,2143.932
23961,7856.1558,2201.3739
23962,7872.5235,1821.0524
23963,7862.8508,2322.123
23964,7894.0574,2303.8626
23965,7881.5428,1775.6769
23966,7876.5493,1951.0633
23967,7903.5559,2174.4301
23968,7869.0642,2294.1999
23969,7883.4866,1961.0521
23970,7874.2504,2349.6252
23971,7888.7346,1957.4079
23972,7899.123,2241.3483
23973,7894.1493,2513.3893
23974,7891.1204,2244.0223
23975,7915.0461,1654.6782
23976,7892.5928,2513.0947
23977,7884.7116,1716.4647
23978,7896.1849,2166.9773
23979,7901.342,1894.7622
23980,7912.4486,2154.1124
23981,7887.8852,2526.3571
23982,7921.5612,1993.7261
23983,7915.8659,2060.0312
23984,7904.5598,1697.0561
23985,7910.8629,2508.1368
23986,7925.9765,2510.2241
23987,7918.7467,2391.424
23988,7908.195,1860.3192
23989,7917.5327,2429.2902
23990,7903.7466,2068.5407
23991,7938.2342,2415.3839
23992,7918.0672,2254.0382
23993,7931.0028,1915.1593
23994,7935.8619,1885.4469
23995,7912.1771,2564.2006
23996,7937.3352,2548.9173
23997,7910.4938,2379.494
23998,7948.7946,2241.6909
23999,7930.8719,2115.9636
24000,7940.032,1987.4653
24001,7938.7967,1846.8723
24002,7934.5376,2520.8486
24003,7948.708,2485.9329
24004,7956.5162,2320.1763
24005,7950.6168,1846.7266
24006,7925.7586,2321.4384
24007,7954.7723,2362.7053
24008,7959.7943,2222.0077
24009,7962.8882,2261.7846
24010,7946.7292,2437.6606
24011,7938.515,2347.4865
24012,7936.7224,2073.6384
24013,7942.3262,1867.8093
24014,7955.6533,2456.5656
24015,7958.9298,2379.0414
24016,7959.0097,1927.7564
24017,7943.8045,2048.1086
24018,7958.0772,2385.1936
24019,7952.9025,1839.0082
24020,7955.397,2598.6913
24021,7973.6537,1776.4786
24022,7957.9567,2265.4396
24023,7989.2958,2209.9528
24024,7975.9086,2364.2204
24025,7991.6469,1979.6284
24026,7971.8462,1661.0133
24027,7974.8973,1755.8593
24028,7963.0242,1730.9411
24029,7984.5993,2271.0153
24030,7984.1713,2185.4058
24031,7985.4379,1663.8038
24032,7974.3295,2467.5034
24033,7995.8938,2127.6443
24034,7970.6581,1761.7005
24035,7990.3727,2532.409
24036,8008.2695,1861.625
24037,7986.028,2126.6828
24038,8011.3834,2121.1696
24039,8009.9041,1905.1058
24040,8011.5111,2234.1658
24041,8005.3318,2034.0278
24042,8009.5685,2135.4192
24043,8020.2401,1776.2701
24044,7985.62,2484.767
24045,7993.1222,2504.3809
24046,8004.6729,2471.151
24047,8006.9128,2492.7002
24048,8009.5454,1961.598
24049,8008.1592,1838.1804
24050,8004.4348,1945.996
24051,8001.2068,1894.4636
24052,8000.716,2251.3703
24053,8017.5938,2021.6885
24054,8022.4908,1967.8314
24055,8004.0609,2483.2754
24056,8007.2512,2192.8208
24057,8040.2787,1871.2584
24058,8021.1642,1983.882
24059,8015.9341,2006.4965
24060,8011.3107,2049.5001
24061,8037.5731,2445.2227
24062,8043.4384,1666.2919
24063,8020.9077,1728.2208
24064,8032.6529,2237.1893
24065,8022.7281,1942.2179
24066,8024.0168,1790.4027
24067,8052.4408,1969.6829
24068,8057.7362,1906.6218
24069,8048.1332,2459.295
24070,8055.8922,2632.2142
24071,8030.4225,2037.2096
24072,8042.7976,2246.2107
24073,8060.227,1856.9339
24074,8035.2153,1686.7394
24075,8053.4352,2298.0629
24076,8065.2159,1821.2912
24077,8047.1892,2524.8065
24078,8057.9534,2380.7983
24079,8077.7428,2103.9086
24080,8069.0952,2651.664
24081,8078.795,1671.3453
24082,8063.4661,1734.6195
24083,8085.9103,2609.5525
24084,8055.0543,2013.5166
24085,8049.6244,2083.0323
24086,8058.0729,1981.9352
24087,8054.2973,2392.3603
24088,8064.1806,2426.3123
24089,8093.9568,2516.6818
24090,8097.4594,1986.5637
24091,8092.0472,2316.793
24092,8083.1192,1805.2221
24093,8098.7748,2046.2911
24094,8086.1598,2498.0346
24095,8089.2217,2097.5268
24096,8103.044,2519.2342
24097,8071.7391,2058.6907
24098,8099.6532,2470.1333
24099,8095.0886,1899.0393
24100,8102.2607,2058.1164
24101,8091.3448,2029.6002
24102,8105.221,2231.6805
24103,8095.6969,1720.0614
24104,8081.3099,2628.3683
24105,8113.6198,2235.8161
24106,8105.4091,2177.6239
24107,8099.4852,2427.2346
24108,8105.9259,2522.9497
24109,8109.4218,2534.1868
24110,8098.4485,1847.4281
24111,8130.7276,1711.5793
24112,8120.8426,2081.353
24113,8101.5314,2361.3906
24114,8111.1469,2098.0778
24115,8125.4269,2270.3925
24116,8116.672,1937.0382
24117,8112.254,2349.7297
24118,8122.428,1790.1718
24119,8129.9595,2118.025
24120,8118.4181,1961.8282
24121,8124.5507,2154.6847
24122,8146.8043,1790.0396
24123,8132.3297,1734.0952
24124,8114.4907,2265.2699
24125,8117.5601,2516.0123
24126,8133.2655,2054.0502
24127,8120.6348,2249.5769
24128,8128.2488,2233.1165
24129,8151.4337,2112.9267
24130,8148.7131,2136.911
24131,8148.9185,2349.3409
24132,8133.5178,2463.9495
24133,8142.3864,1883.2624
24134,8149.8107,1913.686
24135,8148.6384,2158.0797
24136,8136.7758,2179.4598
24137,8164.6514,2587.6713
24138,8144.5641,1908.8575
24139,8158.4562,1740.6077
24140,8152.9526,2662.452
24141,8164.0531,2412.0322
24142,8181.6407,1905.8191
24143,8180.4649,2494.5339
24144,8178.8006,2086.6837
24145,8147.7926,1807.6725
24146,8183.5484,2014.7764
24147,8168.079,2624.7644
24148,8171.3311,2265.1179
24149,8173.6091,1762.4183
24150,8161.4418,1991.1937
24151,8175.085,2002.6503
24152,8197.8283,2341.7265
24153,8193.5421,1784.4104
24154,8174.5661,1708.2601
24155,8181.1211,2659.434
24156,8195.3056,1867.1991
24157,8197.3683,1854.0299
24158,8197.7556,2394.5785
24159,8182.7023,1955.502
24160,8207.248,2570.0794
24161,8190.3799,2689.2502
24162,8204.6921,1753.6438
24163,8212.6173,1698.9919
24164,8217.2912,2251.8626
24165,8217.0284,2673.4469
24166,8216.7245,2525.4411
24167,8197.0265,2257.648
24168,8208.5336,2551.6452
24169,8202.7428,2231.9229
24170,8195.1423,2505.4736
24171,8195.0519,2176.8377
24172,8228.5376,2303.0355
24173,8210.6437,2149.7974
24174,8219.9788,2334.1965
24175,8230.5663,2003.7088
24176,8240.1466,2299.2021
24177,8204.5287,2488.3061
24178,8241.1373,2341.0429
24179,8237.0409,2655.4893
24180,8230.1766,2645.5546
24181,8216.9954,2188.2499
24182,8234.7076,2209.8331
24183,8251.3079,2393.7186
24184,8222.3207,2371.9088
24185,8235.0857,2593.372
24186,8223.9248,1831.0132
24187,8254.6289,2426.2324
24188,8241.9232,2524.0424
24189,8226.8155,1972.5009
24190,8250.9905,1805.2354
24191,8254.6025,2386.2758
24192,8260.3972,2235.1031
24193,8254.0275,2042.7322
24194,8265.7073,2064.5799
24195,8234.8811,1723.2474
24196,8252.7284,2193.4363
24197,8270.3604,2101.8361
24198,8259.1027,1944.537
24199,8242.9785,2592.4513
24200,8250.1605,2158.0606
24201,8251.8356,2548.2841
24202,8257.8556,1924.5714
24203,8270.2855,1901.5677
24204,8277.7722,2427.8292
24205,8256.4961,2705.8924
24206,8274.0097,2182.0117
24207,8283.0292,2502.5307
24208,8255.8715,1733.9582
24209,8266.1513,1982.7345
24210,8264.4854,2700.7274
24211,8261.3941,2383.2981
24212,8261.4926,2035.1477
24213,8302.271,2645.0416
24214,8289.5669,2657.19
24215,8284.7879,2336.3314
24216,8269.27,1847.6555
24217,8280.8948,2615.4871
24218,8280.4924,1925.6566
24219,8283.1262,1789.7433
24220,8295.9213,2208.7399
24221,8307.011,1981.587
24222,8303.6604,2206.9459
24223,8283.6499,1956.5821
24224,8317.1114,1911.9135
24225,8312.8266,2317.7437
24226,8296.3653,2355.8408
24227,8290.7673,2238.2386
24228,8301.3963,2506.4578
24229,8308.7388,1869.1465
24230,8301.4187,2119.0082
24231,8319.0099,2686.1894
24232,8299.8422,2251.5961
24233,8313.752,2364.9176
24234,8305.2418,1708.5141
24235,8322.5364,2251.2186
24236,8315.7118,2642.4806
24237,8325.4607,1721.8224
24238,8314.1735,1976.2372
24239,8346.8359,1848.1838
24240,8340.1123,1878.6124
24241,8347.8747,1795.2977
24242,8326.4381,1938.146
24243,8354.61,2459.6388
24244,8317.9654,1993.885
24245,8345.2028,1959.9554
24246,8330.2013,2490.1812
24247,8322.1066,2315.6331
24248,8361.6823,2536.477
24249,8329.5967,2235.8867
24250,8367.3862,2303.0714
24251,8358.7562,2480.5902
24252,8369.9152,2710.2845
24253,8357.2898,2746.4341
24254,8337.6982,1948.1263
24255,8372.7974,1837.7383
24256,8374.8352,2297.1137
24257,8374.0978,2334.2497
24258,8378.4797,2714.9358
24259,8375.686,2135.3152
24260,8369.2576,1995.3627
24261,8374.1187,2579.5066
24262,8387.9669,1713.7283
24263,8367.5601,2058.6436
24264,8388.7039,2443.7198
24265,8355.6053,2113.5186
24266,8361.3363,2297.307
24267,8394.7143,2728.4639
24268,8393.5927,2342.3463
24269,8381.3932,2272.8764
24270,8371.5406,2014.2309
24271,8365.5504,2659.7583
24272,8407.463,2195.979
24273,8405.541,2519.8996
24274,8384.0145,2504.0363
24275,8405.0139,2569.0506
24276,8412.7943,2048.2597
24277,8400.199,1761.8689
24278,8394.6504,2043.6034
24279,8402.8652,1899.3342
24280,8385.671,2668.4379
24281,8385.5454,2369.4388
24282,8418.1137,2601.0667
24283,8405.3853,1886.0461
24284,8427.7552,2176.7974
24285,8394.7791,2149.1881
24286,8414.5192,1899.2922
24287,8404.725,2756.7728
24288,8406.4635,2466.2536
24289,8418.5198,2038.489
24290,8409.3566,2614.1457
24291,8420.8814,1962.2993
24292,8415.392,2221.0694
24293,8433.8302,2708.4365
24294,8410.4917,2453.7028
24295,8443.3027,1930.75
24296,8412.1765,2016.9324
24297,8450.8887,1756.0559
24298,8443.833,2197.6536
24299,8455.5629,1813.1136
24300,8454.4094,1920.6472
24301,8435.0719,2634.8045
24302,8445.1848,2200.9267
24303,8444.2118,2345.2992
24304,8455.769,2197.5035
24305,8455.5709,1869.2835
24306,8438.7907,2189.2462
24307,8447.6687,2146.3704
24308,8435.8726,2223.7316
24309,8451.0659,1955.7858
24310,8476.4172,2150.5104
24311,8458.4483,2009.38
24312,8462.2321,2714.8302
24313,8462.6694,2735.2046
24314,8477.431,1815.1612
24315,8482.2675,1877.6996
24316,8484.7337,1808.9393
24317,8475.4343,2184.4199
24318,8473.0241,2469.8539
24319,8475.3334,2288.4349
24320,8482.2951,1726.7031
24321,8478.4775,2695.9922
24322,8494.8827,2014.0981
24323,8467.8648,2453.6314
24324,8500.2947,2694.7344
24325,8481.9641,2362.7972
24326,8496.1134,2631.3246
24327,8506.221,1895.6944
24328,8470.5666,2271.2699
24329,8478.3446,2231.5425
24330,8508.1118,2399.0029
24331,8483.7952,2467.0202
24332,8502.0392,2413.0141
24333,8517.8215,2644.357
24334,8494.8896,1963.947
24335,8492.2286,2684.5582
24336,8497.1788,2572.9805
24337,8500.9802,1893.936
24338,8518.2203,2130.8768
24339,8526.8176,2189.1728
24340,8497.8555,1933.1336
24341,8503.0064,2096.5172
24342,8520.1,2564.6189
24343,8527.1273,2538.6981
24344,8531.5007,2751.4376
24345,8526.9099,1972.2991
24346,8538.6203,1815.5783
24347,8505.2171,1932.6501
24348,8515.609,1850.7528
24349,8526.126,2512.7941
24350,8530.4593,1832.1631
24351,8543.8012,2175.3429
24352,8529.8218,1906.7746
24353,8514.3542,2477.668
24354,8549.267,2645.5185
24355,8542.596,1984.5286
24356,8542.6643,2445.3395
24357,8554.8969,2382.9108
24358,8549.081,1886.5017
24359,8562.0146,2034.8093
24360,8566.6503,2610.2908
24361,8569.2889,1896.8945
24362,8537.738,2490.0793
24363,8536.3843,1756.2545
24364,8553.1487,2754.4323
24365,8553.6666,2590.821
24366,8580.2218,2055.4337
24367,8579.4021,1811.8805
24368,8547.2677,2087.567
24369,8575.2825,2385.7102
24370,8581.2657,2309.6335
24371,8548.3406,1910.6279
24372,8569.8114,2250.884
24373,8592.8555,2815.1624
24374,8572.5359,1850.1935
24375,8586.6079,1750.1435
24376,8597.2671,2731.9453
24377,8570.3076,2160.815
24378,8582.9515,1786.352
24379,8585.1259,2247.7308
24380,8571.9457,2399.6053
24381,8575.5996,2357.2735
24382,8581.4178,2256.3338
24383,8586.149,1778.4945
24384,8586.4545,2612.6244
24385,8588.6435,2099.0982
24386,8576.5865,2355.6501
24387,8596.3438,1769.1584
24388,8620.678,2785.1109
24389,8590.1377,2088.6173
24390,8607.4573,2628.9557
24391,8608.9369,2746.3376
24392,8611.5552,2245.9241
24393,8590.3554,1840.7319
24394,8592.0328,2574.909
24395,8600.6653,2607.0602
24396,8625.4972,2338.976
24397,8625.8109,2543.4004
24398,8627.8622,2681.5814
24399,8604.2772,1920.2594
24400,8607.4434,1805.2265
24401,8618.4232,2712.4536
24402,8629.8957,2219.2322
24403,8633.739,2615.6638
24404,8649.0117,2281.3086
24405,8643.4265,2800.0615
24406,8642.1564,2127.9098
24407,8642.5917,2363.0473
24408,8636.1832,2710.4113
24409,8632.0197,2163.12
24410,8623.4394,1910.697
24411,8654.1502,2265.5077
24412,8667.7475,2204.4538
24413,8655.3621,2680.1223
24414,8647.14,2750.5409
24415,8645.5007,2271.8004
24416,8670.1367,2335.9661
24417,8639.447,1816.9341
24418,8663.3014,2395.3127
24419,8673.0148,2340.6202
24420,8642.8299,2266.9486
24421,8669.2427,1953.4046
24422,8678.5814,2311.9185
24423,8678.8951,2062.1952
24424,8683.0837,2683.306
24425,8672.5917,2191.2335
24426,8685.3585,2172.1742
24427,8687.4126,2093.7613
24428,8660.2807,2627.5536
24429,8674.0731,2228.3162
24430,8699.2015,2214.5108
24431,8677.3861,2307.9098
24432,8703.3012,2807.6882
24433,8679.2813,1972.3778
24434,8684.179,2529.1251
24435,8700.0349,2033.8241
24436,8679.1465,2321.4853
24437,8704.8834,2624.9576
24438,8708.6172,2755.6561
24439,8678.3564,2381.6427
24440,8713.9397,1812.3657
24441,8713.9479,2744.0995
24442,8705.4298,2326.3081
24443,8710.6167,2673.4676
24444,8718.7841,2180.1736
24445,8693.9022,1834.0261
24446,8728.8927,2656.3639
24447,8719.0189,2313.5215
24448,8717.3165,2459.6903
24449,8716.0684,1827.1614
24450,8703.4319,2265.3936
24451,8737.9192,2240.0418
24452,8737.8641,2807.2247
24453,8712.1024,2420.4919
24454,8728.8136,2070.6055
24455,8724.9056,2845.1887
24456,8734.3847,2283.7856
24457,8749.2058,2725.4236
24458,8747.2878,2753.0374
24459,8750.2698,2455.9274
24460,8736.5977,1899.6328
24461,8720.3344,1966.551
24462,8751.3181,1980.0176
24463,8755.0848,2509.2871
24464,8728.8273,2674.185
24465,8748.7982,2654.2174
24466,8754.9384,2496.9883
24467,8774.5183,2548.1075
24468,8747.6029,1972.8705
24469,8763.5959,1849.3559
24470,8765.4925,2538.1752
24471,8757.15,2278.4179
24472,8766.4699,2259.2609
24473,8786.2505,2699.8159
24474,8773.3785,2841.9707
24475,8756.9947,2623.1513
24476,8763.7027,2092.4197
24477,8776.6401,2708.6923
24478,8763.0514,1921.2797
24479,8776.7489,2588.2894
24480,8767.3592,2422.2156
24481,8798.1062,2674.6481
24482,8771.792,2431.8532
24483,8800.7149,2484.7964
24484,8777.7817,2111.4642
24485,8805.3961,2053.551
24486,8809.3676,2228.6836
24487,8806.2919,2082.5664
24488,8785.0493,2100.4783
24489,8789.7192,2865.9846
24490,8785.0677,2826.1688
24491,8809.1415,2060.1804
24492,8824.5887,1891.939
24493,8808.3052,2799.5963
24494,8813.9876,2794.2625
24495,8805.209,2051.5305
24496,8799.1378,2263.5175
24497,8791.4748,2225.6859
24498,8807.9236,2453.0294
24499,8814.6964,2089.2895
24500,8806.676,2348.8865
24501,8804.4681,1856.3681
24502,8832.9954,2680.7613
24503,8840.3897,2505.5183
24504,8847.2673,2781.1228
24505,8821.4634,2130.817
24506,8828.7762,2548.9581
24507,8821.0673,2546.4033
24508,8814.1811,1987.0631
24509,8840.2448,2165.9145
24510,8826.9126,2367.0052
24511,8848.792,2257.0554
24512,8823.3895,2601.4047
24513,8862.8013,2301.2514
24514,8844.2282,2513.7528
24515,8834.5167,2574.5017
24516,8849.2076,2745.4347
24517,8844.4537,2842.2134
24518,8841.5806,1925.4038
24519,8846.8721,2705.0332
24520,8857.3749,2204.8781
24521,8850.0163,2846.284
24522,8854.6619,2856.8012
24523,8874.8908,2512.6735
24524,8854.0524,2560.6034
24525,8879.7228,2131.0504
24526,8867.8673,2296.3884
24527,8881.2291,2868.7848
24528,8884.6274,2534.5917
24529,8878.8622,2605.4254
24530,8897.7804,1893.4598
24531,8881.1016,2866.2681
24532,8865.6126,2034.5536
24533,8885.0445,2289.0714
24534,8882.0795,2646.3775
24535,8895.7241,2032.8408
24536,8902.4539,2169.0981
24537,8885.2808,1881.7872
24538,8885.5499,1988.0381
24539,8909.7992,2317.3509
24540,8898.1601,2542.5676
24541,8907.5506,2787.5637
24542,8895.7172,2439.3368
24543,8898.5323,2131.6847
24544,8918.1536,2449.6956
24545,8891.0618,2593.6795
24546,8899.0203,2512.1131
24547,8896.4167,2906.5953
24548,8900.7793,1817.5142
24549,8912.2168,2677.1253
24550,8913.6185,2623.0636
24551,8931.6141,2898.1636
24552,8909.9844,2280.3342
24553,8940.8589,2862.2687
24554,8919.8452,2861.3542
24555,8917.7315,2545.5008
24556,8950.2397,2412.9222
24557,8922.9647,2205.8194
24558,8932.3972,2508.2529
24559,8944.856,1996.4374
24560,8952.3516,2930.1968
24561,8936.3607,2394.9849
24562,8923.746,1955.7137
24563,8932.459,2201.1579
24564,8950.4495,2833.1362
24565,8965.9974,2147.445
24566,8956.1146,2113.0334
24567,8938.1741,2783.999
24568,8957.3401,2444.0205
24569,8969.4114,2250.579
24570,8936.1786,2587.8193
24571,8953.7907,2381.2526
24572,8970.5657,2807.9595
24573,8945.8238,2410.7364
24574,8958.6474,2136.5581
24575,8952.2746,2897.6913
24576,8953.5477,2914.0459
24577,8987.0551,1998.4346
24578,8969.8384,2503.7331
24579,8955.9093,2905.5863
24580,8961.0908,2707.2942
24581,8956.8418,2864.2155
24582,8967.8891,1837.4199
24583,8983.6404,2516.8048
24584,8963.5701,2111.5839
24585,8994.4199,2687.0867
24586,8978.5178,2911.8975
24587,8985.1454,2083.2004
24588,9004.2471,2507.5851
24589,8978.5689,1988.0368
24590,8999.143,2343.1836
24591,9008.3684,1924.6946
24592,9012.0612,2595.0778
24593,9002.0918,2808.2569
24594,8992.2597,2067.2748
24595,9005.9314,2771.7979
24596,8986.5592,2879.333
24597,9027.5427,1906.867
24598,9033.1483,2523.7454
24599,9026.5531,1943.4568
24600,9020.5886,1993.4076
24601,9012.8506,2851.2053
24602,9034.9207,2891.3956
24603,9013.8825,2591.4889
24604,9038.6284,1900.9399
24605,9030.257,2046.7244
24606,9009.9089,2686.9095
24607,9041.4497,1905.2769
24608,9028.3062,2785.1114
24609,9045.1704,2566.3008
24610,9036.5901,2871.3252
24611,9027.0002,2198.9243
24612,9035.4461,2052.1186
24613,9035.9479,2082.8903
24614,9030.8327,2831.9596
24615,9041.9443,2390.5916
24616,9053.3218,2829.7089
24617,9071.8726,2121.2681
24618,9067.0705,2954.0196
24619,9073.5086,2676.0127
24620,9054.6062,2260.7601
24621,9070.1854,2673.0773
24622,9074.3957,2527.3573
24623,9063.9448,2261.6428
24624,9065.8777,2142.2277
24625,9083.3005,2536.5868
24626,9044.9595,2484.7141
24627,9061.5723,2760.9917
24628,9068.0117,2467.8566
24629,9052.0157,2471.821
24630,9059.072,1891.4357
24631,9088.1145,2665.7263
24632,9093.6532,2184.9565
24633,9094.2462,2812.5548
24634,9073.8842,2331.1712
24635,9070.5948,2946.641
24636,9106.367,2382.0751
24637,9096.4669,2986.9546
24638,9074.7156,1976.9622
24639,9098.6083,2560.8839
24640,9108.0784,2423.1018
24641,9092.1094,2715.554
24642,9104.0447,2008.8437
24643,9097.6866,2016.464
24644,9095.3887,2904.654
24645,9105.8152,2170.7575
24646,9109.5056,2432.681
24647,9109.0986,1928.1039
24648,9098.0293,2761.555
24649,9105.6076,2401.7459
24650,9114.9347,2488.9823
24651,9104.9595,2888.0354
24652,9107.445,2727.8692
24653,9127.583,2456.055
24654,9100.0856,2360.8525
24655,9125.3109,2197.3179
24656,9139.337,2794.9806
24657,9144.1412,2598.4194
24658,9131.3387,1924.9985
24659,9135.1137,2268.8691
24660,9155.1445,2276.6241
24661,9122.3837,1929.1342
24662,9157.2383,2301.3826
24663,9118.1696,2901.5872
24664,9159.474,1999.8193
24665,9155.2338,2010.5359
24666,9164.8808,2346.8069
24667,9165.1425,2229.2567
24668,9150.2746,2116.0326
24669,9138.8915,1888.5853
24670,9158.0059,2497.2686
24671,9170.9631,2870.6462
24672,9158.373,2737.7637
24673,9172.5068,2893.0092
24674,9140.1289,2799.2171
24675,9178.6098,2254.2313
24676,9167.9244,2064.1939
24677,9164.473,2046.6498
24678,9177.4195,2801.1481
24679,9185.0934,2003.1232
24680,9187.138,1893.9208
24681,9164.7496,2200.1156
24682,9192.2666,2867.4508
24683,9188.3755,2119.7683
24684,9179.2262,2541.422
24685,9169.4132,2494.5986
24686,9177.453,2785.1195
24687,9186.3187,2709.4977
24688,9187.2971,2954.9537
24689,9198.4794,1918.6906
24690,9193.6465,2474.1318
24691,9179.4719,2106.0043
24692,9194.1624,2280.8413
24693,9178.4031,2801.2065
24694,9206.3989,2744.1262
24695,9211.0276,2724.3363
24696,9206.0058,2879.2669
24697,9225.9736,2445.1191
24698,9230.3458,2006.4865
24699,9212.8167,2784.2471
24700,9195.8567,2773.5577
24701,9191.3711,2057.356
24702,9223.1472,2213.9001
24703,9227.7888,2520.2765
24704,9199.7986,2888.6848
24705,9234.4788,2815.5933
24706,9213.7511,2154.9662
24707,9237.8187,2527.951
24708,9234.1144,2861.7708
24709,9211.0039,2258.316
24710,9210.1019,2532.325
24711,9230.1938,1884.7251
24712,9221.4367,2720.9415
24713,9254.3534,2261.1247
24714,9219.1219,1929.7368
24715,9248.0903,2917.173
24716,9225.1307,2845.5783
24717,9237.6974,2024.5818
24718,9242.099,2733.7356
24719,9231.4633,3028.9326
24720,9271.443,2291.4017
24721,9254.9816,1968.2013
24722,9253.6385,2777.561
24723,9263.787,2068.1897
24724,9251.0079,2774.5201
24725,9261.8706,2569.3176
24726,9242.5424,2946.066
24727,9242.1376,2511.9451
24728,9256.9336,2074.8459
24729,9283.2829,2121.4805
24730,9262.1403,2588.5842
24731,9291.5895,2761.9875
24732,9294.8861,3016.2322
24733,9293.6836,2557.2985
24734,9278.0507,1932.4927
24735,9280.0796,2981.8517
24736,9282.1842,2646.3359
24737,9303.7451,2228.6849
24738,9267.6984,2281.9204
24739,9307.5974,2542.9455
24740,9270.0399,2046.2344
24741,9310.4941,3012.5008
24742,9280.0276,2259.4792
24743,9298.3779,2441.0758
24744,9288.4108,2814.8258
24745,9308.1131,2722.7517
24746,9322.1822,1928.6289
24747,9310.4842,2783.5035
24748,9298.2297,2307.4351
24749,9308.9995,2876.0768
24750,9299.5289,2615.5936
24751,9323.8908,2300.5028
24752,9331.9809,2963.1053
24753,9293.8117,1889.2748
24754,9335.9747,3022.1154
24755,9309.9004,3015.0427
24756,9297.7813,2896.5248
24757,9300.448,2721.6615
24758,9327.4219,2872.1043
24759,9347.3688,3034.5242
24760,9325.4209,2627.0421
24761,9323.4306,2165.6746
24762,9340.7377,2969.6438
24763,9330.7677,1957.9387
24764,9334.1236,2926.6048
24765,9322.8123,2450.4864
24766,9359.466,2663.7601
24767,9321.8941,2042.929
24768,9322.0385,3037.0484
24769,9364.1171,2237.2101
24770,9368.1763,2251.487
24771,9339.4635,2549.898
24772,9330.1938,2460.0527
24773,9373.9843,2734.6892
24774,9370.6788,2636.4863
24775,9333.2264,2022.4958
24776,9357.5711,3003.2159
24777,9340.3432,2570.6621
24778,9352.164,2155.0864
24779,9355.7617,3066.8189
24780,9347.3469,2082.8002
24781,9360.759,2423.479
24782,9384.3509,2895.1412
24783,9367.9296,2005.1387
24784,9353.6495,1961.3966
24785,9375.3716,2928.9612
24786,9366.5582,2646.0238
24787,9383.9252,2763.7347
24788,9363.2769,3069.5276
24789,9367.3099,2959.0037
24790,9386.6094,3004.6635
24791,9402.9881,2754.6242
24792,9398.124,2725.2908
24793,9389.5141,2262.3812
24794,9395.3134,3044.9097
24795,9416.7641,2614.7258
24796,9376.1757,2715.9053
24797,9394.4845,2248.4555
24798,9400.7742,2099.6205
24799,9405.0466,2822.4192
24800,9393.9005,2963.8905
24801,9410.8213,2702.8135
24802,9398.5011,2327.2079
24803,9389.7206,2761.7621
24804,9426.6801,2471.5909
24805,9423.5981,2336.4174
24806,9432.5467,2405.1752
24807,9395.7925,3021.5279
24808,9409.3731,2594.0373
24809,9422.1554,3090.76
24810,9428.6606,2770.2875
24811,9422.5097,3069.205
24812,9443.2617,2726.3307
24813,9414.3467,2668.087
24814,9406.7834,2520.6693
24815,9427.189,2414.8984
24816,9418.3299,2754.9024
24817,9428.4654,2948.8395
24818,9420.6755,2446.0465
24819,9442.2006,3024.1658
24820,9446.2251,2703.0238
24821,9433.169,2592.2028
24822,9429.5243,2838.5864
24823,9440.9908,2624.7668
24824,9458.7003,2739.8087
24825,9453.6609,2871.7111
24826,9472.5722,3066.3967
24827,9443.5228,2922.013
24828,9444.1568,2404.453
24829,9437.2387,2345.562
24830,9461.1567,2333.6204
24831,9455.1277,2265.2202
24832,9484.5037,2687.1184
24833,9443.3558,2380.7428
24834,9472.8193,2891.4292
24835,9479.9791,2355.8311
24836,9464.1415,2173.4049
24837,9462.8196,2614.3508
24838,9495.1715,3040.7738
24839,9474.2153,2674.3371
24840,9471.2135,2772.0552
24841,9482.3231,2020.6597
24842,9502.7139,2970.1974
24843,9460.8992,2288.0279
24844,9471.9192,2234.4515
24845,9494.3722,2276.3538
24846,9500.2285,2216.2085
24847,9491.2168,2023.157
24848,9494.0521,1958.1129
24849,9470.961,2100.5748
24850,9518.3453,3105.0154
24851,9488.0461,2967.9401
24852,9508.2865,2228.964
24853,9488.8205,2484.2331
24854,9504.9226,2828.659
24855,9485.9652,2630.9535
24856,9507.5288,2989.8065
24857,9492.6013,2060.1651
24858,9492.7431,3034.7948
24859,9531.7215,2527.3617
24860,9506.1313,2991.6327
24861,9528.3213,2639.6167
24862,9528.2908,2607.696
24863,9506.1686,2659.0577
24864,9522.9578,2048.7195
24865,9526.2214,2902.0646
24866,9513.0828,2196.4756
24867,9507.5923,2530.1856
24868,9527.6857,2266.4409
24869,9519.3064,2403.7103
24870,9541.3979,2919.2304
24871,9515.2872,2875.0171
24872,9527.3586,2700.2828
24873,9533.6978,2876.2911
24874,9546.3604,2523.6862
24875,9529.8222,2826.5033
24876,9524.5427,2455.7292
24877,9532.9562,1936.9771
24878,9564.4825,2998.8699
24879,9549.4589,3098.6082
24880,9539.2931,2905.8942
24881,9537.5304,2947.9798
24882,9576.6274,2052.2536
24883,9570.7939,2070.972
24884,9566.5209,2850.3023
24885,9560.4934,2326.7783
24886,9561.1968,3085.2552
24887,9573.2828,2118.3374
24888,9586.4969,3070.4805
24889,9558.3,2815.3561
24890,9589.2597,2821.5635
24891,9571.7901,2578.2488
24892,9591.9742,2775.2321
24893,9576.6242,3049.411
24894,9579.3543,2547.5606
24895,9562.8997,2533.8424
24896,9574.7309,3110.6666
24897,9561.7821,2337.1816
24898,9602.3703,2612.8292
24899,9561.4581,2680.4092
24900,9568.3316,3067.277
24901,9594.9477,2429.8776
24902,9581.1421,2279.1942
24903,9571.4459,2459.6356
24904,9602.1635,2125.1812
24905,9588.6314,2147.0384
24906,9613.187,3039.4662
24907,9609.5272,1981.7624
24908,9604.0225,2442.413
24909,9619.0686,3136.337
24910,9623.1155,3008.5506
24911,9598.3769,2994.7414
24912,9604.206,2189.7062
24913,9626.4788,2274.4439
24914,9623.4435,2881.1624
24915,9614.2488,2177.6828
24916,9623.3779,2139.6093
24917,9616.8681,2845.2047
24918,9639.3892,2980.2942
24919,9600.4155,3070.8667
24920,9626.7682,2814.1793
24921,9601.876,2926.2869
24922,9616.5369,2839.613
24923,9619.1366,2381.6761
24924,9647.3863,3059.7251
24925,9614.6451,2848.6286
24926,9640.1876,2992.2668
24927,9629.421,2889.2166
24928,9629.7536,2962.9372
24929,9638.3642,2130.506
24930,9621.5507,2734.1259
24931,9653.1421,2140.7336
24932,9633.6695,2168.8624
24933,9652.734,2222.2373
24934,9649.8019,2190.441
24935,9664.3441,2395.5762
24936,9666.7149,2090.8672
24937,9662.5952,2916.4247
24938,9675.3001,2149.9739
24939,9645.9312,2578.6744
24940,9664.8083,3037.9286
24941,9673.601,2286.2714
24942,9643.6427,2229.9122
24943,9682.3746,2204.1678
24944,9662.8529,2747.847
24945,9668.192,2076.0854
24946,9643.9625,2768.7354
24947,9658.0299,2101.1203
24948,9662.822,2570.1737
24949,9695.4443,2310.5829
24950,9664.6185,3044.6881
24951,9683.3932,2214.1906
24952,9665.5569,2710.5932
24953,9672.1736,2509.1067
24954,9672.5854,2951.8195
24955,9681.8328,3076.2564
24956,9670.1797,2352.4513
24957,9674.8601,2988.9812
24958,9694.2601,2109.0971
24959,9682.9786,2587.1487
24960,9712.0638,2539.3618
24961,9668.6962,2731.9144
24962,9690.3206,3150.0867
24963,9699.5421,2044.8546
24964,9688.4271,2915.5501
24965,9681.1571,2274.767
24966,9697.5321,3134.2932
24967,9680.1789,2913.8803
24968,9685.2406,2882.3448
24969,9682.1097,2012.7367
24970,9693.7246,2109.0266
24971,9705.275,3125.0429
24972,9710.2228,2576.9407
24973,9715.7558,2097.2062
24974,9703.89,2620.7313
24975,9707.2545,2987.4753
24976,9693.9285,3158.0117
24977,9721.1418,2511.2284
24978,9710.0166,2341.3325
24979,9711.0121,2751.895
24980,9725.0598,2518.8606
24981,9737.1464,2296.4341
24982,9745.8133,2461.0302
24983,9732.8662,2396.3231
24984,9716.8595,2063.3683
24985,9728.6625,2691.3339
24986,9713.9688,2428.1803
24987,9758.5148,2015.2932
24988,9738.4422,2061.8427
24989,9758.3661,2719.8133
24990,9737.3938,2496.0737
24991,9716.9628,3028.3118
24992,9730.1706,3133.6685
24993,9720.8288,2949.5862
24994,9741.9845,2890.6051
24995,9732.9864,2884.9619
24996,9738.2654,3101.9389
24997,9759.6459,3031.5104
24998,9741.3456,2720.7433
24999,9760.6139,3184.0667
25000,9753.601,2681.1553
25001,9780.3478,2971.452
25002,9763.2186,2360.4324
25003,9737.3601,2235.744
25004,9754.6011,2700.2529
25005,9787.5916,2677.2792
25006,9752.8388,2090.6092
25007,9743.6857,2062.0582
25008,9746.6311,2636.8293
25009,9790.3908,3078.4015
25010,9765.8011,2130.1771
25011,9759.3183,2746.471
25012,9775.6698,2372.5624
25013,9767.2232,2867.2255
25014,9798.0489,2664.3509
25015,9774.465,2197.4433
25016,9805.9925,3161.7855
25017,9802.2205,2501.3041
25018,9800.8581,2634.2694
25019,9802.184,2997.1691
25020,9778.3197,2824.8876
25021,9779.5802,3048.4298
25022,9801.1944,2970.8252
25023,9783.1562,2394.5645
25024,9798.4927,2506.4497
25025,9814.7675,2748.1565
25026,9788.0164,2870.7257
25027,9810.8989,3140.1583
25028,9793.0934,3011.1755
25029,9823.0832,2418.6817
25030,9824.465,2317.055
25031,9788.5807,2670.6283
25032,9782.9539,3083.4956
25033,9790.8027,2441.0793
25034,9789.9787,3024.2499
25035,9830.5443,3076.2134
25036,9821.5704,2294.0818
25037,9833.2091,2301.2855
25038,9793.55,2239.4744
25039,9793.5214,2489.3812
25040,9807.1712,2715.7213
25041,9815.5842,3137.0039
25042,9809.6983,2695.1559
25043,9833.4377,2950.283
25044,9826.6153,2296.0775
25045,9851.2553,2956.834
25046,9826.546,2258.0464
25047,9838.08,2459.8833
25048,9839.9806,2954.0655
25049,9850.6458,2779.6362
25050,9838.8354,2331.801
25051,9841.4642,2046.1304
25052,9824.7129,3047.1753
25053,9836.4418,2308.9367
25054,9828.0254,2940.0905
25055,9865.0028,2259.9538
25056,9834.9569,2184.758
25057,9849.8786,2534.8971
25058,9851.3848,2513.4845
25059,9871.3272,2181.8798
25060,9843.9727,3056.897
25061,9841.6797,2743.4425
25062,9853.1029,3073.6863
25063,9832.0881,3136.3204
25064,9878.2391,2121.6055
25065,9878.7317,2877.9577
25066,9841.6228,2978.9832
25067,9860.9395,3032.5479
25068,9854.5835,2919.3793
25069,9849.8904,2408.2636
25070,9884.4176,2262.7552
25071,9858.7538,2282.1775
25072,9848.3507,2877.46
25073,9856.5346,2992.9467
25074,9892.6697,3219.5765
25075,9878.7888,2787.7276
25076,9870.9454,2367.3838
25077,9874.7676,2663.8404
25078,9889.2733,2702.5297
25079,9856.8839,2451.9322
25080,9880.8263,2150.7795
25081,9896.6062,2178.3483
25082,9866.4737,2295.1518
25083,9880.1894,2620.9035
25084,9863.1946,2524.2588
25085,9902.131,2183.8098
25086,9874.9662,2626.3067
25087,9874.2605,2131.8985
25088,9911.0819,2737.1411
25089,9886.2776,2724.4726
25090,9889.3615,2870.789
25091,9879.7872,2721.3437
25092,9911.733,2827.592
25093,9890.0827,2688.0967
25094,9887.8244,3022.7731
25095,9914.485,2172.6061
25096,9916.1245,2265.5606
25097,9887.6336,3141.3888
25098,9921.7767,2720.1372
25099,9907.4064,2803.6111
25100,9888.0003,3194.0078
25101,9894.8524,2917.7142
25102,9890.1708,2438.1949
25103,9908.2757,2721.8888
25104,9916.5921,2968.893
25105,9939.1159,2748.5639
25106,9909.304,2918.5745
25107,9897.8505,3037.2247
25108,9912.1065,3087.9753
25109,9917.9577,2798.3377
25110,9939.7857,2488.7813
25111,9918.5035,2661.3116
25112,9933.1441,2955.1229
25113,9925.5021,2379.2184
25114,9931.5739,3002.7377
25115,9911.8485,2736.0356
25116,9949.6463,2191.4676
25117,9916.9096,3217.5392
25118,9909.5734,2099.7719
25119,9920.9277,2852.7193
25120,9940.0859,2670.548
25121,9926.9195,2950.0151
25122,9961.5577,2243.6299
25123,9924.5136,2327.7087
25124,9939.0591,2832.2839
25125,9953.6953,3052.9899
25126,9937.5261,2224.4452
25127,9952.7074,2691.3783
25128,9929.4964,2977.5854
25129,9932.0556,2368.4881
25130,9930.4087,2958.3772
25131,9944.1752,2790.4504
25132,9948.3954,2843.499
25133,9975.7741,2233.2144
25134,9960.796,2720.8072
25135,9937.2608,3025.2984
25136,9935.13,2711.3688
25137,9939.9945,2650.8253
25138,9984.7437,2969.5031
25139,9971.351,2443.9099
25140,9954.7877,2787.4329
25141,9966.7775,2405.868
25142,9988.1168,3039.1426
25143,9972.7568,2915.226
25144,9972.3524,2174.7009
25145,9953.731,2381.3679
25146,9962.5957,2672.4937
25147,9964.4029,3249.8323
25148,9954.4289,2560.8806
25149,9995.1408,3071.6892
25150,9988.8762,2804.5142
25151,9966.2012,2440.9095
25152,9984.4661,2225.1708
25153,9983.6424,2880.3494
25154,9979.1767,2948.0421
25155,9970.5476,2308.9357
25156,9970.9722,2894.58
25157,9967.6453,2353.4924
25158,10004.714,3234.0781
25159,10010.191,2213.4357
25160,9971.7173,3071.435
25161,9980.7505,2982.7774
25162,10010.8969,3184.8082
25163,10008.865,2394.2939
25164,10006.146,2628.5755
25165,9988.2186,2843.2285
25166,10011.793,2893.2547
25167,10022.6197,3261.0852
25168,9983.524,2665.775
25169,10015.1553,2716.3148
25170,9999.2007,2808.7638
25171,9988.1827,2546.0001
25172,10011.9579,2089.5202
25173,10024.5078,2788.5133
25174,9992.6106,3176.7344
25175,10010.172,3289.9793
25176,10030.9903,2946.7337
25177,10017.7363,2424.2386
25178,10003.1521,2302.1687
25179,10031.2961,3031.4253
25180,10003.6726,2945.5317
25181,9992.4978,3149.4449
25182,9996.1072,2553.7991
25183,10008.2954,2431.4895
25184,10017.9216,3288.3909
25185,10006.6427,2929.6123
25186,10012.374,2972.5099
25187,10040.1092,2863.1528
25188,10033.6929,2908.2291
25189,10045.7435,3267.1819
25190,10046.327,2224.6619
25191,10027.3992,3202.1187
25192,10052.1616,2151.4411
25193,10039.1476,2125.8449
25194,10054.7221,2445.0948
25195,10032.8694,2045.7872
25196,10028.5957,2971.7305
25197,10012.8238,2964.1588
25198,10052.041,2700.1613
25199,10017.1764,2104.7654
25200,10027.5923,2201.9406
25201,10033.98,3108.1556
25202,10030.7006,2585.2912
25203,10053.6766,2520.0384
25204,10041.052,2818.2531
25205,10070.9139,3307.9953
25206,10039.5716,2378.4546
25207,10053.3316,2794.684
25208,10066.5467,2611.761
25209,10048.0425,2616.8802
25210,10071.52,2676.4469
25211,10058.3087,3127.1915
25212,10067.8876,2633.9302
25213,10035.8669,2250.5794
25214,10066.0982,2919.4985
25215,10059.3899,2271.6761
25216,10081.8284,2918.1358
25217,10044.0503,2442.5771
25218,10056.9146,3203.9803
25219,10071.9337,3057.6576
25220,10084.4452,2169.1219
25221,10089.5597,2468.0278
25222,10086.8401,2350.5232
25223,10078.7453,3024.7723
25224,10047.0434,3066.719
25225,10052.4939,2996.3931
25226,10091.9373,2244.0204
25227,10080.0741,3275.0669
25228,10083.6581,2979.3706
25229,10067.8019,3182.9589
25230,10090.0807,2958.4131
25231,10056.4886,3113.5297
25232,10062.3931,2575.6868
25233,10066.4344,2149.8439
25234,10090.9673,2668.1614
25235,10079.0013,2464.1229
25236,10094.6021,2123.7879
25237,10098.0898,3144.5264
25238,10090.4596,2521.6691
25239,10093.9209,2702.5211
25240,10109.6134,2873.5625
25241,10068.4657,2413.8469
25242,10111.4984,2736.2568
25243,10079.343,2948.0868
25244,10103.9257,2520.512
25245,10105.6908,3306.4947
25246,10111.0455,2659.9011
25247,10096.7114,2109.2976
25248,10110.1078,2368.54
25249,10109.286,2851.3952
25250,10099.4508,2084.6143
25251,10105.3779,2209.3595
25252,10105.4951,2486.7506
25253,10094.7548,3075.1592
25254,10113.1536,2804.8886
25255,10080.6904,2506.5633
25256,10097.0373,2432.4478
25257,10110.6668,2820.7071
25258,10120.9144,2694.6084
25259,10086.8016,2735.7473
25260,10091.4501,2779.8368
25261,10129.9967,2181.2834
25262,10097.9603,2576.4325
25263,10099.3709,2800.2385
25264,10091.7456,3291.7811
25265,10120.7185,2162.2543
25266,10104.3341,3151.0026
25267,10098.5522,3138.9078
25268,10113.4652,2125.7968
25269,10093.8564,2842.662
25270,10135.5465,2870.9985
25271,10124.2672,2177.5878
25272,10132.3843,2444.4554
25273,10115.677,3323.8507
25274,10130.6381,2117.7885
25275,10131.6049,2300.8537
25276,10135.8191,2731.8642
25277,10129.1529,2396.695
25278,10110.7876,2504.1601
25279,10129.1718,2504.5876
25280,10110.0585,2394.4146
25281,10112.9606,3277.2506
25282,10111.9952,2065.2092
25283,10130.9101,3166.9115
25284,10128.222,3087.6947
25285,10109.5428,3137.151
25286,10147.6198,2063.0959
25287,10131.9608,2315.0547
25288,10119.9503,2871.6197
25289,10159.2799,2789.4339
25290,10136.9601,3238.1587
25291,10156.4764,2996.9203
25292,10143.1216,2825.622
25293,10124.9112,2580.5723
25294,10161.6935,2522.1413
25295,10118.9289,2151.6721
25296,10118.5823,2645.5284
25297,10145.3261,3250.296
25298,10129.697,3007.783
25299,10168.6782,2067.1524
25300,10160.3076,3134.7236
25301,10162.0396,3027.2472
25302,10155.554,3132.8506
25303,10161.5304,2688.5822
25304,10134.3639,2301.0845
25305,10138.2318,3268.5654
25306,10135.4238,3122.9003
25307,10143.874,2972.4708
25308,10152.498,3036.5109
25309,10167.2005,2183.3945
25310,10175.5958,3247.5332
25311,10143.8169,2973.5817
25312,10136.3592,3305.3754
25313,10153.0819,2662.0191
25314,10156.7735,2468.7684
25315,10156.9465,2732.359
25316,10165.0142,3284.4193
25317,10165.4097,3027.0634
25318,10160.1032,2297.356
25319,10142.549,2208.9442
25320,10164.856,2441.7735
25321,10154.9483,2556.4672
25322,10153.5448,2230.2289
25323,10181.9157,2419.0695
25324,10154.6614,2673.809
25325,10161.4328,2636.4455
25326,10149.1016,3289.4699
25327,10197.3331,3245.2115
25328,10192.148,3182.4813
25329,10184.665,2255.9313
25330,10197.8886,2760.6727
25331,10196.8601,2920.3283
25332,10190.2651,2192.8951
25333,10160.7167,2570.6286
25334,10182.4441,2109.4741
25335,10196.5876,2170.2085
25336,10175.4619,2177.7837
25337,10172.5986,3279.8147
25338,10185.3306,2679.9172
25339,10182.6683,2692.5849
25340,10179.1407,3324.6012
25341,10188.2693,3106.6492
25342,10184.0927,3118.1471
25343,10167.8622,2843.271
25344,10168.4513,3062.4634
25345,10198.54,3193.1663
25346,10208.7452,2396.3714
25347,10191.9786,2427.0303
25348,10196.7757,3313.6996
25349,10172.4586,2186.1649
25350,10190.6669,2869.2395
25351,10190.2359,2531.0951
25352,10214.381,3318.0522
25353,10212.0173,2635.0529
25354,10188.2883,2927.7994
25355,10213.4071,2787.1696
25356,10194.4285,2760.2565
25357,10194.5451,2761.1109
25358,10224.812,3344.1336
25359,10224.8492,2843.5005
25360,10214.0003,2839.9976
25361,10189.5025,3140.036
25362,10183.9291,2992.8303
25363,10219.7429,2770.8165
25364,10187.3834,2179.8375
25365,10192.9784,2301.4444
25366,10184.8873,2538.8792
25367,10195.0583,2652.0607
25368,10196.8108,3116.8001
25369,10206.4264,2741.3036
25370,10219.0771,2107.3451
25371,10227.9144,3343.9918
25372,10234.5967,2092.3757
25373,10189.6608,2301.9115
25374,10236.5423,2903.103
25375,10234.7087,2695.9461
25376,10220.0629,2609.3066
25377,10205.2399,3130.0952
25378,10203.3971,3175.7772
25379,10234.5328,2653.7218
25380,10230.654,2819.6269
25381,10227.1159,3059.7086
25382,10203.7929,2490.8381
25383,10226.5086,2339.7121
25384,10239.933,2137.8413
25385,10215.7136,3139.5607
25386,10237.5242,2695.1934
25387,10216.8594,3293.0007
25388,10208.5428,2847.8656
25389,10221.2434,2811.0597
25390,10235.3174,2307.963
25391,10227.5339,3110.8204
25392,10240.0837,3120.2326
25393,10207.4517,2792.7217
25394,10216.4924,3244.5433
25395,10234.091,2319.8787
25396,10213.0911,2805.5172
25397,10255.8395,2781.6578
25398,10229.6139,3023.1638
25399,10252.2526,3184.9451
25400,10217.1941,3103.5636
25401,10221.4705,3110.8589
25402,10232.0444,2263.8707
25403,10225.2433,3181.9214
25404,10229.556,3188.1569
25405,10213.3043,3124.5183
25406,10220.2998,2150.2247
25407,10259.6565,2826.6159
25408,10242.7271,2379.8553
25409,10256.4302,3210.3897
25410,10248.6804,2242.0027
25411,10261.7233,2398.2926
25412,10250.7155,2179.0524
25413,10257.1244,3340.9572
25414,10243.0727,2867.714
25415,10263.8405,2810.3502
25416,10237.9787,2347.7425
25417,10259.0099,3256.9252
25418,10237.6732,3314.7061
25419,10246.7594,3217.2252
25420,10237.9915,3192.9939
25421,10276.1692,3327.4298
25422,10242.5038,2655.5051
25423,10243.8842,3075.0411
25424,10253.1745,2299.7001
25425,10232.2474,2704.7605
25426,10255.8685,3038.9705
25427,10242.5047,2809.5974
25428,10232.1747,2114.604
25429,10234.7883,2283.5117
25430,10251.6915,2930.0127
25431,10259.6058,2654.9886
25432,10258.603,2166.962
25433,10283.2,2357.7663
25434,10264.9211,3018.7728
25435,10250.5501,2674.1685
25436,10247.7063,3112.0134
25437,10259.2722,2325.8767
25438,10245.7239,2614.5141
25439,10241.227,3199.9481
25440,10242.0761,2440.055
25441,10276.6258,3310.2628
25442,10285.0501,3203.8559
25443,10260.8582,3006.002
25444,10245.0993,2307.5637
25445,10271.2505,2446.2977
25446,10260.2142,2879.4483
25447,10262.5661,2637.4168
25448,10245.763,3127.227
25449,10273.1457,3027.942
25450,10294.7319,3051.6921
25451,10260.3809,2290.5647
25452,10253.6102,2806.3091
25453,10290.5017,3133.3236
25454,10272.596,2131.1991
25455,10271.5656,3084.4449
25456,10287.89,2837.6541
25457,10285.0084,3173.3125
25458,10280.5463,2426.0876
25459,10285.7462,2620.5395
25460,10272.1339,3090.9959
25461,10295.5452,2132.6924
25462,10280.7531,2600.5654
25463,10261.1304,3077.441
25464,10278.1338,3045.1543
25465,10266.5243,2747.1103
25466,10287.48,2147.5416
25467,10271.0069,2850.5153
25468,10301.0571,2438.7485
25469,10277.2872,3073.6092
25470,10310.7071,2932.9315
25471,10284.0708,3333.0233
25472,10303.8349,2416.8415
25473,10284.8257,2380.8709
25474,10272.3318,2837.4723
25475,10275.6978,2372.9668
25476,10283.8679,3268.7516
25477,10291.7933,2465.7596
25478,10287.3466,2332.1784
25479,10284.1199,2490.9814
25480,10275.4992,3000.8525
25481,10277.1025,2355.8237
25482,10307.6756,2425.2325
25483,10309.7858,2744.3495
25484,10296.5845,2427.6303
25485,10313.8776,3099.3342
25486,10312.5121,2300.0709
25487,10315.6947,3236.5144
25488,10304.0483,2438.9443
25489,10323.3449,2808.0222
25490,10277.4975,3037.5698
25491,10281.1062,2475.5934
25492,10281.7823,2325.0706
25493,10276.5983,2472.2233
25494,10313.402,2440.582
25495,10311.0776,2775.0144
25496,10307.7831,2740.185
25497,10294.8841,2675.2257
25498,10328.2546,3149.0501
25499,10330.667,2383.5444
25500,10303.6039,3164.9304
25501,10303.4149,2171.2168
25502,10318.743,3215.1624
25503,10316.462,2408.9153
25504,10315.6358,2177.4058
25505,10295.4856,2824.1083
25506,10325.9976,3269.4216
25507,10307.1385,3004.9874
25508,10304.4397,3246.398
25509,10320.038,2166.9589
25510,10321.1285,2121.868
25511,10305.8627,2949.0473
25512,10294.2272,2504.0921
25513,10303.1414,2192.7677
25514,10336.0925,2599.4002
25515,10297.8564,3117.7574
25516,10309.6751,2661.9787
25517,10335.1862,3093.177
25518,10294.2121,2383.1853
25519,10314.4052,3306.1924
25520,10335.6857,3248.6099
25521,10337.6347,3120.3781
25522,10316.2118,2780.0813
25523,10324.0778,2906.6473
25524,10299.3497,3231.8678
25525,10307.3668,3073.0407
25526,10341.781,2801.9795
25527,10321.1601,2438.3622
25528,10332.1985,2259.6205
25529,10334.5963,2955.8441
25530,10303.5193,3065.0106
25531,10345.9316,3300.3698
25532,10346.2859,2220.731
25533,10316.5824,2267.2991
25534,10339.9726,3033.0899
25535,10347.8866,2438.9334
25536,10335.0259,3272.9507
25537,10336.6086,2750.258
25538,10320.3661,3182.8156
25539,10317.602,3331.7719
25540,10313.3581,2921.7859
25541,10355.7247,2987.1019
25542,10352.4139,2778.6334
25543,10323.2645,3200.929
25544,10342.6072,2202.5503
25545,10358.3376,2842.7014
25546,10325.7742,2295.1486
25547,10314.657,2971.1659
25548,10315.4882,2628.5827
25549,10335.4953,2685.9363
25550,10331.1322,2742.9356
25551,10319.2997,2125.7918
25552,10340.4676,3362.6523
25553,10324.2994,3019.5827
25554,10344.7787,2205.896
25555,10317.367,2507.5636
25556,10348.5377,2561.3949
25557,10353.6654,3222.954
25558,10332.5874,2752.0789
25559,10344.7869,2290.7807
25560,10344.502,2822.2217
25561,10347.9911,3354.8181
25562,10347.8386,2979.1611
25563,10326.2343,2226.7699
25564,10358.2672,2354.6455
25565,10330.3249,2901.7068
25566,10353.6516,3115.9132
25567,10335.5284,2859.7822
25568,10349.7962,3053.5039
25569,10354.7045,2695.8352
25570,10328.9706,2125.1673
25571,10365.6788,3155.8913
25572,10352.6551,3281.5503
25573,10361.9592,2963.3975
25574,10326.4232,2558.0755
25575,10336.3736,2812.4095
25576,10356.4302,2572.197
25577,10345.8602,2971.4872
25578,10357.5389,2821.5735
25579,10333.4965,3254.7195
25580,10345.0311,3266.8358
25581,10349.5677,2936.5383
25582,10339.5114,3261.8379
25583,10378.2193,2325.6616
25584,10380.722,3340.9407
25585,10371.7541,3084.054
25586,10337.5941,2999.5625
25587,10368.9319,2720.6258
25588,10342.2202,2723.5473
25589,10354.1273,2686.0162
25590,10354.7357,3101.0925
25591,10376.7753,2723.5119
25592,10346.2927,2968.5861
25593,10357.915,2304.5722
25594,10381.2584,2667.1099
25595,10376.4965,2834.0057
25596,10352.6287,2308.6335
25597,10362.1537,3174.887
25598,10345.3318,2329.2785
25599,10383.0607,2416.062
25600,10374.7959,2273.6732
25601,10360.0103,2769.5214
25602,10352.5936,3200.8895
25603,10390.5298,2681.6509
25604,10375.394,2649.6636
25605,10391.9047,2727.2627
25606,10382.7839,2845.9985
25607,10380.3404,2244.0947
25608,10378.8759,2716.9649
25609,10349.1668,2999.1445
25610,10377.7547,2664.5469
25611,10381.2654,2641.3073
25612,10365.3458,3270.0962
25613,10372.5258,2108.2478
25614,10379.8791,2654.5416
25615,10379.8067,3209.2214
25616,10388.2733,2706.3654
25617,10394.9873,3208.2132
25618,10394.9789,2771.6804
25619,10350.841,2660.9676
25620,10358.8654,2925.4892
25621,10385.1522,2536.8403
25622,10356.8162,3054.1178
25623,10378.025,2804.3205
25624,10393.9721,2330.4058
25625,10356.549,2898.228
25626,10377.2147,3111.4219
25627,10360.2982,2684.1119
25628,10391.7414,2851.7331
25629,10382.7042,3271.3923
25630,10393.3089,2648.627
25631,10395.1331,3180.6695
25632,10383.8856,2405.8613
25633,10388.9952,2635.4583
25634,10365.4055,2326.1727
25635,10399.3143,3307.7188
25636,10362.4699,3103.5932
25637,10375.4131,2920.198
25638,10364.3945,3022.1484
25639,10405.2261,2135.3154
25640,10390.0871,2518.5907
25641,10387.9937,2309.839
25642,10363.4135,2134.3342
25643,10405.1014,2854.1257
25644,10372.9028,2930.6102
25645,10387.5264,2426.1455
25646,10409.7089,2912.203
25647,10397.2642,2233.954
25648,10394.2114,2160.4451
25649,10387.6591,2966.845
25650,10411.7116,2625.0503
25651,10374.3995,2994.5219
25652,10399.3135,2565.4849
25653,10379.9189,2168.5105
25654,10391.2581,2459.2285
25655,10409.5322,3302.6656
25656,10373.247,2979.8587
25657,10401.1554,2967.5086
25658,10383.7705,2805.4915
25659,10406.5432,3078.6906
25660,10396.9424,2300.8595
25661,10402.6656,2195.877
25662,10401.0994,2199.1042
25663,10376.3187,2481.1101
25664,10416.7008,2496.5366
25665,10390.3548,2918.0467
25666,10418.2076,2947.3873
25667,10397.1453,2767.3801
25668,10419.4654,3288.2357
25669,10386.7438,2805.4834
25670,10379.4704,2963.4151
25671,10420.8049,2338.3903
25672,10377.5077,2647.0827
25673,10409.9119,3050.4432
25674,10394.1351,2742.844
25675,10388.2529,2184.6295
25676,10415.3504,2934.942
25677,10385.0382,2617.8003
25678,10395.7314,3179.1925
25679,10387.6652,2319.4742
25680,10398.3918,2587.5285
25681,10407.7862,3269.8221
25682,10387.3449,2121.6381
25683,10385.9216,2327.7597
25684,10411.0971,2623.7885
25685,10415.909,2696.2155
25686,10430.1552,3143.2568
25687,10389.0982,2202.2191
25688,10416.7194,3217.3389
25689,10431.5187,3210.9043
25690,10422.7039,2411.8345
25691,10426.563,3074.4931
25692,10396.7881,2677.8483
25693,10434.0978,2392.2516
25694,10395.5048,2623.183
25695,10434.3701,2715.8525
25696,10389.9982,2870.1276
25697,10402.8777,3234.2686
25698,10436.1272,2800.351
25699,10415.4037,2375.016
25700,10397.4132,2833.8097
25701,10403.389,3384.1349
25702,10421.7762,2881.9925
25703,10417.3618,2149.0835
25704,10442.4983,2761.6741
25705,10402.0477,2375.4755
25706,10404.0283,2907.8637
25707,10436.6211,2989.07
25708,10415.888,3322.9546
25709,10435.645,2749.9026
25710,10440.2443,3089.2026
25711,10402.762,2346.2402
25712,10401.6147,2960.3215
25713,10411.5503,2948.0963
25714,10423.4669,2185.025
25715,10434.223,2912.3188
25716,10441.584,2851.904
25717,10435.6917,2697.8636
25718,10404.894,2481.442
25719,10418.099,2928.466
25720,10419.1685,3054.4165
25721,10412.2634,2820.1661
25722,10444.4379,2593.007
25723,10433.1389,3017.9854
25724,10439.6561,2593.8576
25725,10450.6256,2626.1647
25726,10437.4489,2402.1179
25727,10410.527,2921.7539
25728,10456.497,3020.1991
25729,10415.3634,2280.1028
25730,10408.2899,2960.9189
25731,10438.0413,2814.6022
25732,10419.7087,2834.882
25733,10456.2957,2787.4977
25734,10444.9171,2713.8629
25735,10443.8152,2805.3305
25736,10444.905,3122.1675
25737,10443.7285,2585.7108
25738,10460.682,2735.1544
25739,10427.6277,2748.7732
25740,10432.9412,2645.4423
25741,10455.7246,2541.173
25742,10460.7222,2313.3461
25743,10447.4209,2659.6465
25744,10426.61,2549.2268
25745,10446.8788,2621.5384
25746,10463.5308,3398.8441
25747,10441.9644,2483.6118
25748,10430.1569,2491.1812
25749,10437.5549,2224.2702
25750,10445.104,3254.6901
25751,10430.0768,2524.0646
25752,10430.0093,2349.6088
25753,10460.641,3022.7208
25754,10462.3458,2856.387
25755,10453.3039,2822.6973
25756,10459.7001,3252.323
25757,10471.1564,3219.5815
25758,10457.1061,2670.3904
25759,10453.1734,2965.7605
25760,10458.5575,3034.1995
25761,10454.1234,2842.3474
25762,10471.91,2748.8736
25763,10427.6211,3132.1181
25764,10433.3538,2313.7232
25765,10448.4192,2641.8485
25766,10439.249,3339.8905
25767,10451.6801,2760.26
25768,10430.5834,2341.1527
25769,10470.9619,3107.9079
25770,10474.1103,3232.9169
25771,10458.3832,3121.5034
25772,10455.1602,2169.8465
25773,10437.9261,2684.3016
25774,10461.9081,2815.2056
25775,10461.0434,2569.9736
25776,10469.5522,2909.1829
25777,10474.9533,2878.4153
25778,10463.4267,2381.5295
25779,10442.9981,2929.7646
25780,10482.9959,3263.6327
25781,10457.587,2730.4884
25782,10440.5729,2165.3911
25783,10437.6372,2558.0605
25784,10483.8563,2316.3219
25785,10468.1457,2704.8147
25786,10465.0439,2765.0115
25787,10467.5791,2704.3971
25788,10446.7981,2831.0174
25789,10453.7534,3066.5434
25790,10448.4222,3402.6577
25791,10437.4188,2875.7663
25792,10463.6018,3184.4152
25793,10487.7333,3094.7336
25794,10483.3183,3205.3082
25795,10440.3442,3027.6829
25796,10454.0548,3170.9909
25797,10487.9178,2779.2769
25798,10486.3621,2784.5504
25799,10459.6374,2250.4495
25800,10443.425,2611.1234
25801,10480.2398,2202.0953
25802,10451.1011,3427.7254
25803,10482.4849,2846.3675
25804,10484.3815,2911.5268
25805,10477.0402,3161.4774
25806,10477.3407,2331.1039
25807,10489.6084,2329.5264
25808,10459.1167,2289.284
25809,10480.6616,3093.3302
25810,10474.9238,3189.7299
25811,10495.1351,2842.1434
25812,10486.2582,2842.0142
25813,10473.7339,3162.8629
25814,10451.6884,3259.2869
25815,10465.7925,2985.082
25816,10455.2255,2991.0608
25817,10465.1909,2672.1306
25818,10456.9605,3000.9909
25819,10461.853,2950.8931
25820,10459.4418,2353.9187
25821,10457.0988,3275.6427
25822,10482.8283,3345.0472
25823,10470.9127,2431.4502
25824,10484.9735,2691.8066
25825,10495.1926,2660.8914
25826,10501.1389,3090.9785
25827,10489.3659,2469.0332
25828,10475.9348,3425.836
25829,10502.6113,2949.9168
25830,10493.3017,2377.8956
25831,10466.6282,2722.9109
25832,10507.3941,2697.8715
25833,10473.0749,2608.9829
25834,10476.5446,2565.0268
25835,10463.6466,3006.8415
25836,10511.4666,2635.4411
25837,10492.9159,3243.3169
25838,10483.1939,3273.8745
25839,10487.2834,2392.9981
25840,10474.4582,2904.9691
25841,10510.6073,2255.7962
25842,10497.0499,3157.9717
25843,10479.3304,3049.8035
25844,10474.9819,3261.0186
25845,10512.0412,2576.339
25846,10508.3263,3396.1817
25847,10510.9132,2250.6748
25848,10490.2459,2526.5078
25849,10491.1276,2470.8213
25850,10490.3829,3261.0934
25851,10481.3019,2769.1119
25852,10509.2278,3375.3667
25853,10513.7709,3272.1085
25854,10512.3286,3003.515
25855,10520.6347,2305.2472
25856,10481.7833,3177.3041
25857,10480.829,2755.7977
25858,10509.4289,2291.6072
25859,10477.0444,2450.7232
25860,10472.4215,2191.6073
25861,10497.4855,3124.0305
25862,10485.9277,2329.3683
25863,10503.0138,2705.354
25864,10495.6819,3028.8066
25865,10510.1577,3190.4839
25866,10526.3031,3458.7185
25867,10477.9052,3185.1853
25868,10518.5933,3127.0809
25869,10498.5015,2449.9338
25870,10491.0931,2385.7077
25871,10494.0153,2437.9174
25872,10482.8226,2836.6809
25873,10518.7872,3309.5231
25874,10484.9052,2301.0423
25875,10518.7323,2693.6817
25876,10498.0626,3313.7647
25877,10522.7749,3145.6475
25878,10492.1695,2176.6564
25879,10523.5562,2643.4752
25880,10501.7141,2826.7616
25881,10497.5846,2145.4996
25882,10521.9222,3027.4596
25883,10486.6612,3288.5603
25884,10534.7272,2503.8338
25885,10530.7085,2769.8033
25886,10533.1221,2422.2031
25887,10512.2108,3303.7309
25888,10519.6675,3346.2982
25889,10529.9792,2261.2927
25890,10519.596,2609.8049
25891,10493.2859,3357.8664
25892,10522.3389,2390.6555
25893,10502.1796,3281.8068
25894,10518.7604,3153.4102
25895,10502.2171,2639.117
25896,10506.0161,3059.3596
25897,10498.9446,3018.0905
25898,10521.2359,3146.3323
25899,10526.6902,2214.4619
25900,10508.2464,2278.9889
25901,10499.2441,3265.8338
25902,10527.9662,2652.0279
25903,10501.7037,3181.4494
25904,10541.8362,3111.1534
25905,10518.792,2804.7695
25906,10501.6075,3132.1459
25907,10509.1548,3170.6665
25908,10539.8002,2702.795
25909,10502.7801,2347.9025
25910,10500.0116,2474.377
25911,10545.564,2802.8929
25912,10515.9896,2156.3431
25913,10500.112,2537.6316
25914,10536.8833,2402.3008
25915,10503.8392,3392.1223
25916,10527.4444,3060.2435
25917,10510.8048,2829.5283
25918,10509.2247,3315.3776
25919,10547.8257,2968.3338
25920,10527.4969,3049.1683
25921,10527.5088,3277.3154
25922,10543.7548,2343.2301
25923,10521.8503,3141.4415
25924,10507.6217,2322.9744
25925,10547.0425,2838.3305
25926,10522.5766,3061.316
25927,10512.479,3247.1325
25928,10532.4776,2931.9496
25929,10554.4531,2769.8285
25930,10536.027,2797.3654
25931,10522.9183,2228.6916
25932,10525.9057,3001.0426
25933,10511.3178,3165.1621
25934,10538.1248,3305.022
25935,10518.0611,3039.7546
25936,10525.3977,2162.6177
25937,10546.5637,3101.8857
25938,10562.8419,2918.3468
25939,10535.7229,2811.6139
25940,10521.2629,3044.4961
25941,10529.5091,3064.0682
25942,10557.7159,2923.3274
25943,10520.0021,2884.3571
25944,10534.5624,2951.1977
25945,10564.2599,3303.6126
25946,10524.7135,2593.1885
25947,10558.9129,2968.5139
25948,10521.8151,3365.4998
25949,10559.4555,3456.3009
25950,10532.771,3041.9303
25951,10539.563,3454.8718
25952,10555.8094,3096.6203
25953,10555.7734,2287.3899
25954,10550.5159,2347.9302
25955,10564.0235,2240.3303
25956,10575.6769,2444.698
25957,10537.9084,3368.7412
25958,10552.6358,2170.0338
25959,10535.4989,2564.1401
25960,10539.691,2697.0316
25961,10531.3738,2721.2489
25962,10564.5303,3083.2742
25963,10545.963,2590.938
25964,10572.4978,2509.1338
25965,10559.9586,2296.4642
25966,10574.3667,3023.6127
25967,10578.6465,2432.3585
25968,10531.9016,2440.1332
25969,10570.768,2523.9296
25970,10543.7784,2747.607
25971,10568.4617,2962.2765
25972,10546.2654,2280.1065
25973,10558.6753,2272.3582
25974,10558.7662,2427.1468
25975,10540.9309,3364.6206
25976,10584.6298,2764.4524
25977,10573.0984,2302.2245
25978,10587.9074,3259.8108
25979,10552.3822,2364.5566
25980,10545.2723,3129.4003
25981,10547.6066,2246.7299
25982,10574.2221,2632.2326
25983,10558.1095,3269.5328
25984,10572.3321,2312.9279
25985,10592.6787,2592.8851
25986,10563.0336,2339.583
25987,10556.4366,2609.2273
25988,10573.4864,2184.2885
25989,10560.0449,2512.2423
25990,10561.9423,2966.9506
25991,10583.0335,2638.1668
25992,10576.4918,3326.0791
25993,10555.8844,3272.4268
25994,10571.4571,2180.1772
25995,10568.9205,3418.1762
25996,10591.8117,2505.1033
25997,10562.5711,2461.3511
25998,10579.5575,3379.8187
25999,10572.1262,3446.2368
26000,10552.0551,2967.026
26001,10600.8516,3166.865
26002,10593.0961,2858.1137
26003,10598.3609,3420.153
26004,10599.892,2617.4591
26005,10566.7683,3233.6776
26006,10606.0533,3445.1243
26007,10578.0904,3280.916
26008,10589.3269,3416.946
26009,10597.5012,2263.2339
26010,10597.2677,3391.1475
26011,10562.4069,2850.1068
26012,10569.8958,3248.6997
26013,10569.5832,3215.3505
26014,10568.5294,3192.0419
26015,10612.1651,2454.1527
26016,10600.3541,2885.615
26017,10596.5715,2910.6816
26018,10576.9252,2686.5048
26019,10588.8715,2501.3245
26020,10595.5992,2814.5772
26021,10595.0615,2250.4578
26022,10603.4212,2747.2214
26023,10579.0133,3383.0393
26024,10608.3993,2716.8289
26025,10594.915,2649.9551
26026,10585.5781,3030.2405
26027,10594.3231,2847.292
26028,10613.7496,3237.1145
26029,10590.4503,3020.5499
26030,10593.7119,2312.0758
26031,10615.874,2645.1671
26032,10591.6773,2615.3797
26033,10618.9449,2521.4882
26034,10591.1114,3011.51
26035,10587.0937,3426.812
26036,10588.8205,3013.0155
26037,10588.2092,3034.2336
26038,10581.8998,2515.005
26039,10612.8048,2801.753
26040,10597.2998,3033.0167
26041,10629.0759,2987.5251
26042,10611.65,2901.5859
26043,10616.3218,2241.6165
26044,10592.373,2438.3588
26045,10580.5698,2382.3294
26046,10581.1864,2979.4561
26047,10609.6049,2577.652
26048,10617.0422,3159.1272
26049,10601.0875,3189.6806
26050,10628.8288,2353.9945
26051,10587.842,2868.415
26052,10627.3381,2278.4421
26053,10609.0219,2225.9859
26054,10588.567,2196.7889
26055,10607.1136,3064.591
26056,10604.5505,2622.5047
26057,10615.8384,2800.3249
26058,10623.5735,3375.6332
26059,10623.2523,2813.4517
26060,10610.7842,2614.9131
26061,10628.7865,3358.1711
26062,10634.1355,3232.984
26063,10618.9703,3348.1447
26064,10619.054,2988.8832
26065,10598.5523,3063.885
26066,10641.8038,2672.7502
26067,10640.5986,2602.0225
26068,10631.1278,2870.6599
26069,10624.0385,3084.967
26070,10631.5423,3015.4671
26071,10622.829,3198.9377
26072,10623.6061,2783.6215
26073,10625.469,2319.4547
26074,10640.742,2517.3752
26075,10649.3759,3138.1492
26076,10603.2308,2433.1566
26077,10613.8178,2939.1313
26078,10632.5254,2678.1872
26079,10624.5111,3013.3095
26080,10617.968,3123.6408
26081,10628.6493,2868.721
26082,10623.8015,3032.911
26083,10622.6498,3250.7526
26084,10656.0406,2777.0385
26085,10625.6503,2584.4766
26086,10653.8916,3364.126
26087,10655.5595,2617.3051
26088,10652.416,2242.9707
26089,10653.6333,2240.4991
26090,10633.9679,3213.4053
26091,10665.4033,2259.5313
26092,10645.633,3379.9883
26093,10629.1065,2966.806
26094,10632.1881,2891.8446
26095,10628.6152,2630.9885
26096,10624.3423,2865.653
26097,10668.074,2364.984
26098,10637.9477,3247.151
26099,10667.4565,2564.8442
26100,10669.7977,2604.7111
26101,10638.273,2290.634
26102,10634.6084,3054.2998
26103,10623.5751,3375.8679
26104,10653.6093,2938.2703
26105,10667.0146,2336.1254
26106,10648.6927,3130.5805
26107,10634.601,2480.5419
26108,10664.2155,3010.2787
26109,10646.6335,2792.7872
26110,10646.862,3092.8964
26111,10642.0481,2689.5997
26112,10656.1951,2641.7757
26113,10660.8415,2454.6733
26114,10652.0505,2840.1096
26115,10652.1414,2344.4787
26116,10644.4673,3088.0432
26117,10642.2682,2481.5999
26118,10648.0391,3159.0852
26119,10664.0013,3201.2449
26120,10667.0165,3039.921
26121,10673.2374,2345.0481
26122,10683.1503,2583.4334
26123,10674.6376,2493.3561
26124,10674.3788,2949.6927
26125,10684.5427,2700.5672
26126,10664.2335,2681.8634
26127,10643.2148,2862.2011
26128,10689.829,2902.5555
26129,10672.383,2597.2235
26130,10694.0215,2652.6568
26131,10679.4071,2383.5665
26132,10669.8056,3470.2439
26133,10680.6964,2173.2736
26134,10684.6965,2514.7408
26135,10657.1072,2578.8871
26136,10700.884,3059.9678
26137,10661.5547,3231.0648
26138,10669.4913,3450.4437
26139,10701.8267,2707.4428
26140,10697.1946,2317.2882
26141,10666.661,3347.5832
26142,10685.3001,3056.3817
26143,10659.8266,2674.565
26144,10675.0921,2532.9829
26145,10666.5941,3158.2275
26146,10706.0327,2973.898
26147,10659.0876,2898.1702
26148,10680.2676,2383.2817
26149,10684.8304,2820.1812
26150,10670.3148,2773.6604
26151,10687.8563,3438.3346
26152,10667.901,3391.2617
26153,10706.5792,3366.7066
26154,10688.3987,3281.9999
26155,10711.0264,2209.5705
26156,10666.9193,3204.5287
26157,10680.7108,2828.7415
26158,10692.6006,3013.7314
26159,10710.8883,2661.3781
26160,10689.3092,3399.3539
26161,10687.018,3035.0498
26162,10700.0007,2757.0057
26163,10694.9407,2476.2852
26164,10716.8154,3110.8953
26165,10708.2358,2250.8221
26166,10709.0459,2518.1206
26167,10685.4659,3334.9954
26168,10714.8521,2697.1968
26169,10696.1568,3309.4161
26170,10696.0005,3210.6809
26171,10724.4157,3389.0042
26172,10707.6901,3364.7082
26173,10725.3051,3318.4268
26174,10707.7438,3496.2462
26175,10723.3638,3504.3593
26176,10706.3467,3085.8943
26177,10713.1841,2283.5953
26178,10723.7501,2480.1265
26179,10725.9597,3038.9084
26180,10713.2312,2219.9512
26181,10699.9896,2437.0571
26182,10720.9081,2698.6369
26183,10710.8948,3324.5125
26184,10699.0942,2737.403
26185,10708.9917,3356.4422
26186,10728.5998,3471.6124
26187,10733.4709,3164.647
26188,10717.4272,2921.7371
26189,10706.57,2766.4264
26190,10707.9031,2366.3021
26191,10697.8679,2644.7201
26192,10745.481,2553.028
26193,10717.0347,2648.5828
26194,10734.7174,2771.1467
26195,10716.803,2262.2402
26196,10733.5296,2347.2837
26197,10713.1577,2243.7338
26198,10734.6543,3087.7117
26199,10737.5686,2694.5358
26200,10721.3462,2635.6534
26201,10754.6691,3159.754
26202,10710.7073,3027.1737
26203,10747.4667,3266.9868
26204,10720.374,2407.6569
26205,10723.6555,2868.5502
26206,10731.3503,2511.531
26207,10751.0876,2904.94
26208,10718.4667,2675.2747
26209,10763.5038,3428.0928
26210,10732.7693,3471.4795
26211,10726.5364,2689.9438
26212,10764.1917,3225.2835
26213,10720.9345,2256.1152
26214,10718.415,2359.8403
26215,10767.6233,2436.0443
26216,10741.3921,2319.6368
26217,10750.2491,2693.4998
26218,10738.6403,2835.903
26219,10748.2552,3444.0805
26220,10740.4672,3298.8456
26221,10751.6513,2191.4136
26222,10746.1359,2368.6703
26223,10728.8876,2692.6821
26224,10775.5587,2930.8221
26225,10776.7081,2600.4584
26226,10753.8829,3477.0633
26227,10780.0013,2228.0014
26228,10731.4631,3469.8558
26229,10738.0881,2264.7224
26230,10759.8778,2986.0703
26231,10744.2486,2251.8371
26232,10771.7081,2705.0151
26233,10763.0489,2641.829
26234,10744.5697,3276.6723
26235,10739.5294,3258.8766
26236,10778.1999,2646.6937
26237,10781.5333,2696.0347
26238,10738.448,2577.3471
26239,10766.584,2972.8959
26240,10774.0274,2424.3952
26241,10758.4825,2869.231
26242,10767.9238,2494.6424
26243,10776.6407,3531.8247
26244,10788.0169,3094.194
26245,10782.9368,2227.6708
26246,10792.911,2511.9527
26247,10799.111,2430.5722
26248,10786.7689,3461.741
26249,10783.6763,2194.4476
26250,10776.4305,2580.9228
26251,10755.9447,3201.2594
26252,10777.918,3043.1139
26253,10803.793,2348.9419
26254,10767.2227,3084.0139
26255,10773.0018,3108.4554
26256,10779.0034,3517.7199
26257,10776.0828,3466.2445
26258,10787.2554,2610.1052
26259,10767.633,3279.7423
26260,10769.0173,3377.9713
26261,10774.4696,3003.9407
26262,10775.3144,3030.7296
26263,10773.4895,2560.4429
26264,10810.133,3278.2237
26265,10786.0266,2296.0776
26266,10798.6018,2954.489
26267,10794.8187,2234.3288
26268,10798.2055,2477.6925
26269,10814.9394,3429.6286
26270,10792.1118,2639.8182
26271,10809.8429,3187.2973
26272,10808.6141,2413.1464
26273,10817.1927,2247.3982
26274,10795.2978,3334.9909
26275,10820.7696,2555.8527
26276,10806.3369,2602.1987
26277,10820.2073,2551.9474
26278,10818.6272,2580.7328
26279,10810.9031,2904.9126
26280,10805.1849,3283.3646
26281,10823.1241,3191.0328
26282,10800.7229,3262.0758
26283,10812.723,3424.8678
26284,10793.4509,3347.6726
26285,10790.083,2770.7375
26286,10798.5897,3429.4308
26287,10827.7457,2985.9376
26288,10827.1714,3458.8719
26289,10819.3453,2697.8425
26290,10819.0544,2396.2023
26291,10791.0178,2697.4335
26292,10836.2069,2357.8609
26293,10817.3808,3025.1353
26294,10804.2875,2773.2532
26295,10836.6912,3212.7618
26296,10846.9123,3365.9089
26297,10804.1343,2777.0018
26298,10831.0054,2996.2535
26299,10813.3806,3295.6445
26300,10802.788,3470.3142
26301,10809.5953,2606.7112
26302,10836.4155,3282.8617
26303,10852.9787,2346.4435
26304,10806.6262,2751.3131
26305,10812.3474,3127.8807
26306,10833.638,2371.7412
26307,10807.1348,2660.5357
26308,10843.9574,3478.4732
26309,10844.4335,2463.4574
26310,10828.6918,2896.8644
26311,10838.7345,2961.2746
26312,10837.3082,3275.3957
26313,10845.5859,2417.2214
26314,10852.3003,2563.8003
26315,10834.9064,3090.673
26316,10864.7925,2707.691
26317,10848.3701,3549.5248
26318,10823.4563,3335.734
26319,10823.7602,2311.364
26320,10862.1713,3288.8995
26321,10869.8643,2399.31
26322,10823.6447,2295.3933
26323,10845.4642,2985.8811
26324,10855.3681,3320.6008
26325,10869.8675,3270.4284
26326,10866.6305,3091.0017
26327,10866.7077,3037.4985
26328,10839.7261,3500.7254
26329,10846.661,3272.0582
26330,10847.9351,2791.4368
26331,10868.3609,3351.7919
26332,10868.8809,2702.2936
26333,10846.564,2427.5556
26334,10846.4366,3333.8978
26335,10862.2335,2802.8595
26336,10883.7262,2890.5515
26337,10882.3022,2434.6522
26338,10884.7539,3373.6296
26339,10857.9525,2380.5211
26340,10889.6723,3180.9782
26341,10853.9941,2941.0721
26342,10847.4248,3193.3427
26343,10864.2149,2886.6255
26344,10886.554,3410.6808
26345,10859.6232,2948.6432
26346,10863.1995,2955.2284
26347,10896.6911,2973.5245
26348,10899.8222,2758.2713
26349,10876.7682,3148.1714
26350,10882.9648,3309.5679
26351,10893.0971,2827.9475
26352,10890.3888,2400.3962
26353,10857.662,3233.8737
26354,10891.89,3263.4753
26355,10856.8191,3558.0622
26356,10865.6744,3012.5618
26357,10857.035,2777.8354
26358,10874.5495,2994.4859
26359,10867.2782,3409.5765
26360,10884.4066,2890.5891
26361,10874.8538,2819.6719
26362,10875.7791,2312.417
26363,10863.5958,3544.0383
26364,10880.8283,2672.8699
26365,10888.7497,2748.3835
26366,10892.5528,3331.0642
26367,10865.5807,2395.2574
26368,10893.8597,3366.9025
26369,10917.6847,2464.6042
26370,10885.7659,3232.5371
26371,10876.2783,2806.0964
26372,10882.0441,3234.0184
26373,10915.7445,2564.7883
26374,10879.7139,2209.7126
26375,10908.58,3276.1985
26376,10890.2478,3460.8125
26377,10925.4908,3417.9379
26378,10899.9561,2426.7948
26379,10883.159,3437.1875
26380,10925.9065,3352.9611
26381,10886.9697,3243.924
26382,10895.5024,3326.0677
26383,10920.7173,2989.7616
26384,10926.9266,3030.6057
26385,10932.7557,3177.5639
26386,10929.0665,3264.1486
26387,10894.2113,2976.0614
26388,10890.294,2905.4171
26389,10925.678,2381.6551
26390,10906.3414,3248.7507
26391,10896.0051,3392.3537
26392,10920.4713,3406.0175
26393,10930.9183,3186.9655
26394,10917.0922,2479.2832
26395,10908.8842,2718.197
26396,10939.7047,3409.0409
26397,10946.9643,2994.2558
26398,10920.4757,3013.0713
26399,10951.4138,3136.6887
26400,10951.7105,2939.826
26401,10950.2697,3110.319
26402,10922.5575,3097.9145
26403,10925.7841,3508.1571
26404,10943.552,2748.2191
26405,10939.9297,3301.4703
26406,10955.0161,3067.9214
26407,10941.6465,3382.0904
26408,10939.2674,2550.4639
26409,10912.7623,3532.0906
26410,10911.4471,3222.6431
26411,10956.5951,3513.3821
26412,10925.1308,2321.8945
26413,10915.8495,3196.8969
26414,10939.1268,2239.3207
26415,10938.8471,3448.0261
26416,10968.4927,3307.8703
26417,10932.2721,2753.0557
26418,10947.6501,3554.9652
26419,10972.6431,2872.6639
26420,10952.2158,3370.7608
26421,10972.7501,2267.1268
26422,10969.0058,3279.5349
26423,10934.4915,3460.1172
26424,10931.6781,3399.6967
26425,10932.748,3266.171
26426,10953.5118,2823.7613
26427,10969.0569,3387.52
26428,10975.6435,2417.5122
26429,10983.1138,2990.1009
26430,10943.3865,3577.6887
26431,10935.5242,2940.8536
26432,10955.3841,2648.466
26433,10967.4583,3588.5838
26434,10948.7463,3271.4018
26435,10981.1211,2305.4257
26436,10961.0521,3457.3252
26437,10952.7803,2809.9642
26438,10989.4566,3410.0528
26439,10972.5418,3099.4478
26440,10977.4602,2892.0349
26441,10982.8452,3476.7818
26442,10949.3031,3504.0862
26443,10963.2066,3356.329
26444,10995.2554,2964.0022
26445,10968.9479,3002.61
26446,10953.2936,3344.5003
26447,10968.9052,3058.6651
26448,11004.1515,3597.3505
26449,10972.7755,3559.8041
26450,10960.8057,3265.6003
26451,10973.5685,3541.9458
26452,10983.6349,2745.0223
26453,10988.7334,2287.5198
26454,10971.915,2577.434
26455,10998.3004,3518.697
26456,11011.1399,3477.1867
26457,11013.5279,3121.7201
26458,11007.1068,2420.183
26459,10990.2058,3246.1229
26460,11001.1143,2494.1591
26461,11001.1064,2357.9298
26462,11005.4947,2750.9981
26463,10993.3521,2450.5964
26464,10987.7993,3357.1373
26465,10971.5998,2313.4437
26466,10995.6368,3590.8899
26467,11027.361,2878.1256
26468,11024.1631,3472.9744
26469,11007.9561,2807.9624
26470,11000.7928,2885.1978
26471,11016.4179,3549.7757
26472,11005.8299,2894.4092
26473,11002.8093,3374.8628
26474,10998.4343,2943.6308
26475,10982.5105,3030.9003
26476,11036.6876,3459.5039
26477,11028.077,2530.6401
26478,10997.2095,3349.6909
26479,11017.9896,2924.1874
26480,11002.6212,2959.2474
26481,10992.1547,2581.5839
26482,10990.8275,3511.0129
26483,11014.492,2345.8585
26484,11008.836,2377.6789
26485,11030.3095,3561.1354
26486,11008.1444,3226.8289
26487,11024.2708,2457.0033
26488,11036.7734,2786.9089
26489,11015.6814,3019.2921
26490,11032.3555,2884.2324
26491,11006.033,2365.5047
26492,11047.7774,3087.5114
26493,11014.5157,2398.8246
26494,11045.4645,2355.2294
26495,11015.8641,3249.5211
26496,11041.625,3368.1566
26497,11056.0085,3279.9002
26498,11036.1349,3255.8331
26499,11048.502,2723.27
26500,11058.3846,2659.151
26501,11025.6192,3289.5204
26502,11058.2779,2279.0636
26503,11064.1225,3378.7708
26504,11027.0596,2776.4621
26505,11052.6035,3545.8207
26506,11044.4164,3391.3427
26507,11019.2272,2835.6821
26508,11028.6622,2986.3893
26509,11019.2355,2377.5374
26510,11044.3557,3207.9942
26511,11073.4562,2256.6164
26512,11046.0402,2245.9356
26513,11050.7318,3277.45
26514,11055.4495,3548.2663
26515,11062.8453,3548.8099
26516,11061.923,2607.6901
26517,11053.2361,3461.0761
26518,11082.187,3368.8728
26519,11071.1238,3444.2025
26520,11050.188,2803.9735
26521,11075.5836,3041.1775
26522,11051.909,2964.3465
26523,11035.7076,2929.218
26524,11069.7929,3596.9948
26525,11070.4582,2545.0542
26526,11046.2628,3594.2643
26527,11058.0222,3188.4836
26528,11077.6827,3226.2078
26529,11043.4578,3364.2621
26530,11069.4525,2667.1303
26531,11091.7416,3025.3707
26532,11065.2667,2744.2655
26533,11086.2492,3267.0409
26534,11059.985,2395.8005
26535,11100.1278,2576.2702
26536,11074.455,3595.3364
26537,11097.0088,2400.47
26538,11087.693,2719.2998
26539,11089.9353,2678.9449
26540,11107.2989,3601.8912
26541,11100.2261,2881.4517
26542,11098.3456,3277.1295
26543,11059.8561,2550.2052
26544,11094.5768,3402.3354
26545,11093.7296,2360.2631
26546,11074.349,3131.5955
26547,11083.9099,2940.9107
26548,11089.2482,2672.3182
26549,11096.0917,3133.5021
26550,11086.9494,2789.3732
26551,11095.1716,2791.4796
26552,11095.6582,2830.5572
26553,11096.9994,3130.2593
26554,11094.1296,2980.5426
26555,11094.8922,3504.552
26556,11084.5299,3305.7944
26557,11106.8704,2444.4069
26558,11078.8283,2582.5181
26559,11122.6766,2757.9265
26560,11092.1388,3614.2059
26561,11098.3325,3380.9634
26562,11080.4586,3459.2024
26563,11112.4088,2896.8786
26564,11085.2373,2627.641
26565,11126.9229,2722.6427
26566,11123.1825,2481.4195
26567,11131.1345,2903.9663
26568,11102.4248,3482.1494
26569,11091.1376,3182.7076
26570,11097.6118,3249.158
26571,11140.7577,2376.7833
26572,11130.3835,2971.6326
26573,11121.176,2617.2901
26574,11109.8173,3614.3245
26575,11143.5524,2635.1846
26576,11115.8834,3296.4282
26577,11120.5102,2923.494
26578,11116.5963,3007.2845
26579,11134.1567,3484.1017
26580,11111.4202,3147.7784
26581,11118.5274,3593.3819
26582,11115.9199,2397.1686
26583,11138.3403,3641.0971
26584,11150.6134,2631.72
26585,11107.7456,2686.8001
26586,11139.0598,2661.435
26587,11126.3736,2394.6052
26588,11143.66,2757.8354
26589,11150.8306,3506.4805
26590,11129.0413,2686.2858
26591,11145.272,3018.7343
26592,11113.5142,2453.5009
26593,11160.7668,2384.6835
26594,11141.8572,3067.286
26595,11123.4645,2916.4247
26596,11158.2815,2660.6717
26597,11144.8054,3609.6569
26598,11171.3883,3577.8119
26599,11170.5303,2915.7098
26600,11159.0922,3038.5081
26601,11131.2002,3095.5374
26602,11125.6075,2736.7061
26603,11127.6692,3648.834
26604,11144.4719,2514.3608
26605,11133.7541,2801.2638
26606,11174.0699,3531.7179
26607,11131.1874,2410.7996
26608,11155.6376,3033.8095
26609,11182.2326,2506.4149
26610,11142.8454,2790.1033
26611,11151.7143,3513.6219
26612,11153.6458,3455.1836
26613,11169.3669,2747.6606
26614,11172.1034,3519.2289
26615,11183.7979,3396.1419
26616,11149.6124,3259.6658
26617,11158.8719,3098.9246
26618,11159.0288,3219.3857
26619,11145.6248,3440.3079
26620,11171.3315,2546.4987
26621,11178.1693,3635.7425
26622,11162.6043,3548.1822
26623,11190.8777,2977.0636
26624,11175.4669,2498.3888
26625,11166.3785,2824.8295
26626,11203.5435,3265.4893
26627,11198.9688,2937.3685
26628,11187.6119,3459.1549
26629,11169.9484,2960.9154
26630,11168.8465,2482.7937
26631,11182.327,3578.1125
26632,11201.6266,3556.4091
26633,11176.3952,2738.8032
26634,11173.5026,3642.2433
26635,11213.0377,3417.7229
26636,11206.394,3656.9862
26637,11200.9656,3449.3659
26638,11165.4795,3440.963
26639,11164.1091,3330.6167
26640,11176.6268,3271.3561
26641,11214.1972,3062.6103
26642,11208.69,3267.7413
26643,11185.2777,3636.3789
26644,11178.8518,2982.7192
26645,11184.3089,2892.5118
26646,11225.8601,2704.7842
26647,11217.7601,2317.2112
26648,11184.394,3628.8356
26649,11205.5459,2763.5853
26650,11175.1414,3254.3007
26651,11181.5572,3318.1976
26652,11232.0778,3508.0935
26653,11190.7047,2816.3741
26654,11180.8148,3409.0238
26655,11191.1796,2352.8967
26656,11182.1826,2647.8241
26657,11201.4643,2885.9205
26658,11195.1669,2771.8266
26659,11208.6053,3139.6936
26660,11205.6028,3439.8403
26661,11197.4885,3039.1384
26662,11240.7504,2785.8486
26663,11189.5472,3361.9875
26664,11244.463,2797.9703
26665,11225.9947,3326.7468
26666,11236.6148,2540.0661
26667,11194.2739,2366.8079
26668,11196.3547,2901.4619
26669,11246.0312,2390.8094
26670,11229.3888,2668.2145
26671,11247.4891,3273.8759
26672,11254.3887,3497.4912
26673,11237.509,2284.3825
26674,11233.4069,2461.1573
26675,11243.2601,2376.2923
26676,11258.6306,3499.9121
26677,11219.5039,2894.833
26678,11251.1659,3670.5926
26679,11210.2345,3296.0839
26680,11214.3104,3497.283
26681,11248.8873,3601.2609
26682,11221.1759,2579.7905
26683,11218.1812,3224.1638
26684,11248.335,3161.3616
26685,11245.6897,2994.9645
26686,11268.1162,2307.774
26687,11233.8509,3122.2104
26688,11217.8003,2918.7459
26689,11254.6304,3186.3721
26690,11262.4623,3111.8333
26691,11255.9933,2461.4574
26692,11255.7036,2652.1204
26693,11274.9174,2709.3667
26694,11242.6491,3483.336
26695,11238.3911,3206.2589
26696,11252.3747,2470.6839
26697,11233.323,2384.9858
26698,11231.6796,2888.8523
26699,11247.0438,3049.5027
26700,11267.4311,3566.8207
26701,11284.6051,2793.5366
26702,11277.3785,3603.8881
26703,11272.1449,3381.6364
26704,11237.8874,3687.3499
26705,11254.3631,2499.4338
26706,11248.2949,3213.3983
26707,11290.3763,3286.7008
26708,11282.1769,3336.3007
26709,11276.3434,3356.4654
26710,11292.6561,3266.1522
26711,11284.2446,3193.7489
26712,11270.4489,3436.7411
26713,11293.9827,3083.0145
26714,11267.2921,3638.5162
26715,11292.1327,2370.1373
26716,11246.4053,3492.1368
26717,11252.8556,3679.1562
26718,11298.7628,3509.4096
26719,11291.3111,2368.0267
26720,11299.4694,3094.566
26721,11276.5575,2930.3177
26722,11302.7804,3579.2059
26723,11309,3232.238
26724,11290.7618,3020.2875
26725,11271.431,3407.7853
26726,11304.0804,2418.1107
26727,11301.6651,3514.2133
26728,11280.0251,2505.1833
26729,11300.5495,3025.0371
26730,11262.8359,2508.6746
26731,11268.1376,3617.224
26732,11311.9066,2578.9608
26733,11311.373,3609.1324
26734,11267.9092,3105.5613
26735,11319.0432,3442.5783
26736,11283.6562,3126.7535
26737,11282.1228,2354.5515
26738,11286.7685,3645.4915
26739,11298.28,2448.3887
26740,11299.0159,3016.2112
26741,11318.3835,3058.432
26742,11284.4701,3617.4132
26743,11310.1484,3013.2849
26744,11328.6316,2985.3632
26745,11331.1984,3307.8922
26746,11292.0301,3565.223
26747,11317.3254,2360.834
26748,11323.8459,2416.4068
26749,11303.0963,2748.981
26750,11317.6984,3477.6681
26751,11319.4368,2353.9166
26752,11338.9275,3333.719
26753,11292.6693,2408.231
26754,11306.4894,3434.6801
26755,11332.3053,2649.377
26756,11338.2613,2795.6451
26757,11322.1911,2490.9878
26758,11299.3129,3179.1736
26759,11307.9708,3018.5533
26760,11322.8203,2946.4808
26761,11302.1301,2823.6104
26762,11341.2978,3235.1016
26763,11331.6738,2316.6501
26764,11303.634,3661.753
26765,11302.7979,2630.7394
26766,11342.2117,3687.7326
26767,11320.6798,2368.272
26768,11316.2148,3098.0291
26769,11325.165,3378.9128
26770,11306.6705,3239.9145
26771,11340.1478,2437.8553
26772,11319.2286,3212.0996
26773,11354.0434,2422.0362
26774,11326.7941,3450.6064
26775,11341.022,3277.7289
26776,11311.8038,2902.6697
26777,11356.8831,3311.8948
26778,11332.4368,3655.505
26779,11353.429,3220.8415
26780,11357.7066,2316.6056
26781,11361.7958,2652.8354
26782,11345.547,2309.3692
26783,11348.1292,2344.7682
26784,11355.659,3216.418
26785,11333.6381,2952.0879
26786,11338.8423,3364.1514
26787,11346.7985,3271.4978
26788,11358.5046,3366.7298
26789,11349.2799,2335.667
26790,11377.1662,3297.439
26791,11342.8641,3155.2924
26792,11362.5463,3136.3221
26793,11370.4269,3231.3113
26794,11380.1412,3072.0198
26795,11335.5901,3057.8847
26796,11353.4156,3504.8877
26797,11338.0015,3055.8212
26798,11346.5595,3554.1668
26799,11350.1802,3012.7598
26800,11335.4865,3477.545
26801,11389.0952,3319.0358
26802,11360.8031,3509.2906
26803,11377.4536,2835.263
26804,11357.8411,2629.4409
26805,11348.4668,3485.034
26806,11393.5521,2840.1149
26807,11396.9869,3346.9686
26808,11357.4743,2926.6556
26809,11371.9298,3428.75
26810,11378.0764,2664.9532
26811,11369.9126,2910.8405
26812,11359.0882,2842.2307
26813,11378.8802,2590.661
26814,11355.8533,2875.0239
26815,11376.086,2881.6043
26816,11368.9452,3421.8797
26817,11364.0678,3254.8696
26818,11401.3287,3325.4577
26819,11399.1648,3341.5086
26820,11357.9403,3023.4807
26821,11393.5059,2379.7041
26822,11410.5749,3712.4811
26823,11376.8465,2759.577
26824,11372.1974,2674.0919
26825,11385.8179,3711.7227
26826,11374.3213,2331.2526
26827,11412.091,2522.362
26828,11366.8343,3251.9875
26829,11363.5394,3454.0559
26830,11381.6714,3524.9769
26831,11401.1724,2666.0069
26832,11412.6237,3168.9357
26833,11366.9946,3218.1292
26834,11406.3824,2805.8796
26835,11415.3385,3500.067
26836,11407.2338,3294.9557
26837,11393.9949,2997.5972
26838,11372.0845,3650.9806
26839,11394.2337,3354.1942
26840,11420.6751,3583.3626
26841,11398.0676,3179.1443
26842,11403.7439,3174.7738
26843,11379.391,2993.2005
26844,11417.4649,3563.4023
26845,11430.3474,3727.6317
26846,11432.4312,3373.4466
26847,11422.5309,3485.4003
26848,11419.9428,2535.6298
26849,11385.4884,3244.9045
26850,11383.6401,2667.0731
26851,11426.4501,2919.6504
26852,11385.4612,3260.8608
26853,11395.9321,3406.279
26854,11392.4765,2368.1215
26855,11439.6893,3193.297
26856,11411.5755,2348.8287
26857,11409.0365,3696.7111
26858,11425.7421,2475.014
26859,11395.7067,3615.2924
26860,11411.966,3056.6247
26861,11418.4154,3271.6535
26862,11410.0361,2446.2638
26863,11442.2081,2773.0583
26864,11430.7543,2427.7058
26865,11433.828,2865.8013
26866,11423.524,2527.4532
26867,11433.9639,3448.4416
26868,11422.2486,2544.9135
26869,11443.1462,2465.2845
26870,11414.5268,2924.8815
26871,11438.8183,3639.476
26872,11411.9339,3566.4112
26873,11405.247,3163.0556
26874,11462.1151,2752.991
26875,11426.3654,3306.2977
26876,11451.7462,2733.5277
26877,11410.4636,3633.6661
26878,11423.3747,2496.8974
26879,11456.1719,3189.302
26880,11466.6584,3505.886
26881,11419.7417,2335.5846
26882,11440.8497,3260.4379
26883,11425.3332,3732.3076
26884,11451.4984,3287.3995
26885,11472.2477,2491.6341
26886,11463.2136,2846.6322
26887,11427.9064,3663.0847
26888,11424.2413,3492.0972
26889,11430.6538,3642.2138
26890,11421.8737,3405.8946
26891,11443.8963,3141.4557
26892,11465.8688,2731.0982
26893,11479.0637,2701.4153
26894,11448.7855,2535.8708
26895,11439.5645,3578.6635
26896,11438.0157,2504.0507
26897,11472.8228,2617.6163
26898,11452.6206,2539.5126
26899,11447.6181,2453.4919
26900,11446.7545,3207.6339
26901,11488.3973,2535.7494
26902,11468.4665,3335.1483
26903,11446.6189,3759.2155
26904,11438.165,3261.2492
26905,11469.7457,2714.3781
26906,11456.2024,3079.3695
26907,11447.4112,3350.867
26908,11492.2205,3538.5588
26909,11447.0422,2542.4234
26910,11496.4206,3201.2394
26911,11478.3563,2951.0401
26912,11446.7039,3617.4717
26913,11453.2473,2833.7095
26914,11478.4302,2900.7136
26915,11471.8066,3316.4461
26916,11447.8592,2791.9308
26917,11467.7989,3080.1828
26918,11483.066,3254.6405
26919,11483.6978,2726.9053
26920,11457.2628,2980.0373
26921,11496.7756,3283.8717
26922,11464.9286,2632.0811
26923,11498.3876,3535.4421
26924,11479.43,3308.9376
26925,11480.679,3282.4073
26926,11485.4056,2750.0205
26927,11454.7104,2356.0591
26928,11465.8703,3084.6384
26929,11469.1366,2343.9536
26930,11495.1894,3088.0055
26931,11495.6159,2814.0363
26932,11513.7854,3374.7467
26933,11507.3555,3755.0006
26934,11466.8777,3489.1477
26935,11481.9334,2806.8695
26936,11502.2309,3169.0657
26937,11491.964,2895.6904
26938,11481.2935,3652.4614
26939,11493.2006,3588.2286
26940,11506.091,3108.2108
26941,11473.5549,3033.9229
26942,11496.5024,3336.0223
26943,11515.5599,2907.7182
26944,11470.2914,3356.4629
26945,11481.5013,2905.9369
26946,11517.4036,2468.3506
26947,11523.0996,2558.7663
26948,11496.3524,2997.3693
26949,11494.7107,3609.6746
26950,11519.7831,2458.836
26951,11495.4029,3361.0682
26952,11508.712,3445.5626
26953,11499.1829,3327.9226
26954,11488.3389,3170.183
26955,11534.5122,2759.3204
26956,11535.643,3624.2729
26957,11516.0844,3086.3608
26958,11514.5416,2643.4992
26959,11484.6766,3101.7236
26960,11531.0253,3169.6133
26961,11485.0744,3164.1682
26962,11523.2881,3777.0349
26963,11504.2559,2569.2755
26964,11497.8708,3422.4613
26965,11498.9463,3573.4848
26966,11503.4663,2864.1348
26967,11529.3695,3509.024
26968,11533.9066,2587.0919
26969,11496.0752,2350.2209
26970,11508.8105,3382.4001
26971,11546.8845,2944.7717
26972,11531.4339,2996.7808
26973,11505.272,3158.1567
26974,11514.2946,3119.6509
26975,11549.2253,2880.295
26976,11519.0235,3276.2376
26977,11532.6843,3459.1694
26978,11511.9903,3447.0521
26979,11535.2121,3268.9652
26980,11509.4858,2913.8595
26981,11507.3944,3340.7575
26982,11509.3196,2435.0457
26983,11559.1912,3165.1867
26984,11516.3915,3331.7927
26985,11535.0767,2456.4877
26986,11508.5777,2918.7129
26987,11544.9076,2718.8229
26988,11525.5416,2915.4605
26989,11557.4462,2554.6868
26990,11552.3451,2778.8233
26991,11527.0863,2929.5754
26992,11512.5151,3483.8469
26993,11520.6221,3320.9733
26994,11535.6123,3585.9818
26995,11512.2276,2486.0706
26996,11559.7061,2528.4126
26997,11547.3771,2638.6643
26998,11549.2838,3718.4984
26999,11541.2783,3139.2709
27000,11561.3641,3325.9322
27001,11540.2152,3325.9315
27002,11570.9443,2785.3807
27003,11567.9625,2701.5465
27004,11574.6176,3178.7904
27005,11527.422,3137.2147
27006,11523.7203,2565.8337
27007,11528.1121,2578.9554
27008,11561.171,3435.6296
27009,11525.8592,3350.8611
27010,11547.2089,2691.6491
27011,11563.1623,3007.5672
27012,11535.3649,3100.2454
27013,11531.2629,3071.9372
27014,11539.1878,3004.089
27015,11527.964,2433.8789
27016,11582.7449,2634.9167
27017,11533.367,3287.5642
27018,11552.2146,2589.3941
27019,11565.6682,2353.3289
27020,11550.4074,3740.8447
27021,11558.5431,2369.5799
27022,11576.0616,2871.6972
27023,11550.5565,3629.2157
27024,11586.867,2876.329
27025,11539.3372,3714.9628
27026,11536.5636,3400.8234
27027,11551.8353,2358.0186
27028,11541.8694,3147.9441
27029,11570.3631,3406.1542
27030,11586.2067,3726.572
27031,11596.2886,2402.7471
27032,11577.7122,3230.7565
27033,11568.775,2505.8822
27034,11594.6244,3359.7868
27035,11578.5932,3385.5303
27036,11557.0091,3725.9452
27037,11584.2766,3179.7302
27038,11582.9052,3248.0737
27039,11551.8363,2850.9055
27040,11549.9899,2901.9572
27041,11562.2784,3799.1348
27042,11597.156,2716.7278
27043,11551.7543,3336.9747
27044,11588.2405,3655.192
27045,11592.6501,2510.9966
27046,11605.2646,2404.1233
27047,11566.5257,2401.987
27048,11556.0584,2752.6889
27049,11588.3071,3540.1828
27050,11574.187,3712.9205
27051,11566.5039,3561.8407
27052,11555.3837,2655.301
27053,11596.586,3116.0569
27054,11593.5728,3524.7382
27055,11566.12,3054.5999
27056,11608.8771,2568.446
27057,11595.8551,3446.371
27058,11562.1079,2807.3182
27059,11595.1472,3218.2826
27060,11571.0904,3698.4205
27061,11590.2606,3075.2802
27062,11593.2437,3278.3249
27063,11577.6894,3101.6094
27064,11599.4808,2614.6951
27065,11614.0518,2890.5399
27066,11578.2585,3378.8784
27067,11610.0272,3486.2265
27068,11588.7441,3782.0881
27069,11582.612,2642.8567
27070,11611.7644,3216.3903
27071,11604.3046,3210.0542
27072,11608.3767,3045.8412
27073,11618.9255,2509.0889
27074,11605.6471,3218.7754
27075,11600.7426,2926.1527
27076,11605.0446,2733.8123
27077,11572.3089,3712.0465
27078,11619.9973,2929.9982
27079,11598.609,3708.9797
27080,11574.9969,2686.6462
27081,11624.6884,3179.6792
27082,11611.6131,2582.213
27083,11595.3471,2719.5685
27084,11581.9035,2476.8881
27085,11596.8702,2881.2948
27086,11616.8134,3163.7108
27087,11610.6514,2849.4502
27088,11628.4834,2429.8339
27089,11593.9783,3734.6038
27090,11631.6671,2897.0386
27091,11602.547,3263.7289
27092,11604.737,3059.1941
27093,11616.9564,3670.9481
27094,11619.9737,2653.641
27095,11632.3903,3078.4878
27096,11604.2835,2403.4898
27097,11603.5399,2590.1133
27098,11589.25,3382.1599
27099,11623.7688,2708.1696
27100,11618.852,3145.6541
27101,11624.4059,3398.4702
27102,11604.6115,3735.4162
27103,11602.2296,2398.8806
27104,11604.9725,3350.8976
27105,11622.138,2519.8793
27106,11635.2808,3491.4641
27107,11645.1696,3531.0722
27108,11645.6417,3466.0054
27109,11628.1222,3334.0389
27110,11617.7657,3532.7695
27111,11636.6738,3151.0644
27112,11633.3003,3383.3479
27113,11625.6135,2797.7165
27114,11627.9573,3561.8205
27115,11624.4318,3584.5289
27116,11606.7102,2713.0636
27117,11600.7945,2595.2674
27118,11639.3335,2596.6878
27119,11619.2969,2410.4739
27120,11635.2836,3465.3256
27121,11657.1436,2865.4259
27122,11605.9983,3455.3491
27123,11616.2791,3009.9314
27124,11631.202,3791.5866
27125,11655.6453,3486.6753
27126,11615.021,2611.4471
27127,11616.2438,3191.6959
27128,11631.6066,2847.2706
27129,11641.3663,3184.7128
27130,11630.1526,3690.5186
27131,11648.5134,3742.6491
27132,11646.0813,3707.1263
27133,11613.588,3454.6603
27134,11614.505,2485.1066
27135,11660.8492,2642.5322
27136,11646.3288,2812.0044
27137,11659.7928,2951.4516
27138,11621.0267,3706.1847
27139,11640.8595,3717.3557
27140,11648.9645,3663.4045
27141,11613.1047,2487.7441
27142,11656.0258,3579.2312
27143,11637.5207,2425.1643
27144,11657.2568,3742.836
27145,11670.6694,2976.2647
27146,11670.187,2471.359
27147,11649.8317,3731.7865
27148,11643.2588,2989.4724
27149,11618.4198,3026.0827
27150,11671.352,3375.6941
27151,11626.6147,3004.6411
27152,11625.7422,3033.364
27153,11656.5683,2954.9767
27154,11632.4556,3112.4648
27155,11652.5674,2379.2059
27156,11627.8478,2706.6755
27157,11640.3708,3448.1177
27158,11625.0215,2809.1933
27159,11641.538,2867.3921
27160,11654.3801,3145.5508
27161,11675.1555,2619.618
27162,11675.8902,2400.5967
27163,11634.8558,3086.9332
27164,11654.9512,2471.144
27165,11668.1081,3383.1144
27166,11628.1312,2474.8449
27167,11634.3087,3809
27168,11663.477,2656.5108
27169,11647.6882,3278.7764
27170,11660.0255,2383.4623
27171,11680.7879,2797.1742
27172,11641.4479,3319.5585
27173,11649.1172,3194.0185
27174,11635.2326,2668.939
27175,11638.6105,2459.9203
27176,11676.7485,3054.6664
27177,11666.9711,3196.8714
27178,11649.9593,3697.3502
27179,11681.586,3292.8812
27180,11657.3391,3082.1102
27181,11638.5847,3550.9479
27182,11650.5956,3461.6119
27183,11664.3339,2697.3353
27184,11667.5468,2616.8685
27185,11638.7111,3433.7867
27186,11684.7213,2779.4086
27187,11654.9298,3324.8779
27188,11691.2591,2536.1204
27189,11671.3971,2579.004
27190,11693.2688,3057.1874
27191,11658.0488,2733.61
27192,11646.8514,3151.1576
27193,11677.5415,3340.1641
27194,11644.9912,3618.8692
27195,11680.7913,3700.0101
27196,11693.4282,2590.7554
27197,11645.0602,3569.3787
27198,11671.918,3008.304
27199,11661.3501,2788.6387
27200,11673.4124,3718.7858
27201,11670.2062,3380.8645
27202,11661.0279,3327.6304
27203,11691.1296,3484.7914
27204,11658.6834,2477.4887
27205,11666.5296,2825.6052
27206,11653.6714,3094.1301
27207,11675.9025,3606.928
27208,11663.7991,3655.8665
27209,11663.9704,3660.6522
27210,11687.0828,3295.4454
27211,11695.551,3067.9595
27212,11668.2791,2971.211
27213,11705.568,3664.4028
27214,11705.2517,3133.5509
27215,11678.2983,2636.1304
27216,11658.114,3790.9658
27217,11681.4415,2853.4391
27218,11664.4067,3240.952
27219,11674.5134,3639.5944
27220,11657.8815,2998.6089
27221,11707.9639,3538.4066
27222,11705.3709,3826.2061
27223,11683.9275,2536.0522
27224,11687.9501,3572.2537
27225,11672.1729,2857.844
27226,11679.0827,2400.0463
27227,11662.511,3177.9049
27228,11666.1558,3534.4631
27229,11678.512,2737.0905
27230,11711.6237,3456.0139
27231,11714.3099,2433.6816
27232,11703.3029,3611.3258
27233,11699.4045,3551.9674
27234,11707.6591,3480.9977
27235,11663.5894,3753.4287
27236,11680.8491,2497.6516
27237,11667.8863,3175.0009
27238,11721.0467,2815.5888
27239,11668.1336,3315.6086
27240,11680.644,3034.9637
27241,11692.4341,2635.2456
27242,11700.741,3563.0258
27243,11707.6689,2665.8146
27244,11683.9144,3379.2564
27245,11671.5292,2737.6854
27246,11675.7297,3706.8033
27247,11681.7257,3061.2311
27248,11672.4326,2564.4635
27249,11712.908,3342.5469
27250,11716.0449,3058.2668
27251,11690.3854,3713.9254
27252,11715.6395,3646.2009
27253,11690.29,3237.1181
27254,11698.0469,2433.493
27255,11725.8857,2833.4361
27256,11686.7883,3641.057
27257,11728.344,3824.5157
27258,11723.6569,3568.5803
27259,11726.9185,3364.6595
27260,11731.4074,3429.8359
27261,11692.2892,3412.7303
27262,11689.2795,3664.7752
27263,11697.4369,3356.53
27264,11710.867,2975.3641
27265,11691.928,3664.2772
27266,11728.6276,3440.7229
27267,11729.8038,2450.7516
27268,11708.9809,3562.8257
27269,11688.7181,2553.3329
27270,11726.7619,3038.9501
27271,11701.1718,2883.1399
27272,11731.4486,2771.5072
27273,11684.6729,2776.8051
27274,11680.4832,3277.991
27275,11707.2122,3205.8603
27276,11695.9438,3358.6541
27277,11712.7647,3312.6868
27278,11695.2031,3158.4121
27279,11695.3459,2680.4664
27280,11694.3214,3494.4016
27281,11727.3415,2685.2243
27282,11708.5602,2507.3097
27283,11729.1682,3227.413
27284,11708.2038,2792.6348
27285,11701.9645,3385.9878
27286,11730.2882,2437.0478
27287,11723.0291,3449.1513
27288,11741.9977,3425.3485
27289,11686.7528,2991.8809
27290,11713.4364,2901.0791
27291,11736.7944,3625.0395
27292,11738.1887,3189.7368
27293,11719.5007,2499.8174
27294,11716.6536,3423.0247
27295,11720.7949,3271.8783
27296,11691.4535,3813.5074
27297,11731.3463,2842.8758
27298,11724.4373,2826.1688
27299,11706.7327,2480.3659
27300,11713.8514,3027.6231
27301,11698.4762,2967.8904
27302,11714.8579,2726.0115
27303,11736.463,3164.0667
27304,11737.9818,3239.9536
27305,11697.1272,2639.5672
27306,11737.2284,2742.8142
27307,11716.7487,3446.93
27308,11710.8357,3398.7022
27309,11695.1597,3745.1047
27310,11740.7277,3626.2259
27311,11735.3511,2856.516
27312,11713.1151,2664.069
27313,11728.2951,3040.7317
27314,11730.7395,3720.4757
27315,11708.0062,3799.9966
27316,11724.6746,2957.9833
27317,11726.3213,3460.3598
27318,11730.7452,2860.8514
27319,11713.6381,3774.6491
27320,11739.0604,2957.9472
27321,11751.6005,2704.1556
27322,11708.5276,2618.6448
27323,11708.6448,2568.1857
27324,11722.3702,2410.284
27325,11730.0568,3537.116
27326,11755.416,3683.9737
27327,11733.179,2456.954
27328,11718.4643,3372.5413
27329,11723.9311,2804.5218
27330,11718.0987,3105.4931
27331,11760.8927,3338.8883
27332,11717.6498,3619.0322
27333,11741.1059,3796.8633
27334,11720.7716,3418.0165
27335,11717.4861,3096.9368
27336,11754.1212,2511.8029
27337,11723.9618,3412.6097
27338,11763.9781,2689.1488
27339,11748.2317,2542.9986
27340,11736.7787,3734.7995
27341,11759.1313,3834.1308
27342,11761.49,3252.3692
27343,11710.1378,3575.1626
27344,11755.2187,3183.6816
27345,11738.3384,3672.6589
27346,11733.4737,2928.2892
27347,11744.2009,3380.418
27348,11727.3897,3823.1855
27349,11717.2323,3061.682
27350,11718.9748,3676.0586
27351,11746.5776,3780.5333
27352,11754.3626,2476.6026
27353,11762.2062,3793.0731
27354,11759.5529,3246.1036
27355,11746.0762,2984.4963
27356,11758.9594,2853.8355
27357,11730.487,2672.3382
27358,11747.9594,2852.7016
27359,11736.7629,3422.8776
27360,11767.0105,3586.1079
27361,11732.801,3073.192
27362,11739.5594,2880.5771
27363,11738.2954,3280.312
27364,11759.8178,2574.9883
27365,11743.0831,3048.3163
27366,11757.8216,2493.8822
27367,11743.6415,3579.1897
27368,11732.1791,2845.7724
27369,11724.5744,3170.1896
27370,11742.1554,3567.8921
27371,11749.5702,2882.8708
27372,11762.8939,2984.4911
27373,11769.0204,3641.9909
27374,11774.6432,3478.6012
27375,11763.867,2499.0378
27376,11772.7977,3290.8039
27377,11754.5361,3192.8208
27378,11771.6933,2588.7602
27379,11764.2995,3824.6283
27380,11727.6355,2563.4203
27381,11722.43,3030.3763
27382,11750.381,3182.3406
27383,11723.7271,3387.9571
27384,11777.2749,3111.0189
27385,11746.1637,2798.1374
27386,11754.3722,2666.5601
27387,11764.8452,2892.9838
27388,11745.1119,3281.7063
27389,11728.7081,3636.2177
27390,11767.9125,3467.5592
27391,11727.7374,3140.6873
27392,11778.9009,3051.344
27393,11778.6511,2521.3422
27394,11773.3918,2687.4625
27395,11777.8092,2874.0188
27396,11739.9092,3100.221
27397,11726.8855,3294.6296
27398,11757.1809,3576.7772
27399,11734.3185,3644.901
27400,11743.6384,3835.5038
27401,11750.7326,3445.5765
27402,11736.0499,3064.8817
27403,11731.4334,2386.1692
27404,11752.6411,2401.4384
27405,11770.9024,3479.9945
27406,11774.9538,3505.8003
27407,11739.5257,3507.8237
27408,11738.2768,3853.9566
27409,11765.9791,2899.3881
27410,11776.6656,3748.1899
27411,11761.8259,3627.5182
27412,11778.1088,2403.4481
27413,11771.5052,3816.9505
27414,11747.5378,3431.0647
27415,11762.7227,3205.8106
27416,11748.1966,3557.142
27417,11778.7107,3524.3614
27418,11760.06,3803.2991
27419,11762.1609,3570.8588
27420,11737.6455,2818.3341
27421,11755.4768,2670.1601
27422,11744.1599,2727.9265
27423,11765.3993,3320.1805
27424,11782.2041,3725.7255
27425,11785.9532,3374.0316
27426,11766.2516,3763.2107
27427,11784.9843,3115.4925
27428,11778.165,3435.0719
27429,11776.2728,3632.4488
27430,11789.6446,2741.6108
27431,11748.2058,2975.8295
27432,11764.4058,2981.3795
27433,11748.3178,2509.6727
27434,11790.2126,2524.6208
27435,11740.4107,3359.6167
27436,11780.9722,2556.1595
27437,11793.0419,3853.1661
27438,11751.6529,2521.4938
27439,11773.4081,2453.7521
27440,11793.6472,3357.7491
27441,11741.1723,2419.5646
27442,11774.7298,2862.7196
27443,11743.0914,3187.1136
27444,11791.6687,3414.0704
27445,11772.9759,2955.2591
27446,11790.0639,3646.802
27447,11767.3726,3670.5021
27448,11797.3811,2520.1073
27449,11776.274,3262.5039
27450,11795.4623,3256.4956
27451,11767.0871,3304.3251
27452,11790.6186,2798.9365
27453,11757.4697,2881.7241
27454,11773.2868,2975.5975
27455,11758.0333,3147.0695
27456,11802.0334,2701.3664
27457,11752.2223,3862.6449
27458,11790.3318,2730.6356
27459,11769.3075,3659.3652
27460,11753.135,2707.5127
27461,11785.0523,3510.3971
27462,11767.0932,3527.5319
27463,11749.6754,3798.6666
27464,11780.5451,2633.5628
27465,11748.9481,3597.7423
27466,11767.1384,2944.7032
27467,11769.348,3301.8076
27468,11792.6008,2808.3095
27469,11751.8802,3107.5425
27470,11775.5598,3726.7953
27471,11759.7431,3273.9756
27472,11785.3298,2468.7908
27473,11793.9615,3392.5778
27474,11765.4319,3345.4995
27475,11767.3358,3472.4061
27476,11805.9075,3399.7966
27477,11794.0061,2451.0607
27478,11797.7642,2488.9914
27479,11791.9115,2820.8482
27480,11781.6375,3838.3278
27481,11762.7323,2530.8882
27482,11764.7008,3733.7656
27483,11782.0173,3431.7381
27484,11759.3351,2550.7257
27485,11771.3764,2435.6788
27486,11782.4381,2906.1338
27487,11791.6018,2845.6765
27488,11756.6892,3534.849
27489,11776.7636,3394.5001
27490,11807.4977,3839.154
27491,11764.9562,2581.292
27492,11794.4079,2712.2903
27493,11812.8719,2781.8633
27494,11795.8069,3382.1345
27495,11787.823,3740.8085
27496,11779.6458,3183.2079
27497,11783.3297,3614.3153
27498,11763.265,2564.5356
27499,11802.778,3332.4375
27500,11805.7549,2733.8199
27501,11766.3442,3482.2433
27502,11807.4916,2812.7601
27503,11760.9358,2573.9281
27504,11759.6185,2927.4993
27505,11766.7919,3527.8086
27506,11790.4743,3264.2675
27507,11772.4294,2887.7865
27508,11791.9491,3076.2041
27509,11808.9862,3243.6892
27510,11765.501,3473.7857
27511,11815.0552,3574.8318
27512,11773.3957,3859.4076
27513,11808.4536,3600.3067
27514,11786.087,2742.354
27515,11775.1778,3385.7974
27516,11805.2148,3305.8892
27517,11785.8289,3553.9729
27518,11801.1061,3809.0746
27519,11785.2119,3235.775
27520,11814.8513,3033.8748
27521,11792.0345,3222.8805
27522,11793.8648,2748.0914
27523,11819.192,2571.5012
27524,11815.8601,3843.169
27525,11817.7534,3140.0873
27526,11815.2378,3707.4547
27527,11811.8125,3528.9609
27528,11800.6537,2509.4372
27529,11782.066,3610.619
27530,11813.5968,3494.2944
27531,11783.0571,2641.8635
27532,11777.3309,3144.5976
27533,11790.7587,2927.336
27534,11780.66,3697.3428
27535,11788.1047,3279.2445
27536,11779.7784,2718.8271
27537,11818.6208,3361.9813
27538,11786.1429,2602.5836
27539,11787.6524,3690.1334
27540,11807.8656,3262.0913
27541,11805.0332,2692.9199
27542,11783.0878,3264.3586
27543,11775.6004,2760.9633
27544,11824.421,3592.1051
27545,11785.3132,2941.5159
27546,11794.3697,3129.7374
27547,11815.4265,3011.4219
27548,11809.4524,3475.1789
27549,11776.6689,3271.3287
27550,11807.7612,2613.0381
27551,11768.2249,3060.4948
27552,11797.9943,3790.4929
27553,11805.1285,3642.3569
27554,11811.6056,3856.7384
27555,11812.4093,3693.3314
27556,11806.3654,2525.7858
27557,11815.8027,3649.1435
27558,11769.8421,2407.5581
27559,11792.8133,3664.9511
27560,11823.988,3439.5543
27561,11807.4633,2608.4567
27562,11818.3506,2815.3567
27563,11782.182,2751.8231
27564,11803.965,3674.6008
27565,11801.696,3466.9354
27566,11775.8524,3119.9241
27567,11791.7402,2754.7325
27568,11771.4639,2885.2945
27569,11813.6401,3556.3463
27570,11809.8232,3172.2191
27571,11780.189,3313.9372
27572,11794.3957,3625.3589
27573,11786.0025,2582.8452
27574,11775.9866,2396.8164
27575,11819.8351,3835.0709
27576,11822.5707,3259.6048
27577,11789.5791,2794.7634
27578,11831.835,2551.7042
27579,11822.8339,2840.2074
27580,11821.8087,3822.674
27581,11815.3024,3702.9331
27582,11789.9213,3807.8459
27583,11811.6765,3294.1644
27584,11781.9535,2645.6244
27585,11812.3855,3419.5653
27586,11833.8684,3200.2838
27587,11776.0902,3316.9817
27588,11818.6926,3000.5808
27589,11829.3095,3183.2665
27590,11803.9205,3463.1073
27591,11825.8637,3634.9125
27592,11805.058,3216.6726
27593,11823.4326,3163.6189
27594,11814.1375,2758.8231
27595,11824.7246,3739.8514
27596,11799.0552,2634.3391
27597,11787.9559,2863.6737
27598,11778.6268,3624.5056
27599,11831.5418,3040.5177
27600,11780.7244,3365.088
27601,11804.0165,2721.1317
27602,11832.2923,3263.0365
27603,11795.5283,2910.5013
27604,11780.1551,3253.7004
27605,11794.1508,3061.0705
27606,11795.8854,3026.7673
27607,11819.6152,2891.8062
27608,11807.7577,3573.8165
27609,11810.0571,3473.3999
27610,11795.0584,3226.1536
27611,11823.812,3275.1104
27612,11790.0226,3003.2581
27613,11807.5391,3245.5596
27614,11819.6291,3145.9156
27615,11839.3487,2793.9902
27616,11783.2597,3413.9328
27617,11782.4858,3644.1429
27618,11789.4932,3581.2254
27619,11793.9296,2885.19
27620,11835.912,3157.5811
27621,11827.8599,3004.4471
27622,11804.9787,2838.9004
27623,11829.5225,3565.4682
27624,11833.6758,3470.6653
27625,11813.241,3371.1843
27626,11836.5868,2653.6391
27627,11799.8706,3758.9835
27628,11808.7157,3260.1543
27629,11833.0661,3753.1433
27630,11808.2669,3178.4518
27631,11788.0425,2903.9371
27632,11803.6776,3751.6863
27633,11827.0605,2759.9308
27634,11837.6645,3594.5815
27635,11830.8039,3053.4776
27636,11807.3935,3196.4551
27637,11791.8775,3471.038
27638,11800.4703,2813.9296
27639,11837.4041,2765.2193
27640,11822.9163,3564.075
27641,11789.3002,3736.8818
27642,11829.1025,3273.5875
27643,11798.1341,2899.5102
27644,11843.2318,3747.0359
27645,11842.2261,2733.0769
27646,11819.5101,2441.8348
27647,11799.5078,3631.7884
27648,11804.9146,3217.3007
27649,11824.3326,3880.5275
27650,11827.132,3412.3069
27651,11800.0094,3225.0007
27652,11826.2,3443.264
27653,11811.6859,2600.2101
27654,11836.6253,3284.9406
27655,11832.55,3885.1268
27656,11823.1567,3831.6301
27657,11810.9264,2869.1625
27658,11846.5631,3860.1181
27659,11804.1916,2886.5433
27660,11846.4239,2411.2444
27661,11801.4504,2967.9886
27662,11837.3569,2708.8293
27663,11826.922,3113.2682
27664,11799.3317,3047.7774
27665,11813.8579,3530.1943
27666,11796.5108,3551.2779
27667,11819.5672,3646.3029
27668,11820.1312,3035.4468
27669,11796.0722,2804.6137
27670,11791.0803,3469.6464
27671,11813.9396,3625.3084
27672,11833.0065,3563.593
27673,11820.218,2746.0143
27674,11836.9028,3214.5702
27675,11830.9514,2912.0414
27676,11796.129,2717.2338
27677,11804.1956,3099.4946
27678,11846.1868,2543.2573
27679,11817.507,3481.042
27680,11808.3085,3369.071
27681,11849.8419,3016.2414
27682,11833.7333,2568.9044
27683,11798.9041,2999.2492
27684,11830.8534,3459.8203
27685,11806.9201,2908.4283
27686,11807.0592,3824.5937
27687,11847.5944,2484.0911
27688,11814.8471,3489.3515
27689,11815.3903,3299.118
27690,11828.947,2721.3269
27691,11840.3276,3822.4715
27692,11804.1814,3818.282
27693,11837.0744,3777.3041
27694,11833.1877,3537.8987
27695,11848.1748,2644.6294
27696,11826.4707,3825.2778
27697,11816.5539,2572.7989
27698,11803.638,3438.5719
27699,11844.7862,3692.96
27700,11816.5415,3832.89
27701,11818.3592,3005.1374
27702,11795.3628,2679.8841
27703,11816.372,3348.7317
27704,11842.7515,3469.7011
27705,11832.9588,3579.28
27706,11837.4427,3661.4568
27707,11823.9398,3696.6144
27708,11799.6075,3650.0408
27709,11816.1813,2468.2832
27710,11819.8929,3866.9036
27711,11802.0514,3803.7393
27712,11800.8192,3816.836
27713,11819.6084,3631.6954
27714,11830.9654,2622.0866
27715,11822.4601,3218.0249
27716,11846.9865,2829.0728
27717,11809.402,3317.8677
27718,11815.6951,2810.6394
27719,11813.349,3119.5314
27720,11801.8214,3303.105
27721,11828.4868,2847.0419
27722,11818.8408,3733.6702
27723,11844.2433,2618.7857
27724,11815.8814,2834.6865
27725,11820.1774,2490.6319
27726,11849.6187,3108.612
27727,11819.5989,3539.7435
27728,11839.6893,2962.8875
27729,11834.412,2895.607
27730,11803.7312,3579.9753
27731,11833.1605,3265.4866
27732,11836.5263,3878.6178
27733,11811.7521,2721.0364
27734,11847.1003,2408.9629
27735,11846.1838,2626.5938
27736,11833.071,2567.6594
27737,11821.9401,2847.7807
27738,11807.7291,3426.6416
27739,11813.5874,3525.236
27740,11829.5279,3447.4258
27741,11817.0032,3223.3991
27742,11840.2076,3765.2872
27743,11827.6039,3392.6
27744,11803.1315,2472.4867
27745,11821.6403,2458.3726
27746,11826.7968,3573.7159
27747,11825.9482,2800.704
27748,11848.5737,2555.9021
27749,11859.0019,3531.7606
27750,11847.6845,3548.41
27751,11832.628,3030.1655
27752,11829.2766,3680.204
27753,11841.4752,2641.7115
27754,11844.5789,3740.9583
27755,11804.2985,3286.1811
27756,11853.37,2456.5766
27757,11839.6161,3039.5318
27758,11804.9782,3163.7517
27759,11826.2959,3001.4605
27760,11855.019,2904.1456
27761,11856.432,3692.0771
27762,11850.4883,2516.0089
27763,11812.2155,2905.7823
27764,11856.0976,3509.7124
27765,11820.3847,3386.8111
27766,11814.1338,3193.2601
27767,11823.5319,3041.0232
27768,11808.7722,2502.4538
27769,11850.77,2580.0436
27770,11813.9498,3326.6556
27771,11850.3279,3704.1059
27772,11809.5218,2865.6792
27773,11839.7587,3116.0115
27774,11818.2582,3314.4464
27775,11820.8869,2692.6584
27776,11862.576,2979.4284
27777,11813.773,2427.5697
27778,11808.0329,2689.7291
27779,11817.8017,3136.5854
27780,11810.9297,2731.546
27781,11851.3387,3581.3887
27782,11829.067,3108.7611
27783,11849.1996,3467.1112
27784,11859.6002,2792.5068
27785,11808.5022,3069.3208
27786,11853.9406,3818.8134
27787,11814.4635,2663.8817
27788,11857.4873,3059.824
27789,11835.3059,3518.1552
27790,11841.5527,2941.9392
27791,11826.9421,3286.0518
27792,11844.976,3638.169
27793,11848.9882,2760.2401
27794,11848.5807,3217.1998
27795,11834.3392,3423.3701
27796,11835.9783,3330.186
27797,11847.5152,2743.8877
27798,11841.6477,3616.2685
27799,11859.8886,2457.9186
27800,11855.5173,3597.581
27801,11841.3237,3542.5777
27802,11844.3011,3537.1699
27803,11830.0542,3450.2182
27804,11862.9769,2798.9966
27805,11865.5413,2468.8324
27806,11862.2207,3149.03
27807,11854.8613,3527.0289
27808,11827.9208,3580.7751
27809,11809.832,2601.0105
27810,11863.0486,3179.4394
27811,11865.6263,3513.4706
27812,11863.0025,2632.1361
27813,11818.4521,3668.4012
27814,11821.2116,3455.6813
27815,11810.9197,3794.0582
27816,11865.2786,3639.6946
27817,11828.7544,3648.1798
27818,11827.585,3619.9219
27819,11834.0912,3833.8652
27820,11856.6206,3632.3171
27821,11816.0697,2594.2636
27822,11858.8984,3391.9117
27823,11849.8542,2759.0452
27824,11814.7193,3563.1822
27825,11831.3811,3460.929
27826,11844.8417,2869.7689
27827,11856.068,2479.173
27828,11859.9031,3058.4162
27829,11869.8496,3010.0311
27830,11849.1092,3722.0171
27831,11851.8603,2610.1444
27832,11866.5195,3266.6896
27833,11868.6959,3251.1722
27834,11849.41,2415.6498
27835,11852.0338,2740.3942
27836,11844.4926,3686.9392
27837,11831.9569,3525.1139
27838,11871.0811,2837.884
27839,11834.7985,3194.9121
27840,11857.5833,2914.2361
27841,11857.8924,2482.454
27842,11869.2835,3422.8244
27843,11866.4681,3152.6504
27844,11853.2497,3571.298
27845,11838.9119,3716.1745
27846,11816.5885,2441.8094
27847,11841.5593,3250.7777
27848,11826.5615,2859.4451
27849,11864.2092,2845.2992
27850,11823.4296,2579.208
27851,11868.1961,2540.3132
27852,11868.5645,3828.1741
27853,11849.4953,3649.4822
27854,11872.1573,3752.5216
27855,11873.8186,3200.2029
27856,11848.0727,2955.6006
27857,11818.1343,3655.6254
27858,11843.7835,3017.0631
27859,11840.869,2627.8894
27860,11856.7725,3418.9818
27861,11821.7764,3568.6464
27862,11851.6365,3398.2441
27863,11834.2465,3099.9777
27864,11866.8557,3745.7679
27865,11870.2859,2531.0114
27866,11873.823,2579.913
27867,11817.6163,2418.5944
27868,11817.0353,3399.7752
27869,11837.0031,2897.6616
27870,11859.1812,2829.3748
27871,11865.3493,3224.7319
27872,11858.5133,2939.4407
27873,11830.3332,3333.3624
27874,11834.1906,3713.0418
27875,11830.2894,3300.6841
27876,11823.8838,3505.8986
27877,11831.1759,3254.5311
27878,11820.7613,3365.3402
27879,11846.8961,3644.8775
27880,11873.999,3476.0042
27881,11865.9411,3588.866
27882,11867.6993,2643.3831
27883,11821.8979,2561.278
27884,11833.9109,3633.2382
27885,11873.8719,2532.9642
27886,11845.8235,3158.4563
27887,11819.6432,2646.0326
27888,11873.4248,2900.9867
27889,11836.5467,2954.1785
27890,11853.0271,3080.0371
27891,11842.4996,2780.4525
27892,11830.4661,3649.1206
27893,11863.3318,3179.3935
27894,11819.6164,3037.371
27895,11825.6576,3309.2883
27896,11878.3555,3318.7676
27897,11841.6693,2445.0142
27898,11858.443,3710.4859
27899,11841.2501,3309.6459
27900,11836.9578,2810.4096
27901,11878.0015,3573.4188
27902,11851.101,3702.9408
27903,11854.4437,2838.9025
27904,11835.5866,3165.1879
27905,11820.9543,3289.5032
27906,11864.2285,3400.4639
27907,11855.1009,3651.5877
27908,11842.2219,2454.9362
27909,11880.5649,3703.6858
27910,11822.3599,2883.4975
27911,11848.4546,2953.8535
27912,11823.1449,3618.1903
27913,11854.3806,3359.3183
27914,11878.1177,3882.4902
27915,11835.339,3251.1961
27916,11824.8142,3094.8415
27917,11836.1671,3159.024
27918,11863.4803,2698.6701
27919,11836.2584,3814.8852
27920,11846.5676,2761.2984
27921,11856.1856,2874.8026
27922,11880.8046,3147.9628
27923,11840.5894,3277.1715
27924,11844.7033,3355.8419
27925,11854.855,2884.9625
27926,11882.1244,3691.4311
27927,11863.1331,3099.7662
27928,11838.7938,3588.9963
27929,11857.9329,2681.3002
27930,11876.4397,3157.544
27931,11854.1767,3094.2627
27932,11840.3769,3250.0422
27933,11858.9155,3192.4281
27934,11865.0332,3349.7306
27935,11835.1226,2948.7874
27936,11849.3399,3205.5615
27937,11881.425,3097.6884
27938,11882.1987,3717.1785
27939,11837.3092,3513.8549
27940,11826.1331,3784.4426
27941,11825.8328,3318.0438
27942,11831.6732,3680.3302
27943,11883.1957,2917.3655
27944,11869.9364,3621.3117
27945,11855.9296,2885.925
27946,11856.4464,2535.1688
27947,11826.6979,2685.1919
27948,11839.0172,2832.3383
27949,11868.9048,3374.3281
27950,11882.7654,3512.3891
27951,11857.6505,3462.9237
27952,11827.0563,3542.5678
27953,11834.0788,3379.8201
27954,11864.4149,3730.3739
27955,11826.8052,3344.6428
27956,11841.5284,3784.5465
27957,11837.2508,3556.3034
27958,11831.4044,2906.2693
27959,11848.2391,3787.4223
27960,11877.4057,3828.4345
27961,11832.7167,3432.7914
27962,11860.3971,3031.2113
27963,11856.8357,2846.112
27964,11855.5089,3771.5726
27965,11845.7225,3877.8507
27966,11854.3412,2990.9114
27967,11834.4075,2634.5361
27968,11860.9559,3186.7674
27969,11871.4456,3323.2293
27970,11856.2756,2659.5309
27971,11865.1803,3267.7862
27972,11852.9159,3478.8546
27973,11833.3775,3354.6162
27974,11845.9077,2975.0736
27975,11853.5972,3891.5682
27976,11836.2508,3808.1909
27977,11858.0583,3302.91
27978,11863.5905,3144.6346
27979,11875.0888,2927.6655
27980,11885.5484,2959.727
27981,11850.3305,3847.316
27982,11850.7311,2723.9691
27983,11873.2882,2718.3181
27984,11860.3828,3125.5304
27985,11870.8519,2545.2141
27986,11832.1666,3674.6179
27987,11886.472,3660.6271
27988,11876.0022,3395.119
27989,11881.2672,2773.8291
27990,11882.8114,3653.5013
27991,11840.5041,2964.7532
27992,11864.2538,3223.8714
27993,11838.8498,3173.101
27994,11859.9428,3810.6952
27995,11870.4325,3576.1979
27996,11860.1266,2586.8457
27997,11873.1254,2632.7607
27998,11877.9203,3792.5765
27999,11887.5672,3176.1577
28000,11833.1851,3862.163
28001,11881.9684,3066.2755
28002,11838.6632,3122.419
28003,11866.6234,2628.719
28004,11846.8564,2582.5808
28005,11833.3987,2817.1594
28006,11837.5207,3446.8508
28007,11834.21,3483.6881
28008,11884.3403,2991.7697
28009,11850.5785,3598.0341
28010,11840.2044,3814.061
28011,11886.8391,3737.1833
28012,11862.6114,2896.741
28013,11836.3699,2917.0642
28014,11856.4896,2619.772
28015,11864.2277,3228.0409
28016,11834.6262,2630.5294
28017,11892.098,3863.2795
28018,11863.9798,3193.9545
28019,11864.7788,2966.2774
28020,11847.0498,3045.572
28021,11887.5635,2721.168
28022,11872.2164,3022.0014
28023,11852.3472,2994.0158
28024,11871.8559,2591.2322
28025,11862.6219,3320.5587
28026,11846.3258,2821.4613
28027,11837.5365,3757.3754
28028,11835.6119,3608.8613
28029,11872.7406,3289.0308
28030,11835.4348,3460.7396
28031,11861.9655,3118.0006
28032,11878.608,3097.0242
28033,11856.041,3239.8578
28034,11846.1498,3660.6293
28035,11837.6259,2457.4552
28036,11890.8009,3532.6433
28037,11845.6274,3584.7574
28038,11887.863,3384.4481
28039,11876.8688,3664.0272
28040,11891.3342,3655.7261
28041,11885.168,3545.9406
28042,11840.5826,2973.5433
28043,11838.6834,3605.0648
28044,11882.8069,3050.5339
28045,11858.9021,3060.4923
28046,11868.1942,2487.0234
28047,11874.0793,3172.5694
28048,11854.857,3646.054
28049,11875.5152,3780.5141
28050,11839.0456,2441.9276
28051,11852.4004,3357.1555
28052,11870.7987,3311.9178
28053,11883.8467,3361.6854
28054,11877.6247,2483.0891
28055,11875.0572,3345.6733
28056,11885.6522,3512.3087
28057,11888.5458,3424.0168
28058,11855.0362,2657.92
28059,11849.9728,3181.8307
28060,11859.6272,3527.7642
28061,11884.7748,3901.2451
28062,11854.5107,2648.044
28063,11860.8624,2630.1863
28064,11840.8607,3622.4791
28065,11855.1227,3069.9871
28066,11885.6435,3651.2649
28067,11857.4149,2849.7514
28068,11863.5636,3645.3197
28069,11856.3911,3170.9262
28070,11867.4711,3600.2268
28071,11862.2412,3210.1606
28072,11873.8862,2737.562
28073,11874.5226,2727.4772
28074,11854.702,2790.7715
28075,11879.9964,2464.5114
28076,11891.4712,2836.0875
28077,11879.2816,3772.7744
28078,11867.2373,3843.8989
28079,11870.1637,3205.4158
28080,11859.9337,3814.6726
28081,11888.6727,3459.4588
28082,11855.3105,3699.671
28083,11895.7817,2977.4748
28084,11892.5004,2821.0271
28085,11876.6237,2803.1254
28086,11878.3454,2479.3056
28087,11888.1362,2453.1831
28088,11856.241,3879.9123
28089,11889.13,3021.6968
28090,11882.0512,3585.8271
28091,11851.8338,2570.5114
28092,11898.3267,2865.762
28093,11875.5281,3722.9164
28094,11893.4105,3742.6503
28095,11860.858,2847.2074
28096,11868.0986,2725.7892
28097,11890.7104,2451.8048
28098,11872.683,2500.1075
28099,11865.6598,3626.6208
28100,11897.0773,3822.0905
28101,11867.8532,3175.8331
28102,11851.8817,3275.6656
28103,11893.0549,3225.3479
28104,11872.3867,2827.4533
28105,11897.0556,3544.0273
28106,11849.0811,2651.703
28107,11896.3508,2903.814
28108,11875.5313,3222.7336
28109,11899.0366,3754.2135
28110,11881.8405,2653.7737
28111,11844.5038,2736.5974
28112,11884.9297,2436.5731
28113,11859.2264,3203.4224
28114,11887.213,2447.6095
28115,11848.5573,2773.0295
28116,11870.5363,2668.9409
28117,11857.8129,3558.1667
28118,11899.1905,2523.9502
28119,11870.9033,2889.3682
28120,11883.9527,3297.5995
28121,11855.2123,3833.5762
28122,11901.3379,2649.1438
28123,11890.2406,3262.468
28124,11898.103,2707.42
28125,11879.6567,3291.1012
28126,11901.6074,3519.9868
28127,11851.5321,2960.0947
28128,11878.9757,3185.094
28129,11884.4988,2801.2695
28130,11849.3784,3272.0573
28131,11865.4485,3792.6852
28132,11852.4482,3500.8529
28133,11848.7375,3017.083
28134,11899.6873,3555.4294
28135,11882.5238,3673.6524
28136,11855.7886,3527.8596
28137,11867.6373,3015.183
28138,11897.5748,3088.3192
28139,11900.921,3635.5099
28140,11870.0628,3728.5872
28141,11903.2441,2917.9773
28142,11891.3675,2821.1714
28143,11864.6078,3810.2928
28144,11865.7276,3270.0486
28145,11901.3365,3549.6238
28146,11868.1214,2613.541
28147,11884.5052,2890.0253
28148,11904.4121,3290.3003
28149,11856.3149,3892.9875
28150,11848.6145,3550.3634
28151,11848.5254,3261.3941
28152,11877.8384,3633.4371
28153,11871.1758,3427.7717
28154,11904.0155,3799.5598
28155,11850.9873,3647.5752
28156,11883.9502,2730.2314
28157,11874.576,3578.6
28158,11875.3059,3382.6471
28159,11894.8503,3904.9939
28160,11872.1183,3511.0427
28161,11850.5707,3836.5403
28162,11878.6867,2668.3563
28163,11902.2507,3686.5757
28164,11868.1779,2506.0518
28165,11878.444,3427.9132
28166,11891.3606,3123.096
28167,11858.3301,2709.8441
28168,11860.4941,3056.3388
28169,11869.7043,3541.1842
28170,11887.6022,3680.2721
28171,11851.6237,3409.873
28172,11861.7269,3845.9266
28173,11874.9871,2788.4154
28174,11884.9225,3872.9184
28175,11901.0002,3613.9204
28176,11897.5121,3125.7848
28177,11881.9635,2727.6739
28178,11847.4718,3219.1273
28179,11860.1966,3490.1196
28180,11857.0046,3348.5102
28181,11854.2993,2782.9542
28182,11849.9573,2807.2211
28183,11882.706,2415.7233
28184,11905.4789,3310.7269
28185,11850.4915,3626.8346
28186,11896.9573,2572.587
28187,11899.7574,3212.27
28188,11903.2027,3865.0525
28189,11853.0126,3480.1357
28190,11854.9867,2999.1163
28191,11899.924,2508.2443
28192,11870.0695,3519.7256
28193,11880.7679,3691.7304
28194,11893.5452,3580.7606
28195,11874.1351,3058.0756
28196,11851.4583,2674.5149
28197,11850.8511,3753.7516
28198,11865.6083,2504.694
28199,11847.8157,3401.6875
28200,11857.17,3654.491
28201,11898.661,2504.7997
28202,11895.3138,3494.3207
28203,11895.6699,3249.8365
28204,11904.9923,3708.0173
28205,11881.6044,3292.5745
28206,11857.2254,3032.7507
28207,11874.9537,3378.3402
28208,11884.1282,2797.866
28209,11885.2598,3685.9474
28210,11895.2348,3449.1525
28211,11866.9381,2444.0662
28212,11865.3399,3055.6141
28213,11878.7834,2696.1635
28214,11892.6367,2421.7859
28215,11863.2545,2525.8467
28216,11870.2796,2830.0777
28217,11869.1945,2791.6287
28218,11854.0354,3816.7464
28219,11883.3,3312.9649
28220,11853.3506,2640.6238
28221,11853.6016,2769.545
28222,11903.6347,3626.4431
28223,11892.6514,2551.8057
28224,11853.0544,2470.538
28225,11887.0231,2905.5001
28226,11852.0208,2433.4288
28227,11857.3825,3293.9418
28228,11893.6979,2432.6849
28229,11851.1996,2815.2351
28230,11886.4793,2567.3694
28231,11854.0781,3261.9672
28232,11883.0499,3428.7165
28233,11902.4565,3752.401
28234,11872.67,2734.3842
28235,11873.0883,2427.9541
28236,11898.0379,2628.704
28237,11876.391,3573.2752
28238,11853.3704,3282.2532
28239,11888.497,3834.4922
28240,11900.9989,3008.7596
28241,11902.5256,3293.217
28242,11859.2403,2484.4513
28243,11884.7391,3190.1031
28244,11902.8898,2678.4591
28245,11869.6264,2442.6636
28246,11905.1723,3738.3131
28247,11854.6487,3487.0384
28248,11888.2283,3072.5731
28249,11867.4444,2522.2805
28250,11857.3244,2781.7015
28251,11855.6198,3400.6656
28252,11880.2003,3804.0067
28253,11907.4703,3495.8273
28254,11907.5673,2741.1142
28255,11870.1504,3096.914
28256,11882.6746,3615.2918
28257,11880.3497,3899.7326
28258,11861.4093,3035.5743
28259,11900.5536,3488.2104
28260,11852.3147,3646.2476
28261,11893.6729,3877.3127
28262,11907.0064,2542.6415
28263,11875.0064,3302.4804
28264,11904.3649,3739.7041
28265,11892.3207,2699.5286
28266,11851.125,3011.3471
28267,11886.3222,2752.2244
28268,11852.7973,3886.2351
28269,11859.1226,3791.8778
28270,11890.3129,3751.8162
28271,11899.2735,2493.3489
28272,11860.1798,3384.8219
28273,11880.2395,3830.2952
28274,11878.1663,3296.0792
28275,11850.2783,3773.525
28276,11859.4765,3778.32
28277,11895.326,3472.1135
28278,11905.1082,2867.7506
28279,11900.7175,2481.3369
28280,11887.2334,3109.7258
28281,11865.3057,2947.0721
28282,11882.3161,3091.2964
28283,11868.5262,3781.5123
28284,11883.8093,3232.3538
28285,11866.6494,3849.815
28286,11874.8648,3093.4442
28287,11873.1004,3750.4475
28288,11851.3764,3332.4613
28289,11861.7614,3554.2736
28290,11856.9728,3811.4848
28291,11891.5415,3442.8512
28292,11872.4177,2489.9029
28293,11848.6106,3685.0343
28294,11903.7237,2614.9493
28295,11854.3208,2567.3456
28296,11870.6098,2923.6762
28297,11897.4941,3122.8235
28298,11890.3963,2588.3838
28299,11881.4032,2843.5382
28300,11875.3583,2668.7468
28301,11866.7454,2851.6517
28302,11897.2776,3000.3624
28303,11862.2889,2666.7737
28304,11881.141,3002.4622
28305,11870.8583,3202.3024
28306,11901.925,2729.2975
28307,11858.6159,3112.8409
28308,11854.1811,2839.843
28309,11891.6558,3148.5865
28310,11882.1717,3225.3581
28311,11859.9172,3442.3231
28312,11868.0676,3243.8282
28313,11854.6234,3589.0132
28314,11872.9693,3759.9141
28315,11860.259,3272.1641
28316,11894.2121,3295.591
28317,11851.5429,2498.0569
28318,11854.71,2751.6132
28319,11865.4604,3636.3526
28320,11892.9504,3851.0768
28321,11879.7307,2558.1409
28322,11905.4506,2602.4923
28323,11901.1695,2983.9697
28324,11871.4392,3292.041
28325,11853.1988,3378.635
28326,11891.8409,2463.2477
28327,11855.829,3160.9293
28328,11906.7644,3273.3842
28329,11859.8864,3370.019
28330,11902.9385,3894.499
28331,11882.9793,2873.0451
28332,11871.412,3882.1929
28333,11858.6283,3193.1456
28334,11874.9901,3482.7292
28335,11894.0845,3551.6396
28336,11878.2065,3717.8409
28337,11864.0434,3324.4723
28338,11860.1219,3644.2125
28339,11858.5136,2968.4245
28340,11866.8336,3150.0036
28341,11882.439,2704.3524
28342,11905.9944,3737.9353
28343,11893.7929,3558.5996
28344,11846.8169,3118.3106
28345,11890.6561,3089.7342
28346,11899.5378,3281.5379
28347,11865.0121,2669.9555
28348,11899.4741,2474.2271
28349,11878.5652,3471.928
28350,11903.9943,2445.2595
28351,11882.6504,3381.6061
28352,11898.31,2545.1011
28353,11890.0922,3188.7368
28354,11895.9185,3871.0683
28355,11901.1852,3570.2591
28356,11880.9129,3017.1872
28357,11846.8965,2497.2283
28358,11858.7529,3838.7709
28359,11873.4455,3620.4459
28360,11888.6321,3161.0502
28361,11883.8709,3055.5744
28362,11875.6561,3519.7065
28363,11859.8961,2991.2803
28364,11893.3004,3037.0192
28365,11877.5641,3829.564
28366,11898.814,3037.0897
28367,11864.9578,3070.2218
28368,11874.3591,2661.8874
28369,11845.8403,3405.0325
28370,11900.6653,3753.8596
28371,11864.4298,2608.0167
28372,11891.7771,2749.1039
28373,11902.2931,3258.5937
28374,11893.1898,2464.5211
28375,11883.8098,2554.0847
28376,11902.9517,3141.3188
28377,11874.0246,2507.0353
28378,11853.9591,3172.3772
28379,11899.5165,3250.8157
28380,11891.7211,3376.6083
28381,11896.2548,3870.1633
28382,11879.4894,3086.5348
28383,11879.3206,3672.1228
28384,11882.4911,2814.2921
28385,11869.3645,3032.2707
28386,11888.4111,3384.0482
28387,11874.1171,2830.7752
28388,11862.8789,3145.3695
28389,11868.7375,2645.0316
28390,11870.5071,3727.9068
28391,11858.4095,3878.1828
28392,11864.5693,2625.4555
28393,11861.8602,2805.151
28394,11856.0533,3730.2258
28395,11847.2451,3613.9197
28396,11883.0212,3067.3723
28397,11859.8181,3551.5711
28398,11882.0615,3198.8
28399,11868.1339,3838.2488
28400,11888.7579,3319.9013
28401,11881.0939,3339.3711
28402,11878.6754,3416.0094
28403,11856.8039,2428.4469
28404,11899.1239,3437.1605
28405,11843.6572,3123.3624
28406,11842.4264,2530.895
28407,11882.6445,3312.4538
28408,11880.7374,2697.5057
28409,11870.7298,3278.61
28410,11871.8836,3351.9122
28411,11844.3217,2635.6599
28412,11882.8925,3847.7361
28413,11897.2914,2870.8058
28414,11858.6716,3577.4807
28415,11899.0447,3382.8674
28416,11892.4577,3219.4242
28417,11864.3562,3490.7473
28418,11884.4412,3092.8488
28419,11854.859,3614.4173
28420,11884.6053,3824.5708
28421,11895.2339,3246.752
28422,11882.9731,3552.4702
28423,11862.2783,2459.6622
28424,11872.1414,3274.4493
28425,11865.0589,2926.2406
28426,11882.4093,3153.555
28427,11878.9253,2997.5562
28428,11889.4957,3723.0765
28429,11860.5693,3529.9026
28430,11858.5294,3735.1838
28431,11851.7584,3791.2568
28432,11888.5698,3450.1868
28433,11896.8654,3612.1502
28434,11859.8621,2708.3766
28435,11890.8464,3646.6581
28436,11848.2222,2752.0621
28437,11845.937,3528.5903
28438,11896.1526,3721.6611
28439,11887.6711,3654.5695
28440,11885.499,2828.5148
28441,11842.7645,2413.1188
28442,11865.9738,2527.2342
28443,11889.6065,3021.0944
28444,11893.066,3130.1545
28445,11883.0554,3393.8257
28446,11891.4368,2941.7964
28447,11874.1929,2998.4962
28448,11887.206,3566.3307
28449,11845.7909,2990.0185
28450,11865.0758,3545.6965
28451,11861.0207,3069.021
28452,11842.5786,2876.7633
28453,11889.4758,3056.3988
28454,11875.1856,2809.5853
28455,11873.4434,2944.3975
28456,11846.7258,2593.6716
28457,11859.3507,3355.7084
28458,11881.1485,3865.1515
28459,11875.4993,3728.3043
28460,11843.5491,2839.496
28461,11845.4316,3100.15
28462,11856.198,2484.7104
28463,11834.4122,3850.6104
28464,11858.7486,3737.7848
28465,11889.7619,2651.8374
28466,11858.8634,3555.4646
28467,11884.114,3691.2442
28468,11842.614,3011.4987
28469,11859.515,2516.5008
28470,11860.6628,3794.5757
28471,11879.9087,3356.8824
28472,11864.8474,3199.3444
28473,11871.4197,3891.9717
28474,11879.9358,3118.1637
28475,11836.3108,3676.7215
28476,11877.3847,3175.4951
28477,11874.6297,3502.9628
28478,11853.0084,3153.742
28479,11886.87,2496.2757
28480,11844.7806,3203.9483
28481,11880.6781,3672.624
28482,11863.8537,3798.3825
28483,11876.9484,2459.2017
28484,11837.3976,3333.629
28485,11847.0981,2790.9304
28486,11881.3941,3703.3534
28487,11883.6905,3519.5402
28488,11848.7958,3531.7104
28489,11835.2328,3121.3578
28490,11862.7666,3460.5547
28491,11875.8654,3350.9385
28492,11837.8713,2985.8282
28493,11836.1521,2563.8322
28494,11869.765,3773.7554
28495,11842.9779,2913.2199
28496,11878.7405,3016.957
28497,11865.3383,2659.9758
28498,11860.3509,2614.4573
28499,11858.5221,3626.1907
28500,11844.9122,3064.6216
28501,11857.1931,3139.122
28502,11856.7047,3789.1635
28503,11838.2712,3703.9482
28504,11869.1746,3455.2883
28505,11837.4484,3798.2263
28506,11825.1216,2937.8617
28507,11841.8257,3844.7179
28508,11877.111,2797.9653
28509,11878.1843,2773.2279
28510,11835.0706,2711.8728
28511,11862.8052,3819.3817
28512,11835.8581,3834.9889
28513,11838.7266,3042.9118
28514,11861.7976,3529.641
28515,11840.5678,3448.7567
28516,11865.8422,2932.2801
28517,11861.4452,2849.1934
28518,11824.7705,2823.2335
28519,11875.9502,3772.9037
28520,11823.9536,2878.7617
28521,11822.4061,2654.3033
28522,11835.4611,3133.8536
28523,11859.6748,3108.0787
28524,11830.6879,3449.0542
28525,11857.8909,3181.0851
28526,11833.8865,2791.8388
28527,11846.3114,3501.6988
28528,11820.4456,2831.6487
28529,11851.3148,2925.3381
28530,11870.323,2907.0033
28531,11858.0249,3184.6024
28532,11869.0381,3760.9901
28533,11847.3535,3688.6965
28534,11877.7005,2556.3064
28535,11873.712,3745.9386
28536,11850.7935,3258.1276
28537,11827.4702,2558.0422
28538,11843.5103,3719.6542
28539,11825.3749,3286.4893
28540,11819.5164,2694.6657
28541,11843.2948,2914.7512
28542,11863.7601,3550.1399
28543,11851.996,3526.5055
28544,11834.8772,3031.2015
28545,11833.5299,2843.8399
28546,11818.3048,3792.5304
28547,11818.1022,2953.3
28548,11840.471,2915.3544
28549,11846.4588,3352.4599
28550,11840.432,2430.688
28551,11815.0393,3143.2084
28552,11829.0225,3560.5455
28553,11867.0565,3349.6072
28554,11862.4866,3776.6133
28555,11856.1834,3025.7375
28556,11846.2828,3185.2986
28557,11848.504,3372.0621
28558,11842.6836,2673.3071
28559,11861.437,3884.7394
28560,11868.2585,3170.9276
28561,11835.3526,2986.1795
28562,11832.4045,3633.667
28563,11811.5634,3506.4792
28564,11831.0669,3651.101
28565,11837.0368,3684.8586
28566,11855.4676,3171.2516
28567,11826.3137,3604.7813
28568,11843.5336,3580.0702
28569,11820.1485,3601.3481
28570,11865.7461,3048.9498
28571,11851.4469,3410.9782
28572,11864.0566,3890.1561
28573,11844.0636,3410.8177
28574,11837.656,2852.5111
28575,11842.7936,2468.9251
28576,11811.7962,3080.9002
28577,11810.5439,3505.988
28578,11821.2927,3455.2958
28579,11811.3223,3400.0964
28580,11863.41,2950.8566
28581,11843.9314,2586.5035
28582,11821.7063,2784.3018
28583,11836.2512,2528.761
28584,11810.511,3255.9031
28585,11854.4003,3496.9446
28586,11838.3259,2836.6776
28587,11811.7899,3270.7169
28588,11820.2046,3187.1498
28589,11822.3017,3192.158
28590,11856.6864,2863.1451
28591,11847.1438,2701.6829
28592,11821.0623,3099.2094
28593,11814.2849,3604.0808
28594,11844.3927,2627.9281
28595,11843.3035,2607.5183
28596,11853.9003,2919.3114
28597,11847.6663,3396.2038
28598,11837.6224,3280.9046
28599,11829.6839,3470.3311
28600,11830.5503,2817.285
28601,11822.3669,3187.4311
28602,11825.2684,3766.9543
28603,11848.7297,2516.5675
28604,11807.6069,3328.1965
28605,11815.1121,3235.0259
28606,11837.2282,2597.6326
28607,11843.654,3697.0919
28608,11844.8337,3270.4731
28609,11823.6304,3521.7833
28610,11845.1054,3845.1923
28611,11828.3971,2470.7859
28612,11806.8872,3700.2501
28613,11849.1494,3708.543
28614,11846.3507,3422.9282
28615,11821.3525,2525.1047
28616,11805.983,2436.2886
28617,11796.0081,3661.969
28618,11843.4451,2562.3696
28619,11804.539,3696.8417
28620,11793.4401,3300.8635
28621,11798.7519,3557.5931
28622,11812.6132,3335.6582
28623,11809.773,3827.4817
28624,11826.4311,3849.6854
28625,11811.377,3132.7452
28626,11848.4775,3381.9079
28627,11797.656,2563.5873
28628,11809.3788,3501.6778
28629,11820.8871,3453.0486
28630,11796.2799,3583.3285
28631,11845.1113,3396.5862
28632,11833.8694,2793.3765
28633,11792.761,3777.6244
28634,11792.6132,3648.4711
28635,11808.7024,3220.7729
28636,11808.5549,3637.9972
28637,11797.3455,3403.4619
28638,11813.9673,2682.9981
28639,11793.1174,3652.007
28640,11790.921,3796.1669
28641,11833.5964,2714.9455
28642,11818.0398,2570.2854
28643,11793.9483,2846.5841
28644,11799.1482,2706.5159
28645,11815.0728,2810.6497
28646,11811.4641,3629.9294
28647,11817.6768,2596.7119
28648,11823.3324,3827.6012
28649,11803.501,3000.4099
28650,11824.5257,3392.2234
28651,11823.2354,3072.1455
28652,11786.9195,3128.8322
28653,11796.0266,3696.9963
28654,11821.8342,3574.3953
28655,11827.9969,3155.0194
28656,11837.7322,2936.8676
28657,11809.4615,3697.0395
28658,11793.1349,2669.4902
28659,11813.4858,3076.4707
28660,11825.3071,3788.4614
28661,11832.9913,2818.7579
28662,11808.9679,3008.7667
28663,11820.1322,3008.2293
28664,11794.0443,3428.937
28665,11794.8882,2823.4475
28666,11787.1164,3197.2345
28667,11806.6732,2435.8453
28668,11784.2497,2904.6697
28669,11823.7287,3203.4696
28670,11793.8256,3147.2334
28671,11806.3997,3097.9672
28672,11798.2163,2568.6429
28673,11827.8875,3355.8511
28674,11819.9371,3324.9367
28675,11796.2057,2880.6095
28676,11793.5773,3129.8197
28677,11805.0437,2957.0336
28678,11824.5004,3739.4747
28679,11777.9781,3843.2753
28680,11799.149,3269.6656
28681,11779.7293,3010.8018
28682,11802.4077,3478.6334
28683,11822.4699,3442.8097
28684,11805.2137,3094.1988
28685,11802.404,3582.9479
28686,11824.0372,3701.8645
28687,11780.5115,2943.6915
28688,11819.5366,3809.1668
28689,11803.6814,3122.1679
28690,11820.0823,2773.6758
28691,11784.475,3303.7422
28692,11773.5494,2758.6871
28693,11785.5972,3032.6367
28694,11813.4319,3594.5014
28695,11782.717,3711.1598
28696,11788.4866,3745.6959
28697,11778.1853,2646.1487
28698,11814.2616,2927.6347
28699,11782.124,3636.167
28700,11787.2794,2467.2889
28701,11814.0018,2935.1773
28702,11764.2157,3065.282
28703,11810.3211,3462.2261
28704,11790.5903,3007.4805
28705,11786.0481,3760.3764
28706,11788.6722,3851.5659
28707,11791.7528,2983.3568
28708,11758.3681,3542.5143
28709,11785.1184,2798.9989
28710,11771.5965,2661.4947
28711,11769.3727,2571.8955
28712,11793.0992,3258.6583
28713,11810.6528,3651.4734
28714,11805.9505,3030.9567
28715,11806.3225,3572.6822
28716,11764.4146,2655.318
28717,11783.8803,2837.9176
28718,11804.1781,2820.9383
28719,11771.2088,3284.5809
28720,11756.896,2939.4855
28721,11777.4371,2899.4741
28722,11769.378,3638.8157
28723,11763.8899,2891.6619
28724,11805.9653,3385.9569
28725,11771.171,3845.0176
28726,11775.7474,2952.356
28727,11777.9182,3214.0201
28728,11781.9351,3633.341
28729,11792.1187,3708.3106
28730,11753.8969,3637.5167
28731,11776.2618,2861.7739
28732,11750.2759,2936.1381
28733,11767.282,2841.4801
28734,11769.2798,2975.2905
28735,11798.3941,3123.2908
28736,11790.4793,2581.1265
28737,11785.4306,3837.9591
28738,11756.024,2772.0736
28739,11745.1094,3726.0033
28740,11761.4838,3279.5412
28741,11774.2873,3050.5626
28742,11790.7637,3339.764
28743,11758.841,2691.6075
28744,11785.2024,3059.9261
28745,11779.129,3641.615
28746,11777.3291,3188.909
28747,11741.7347,3508.0543
28748,11773.3768,3763.8003
28749,11740.8059,3807.3572
28750,11745.8942,3477.3294
28751,11773.5687,3847.8689
28752,11763.16,3078.6792
28753,11771.5989,3372.0196
28754,11777.9537,3250.2466
28755,11759.9387,3439.1674
28756,11764.7717,3012.7934
28757,11775.7253,2787.2551
28758,11731.9127,2618.8853
28759,11760.9725,3214.9643
28760,11756.5049,3176.4072
28761,11778.8187,2985.3433
28762,11772.8691,2884.4569
28763,11769.436,2496.2398
28764,11761.4438,3524.1633
28765,11744.2871,3256.8094
28766,11755.0168,3606.2823
28767,11772.312,3435.4445
28768,11725.8043,3137.7986
28769,11771.2972,3775.077
28770,11753.551,2429.6629
28771,11769.8368,2590.5444
28772,11775.5738,3325.8127
28773,11731.082,3408.4195
28774,11735.7016,2663.8989
28775,11759.1325,3335.6292
28776,11755.1459,3615.7091
28777,11733.6969,3687.8212
28778,11728.1192,3814.1705
28779,11761.2626,3471.5266
28780,11719.6428,2817.8636
28781,11725.0545,2586.9008
28782,11731.9314,3066.6867
28783,11737.6832,2847.5187
28784,11749.1925,3195.1091
28785,11730.7694,2917.2024
28786,11719.3549,2790.2437
28787,11753.9268,3343.2376
28788,11756.7231,3579.0865
28789,11750.5222,3855.2624
28790,11766.8432,2938.594
28791,11719.5016,2562.9569
28792,11756.8342,3561.565
28793,11735.6721,3716.8619
28794,11711.8612,3446.9574
28795,11758.9318,3744.7737
28796,11737.7288,3512.1999
28797,11727.5893,2784.5259
28798,11722.3439,2850.0997
28799,11720.7528,3542.649
28800,11741.3914,3855.0516
28801,11731.3783,2538.1913
28802,11763.5619,3462.6697
28803,11753.575,2723.7171
28804,11751.9551,3224.0188
28805,11736.9607,3584.9553
28806,11753.3415,2499.5162
28807,11707.5309,2847.5559
28808,11744.2731,2881.7782
28809,11721.8658,2419.2579
28810,11701.6956,2838.0722
28811,11721.0988,2662.6786
28812,11709.1894,2637.5531
28813,11745.9724,2678.7256
28814,11712.1687,2815.9327
28815,11725.6834,3818.4374
28816,11731.2008,3344.8331
28817,11709.211,3791.8391
28818,11718.4422,3262.6442
28819,11704.0849,3655.636
28820,11742.3652,3442.2368
28821,11701.856,3337.4485
28822,11732.906,2396.7827
28823,11703.5621,3200.9274
28824,11732.1952,3086.0461
28825,11717.2936,3185.0552
28826,11707.3342,3791.194
28827,11695.958,3122.5627
28828,11697.104,3677.6904
28829,11699.2763,3750.3385
28830,11699.4617,3389.1386
28831,11702.9171,2590.7271
28832,11699.5774,3705.4778
28833,11727.2155,3558.9452
28834,11713.7614,3025.539
28835,11707.6219,3374.5834
28836,11737.8454,2445.9266
28837,11693.3073,3084.4289
28838,11704.1381,3401.6891
28839,11714.9267,3063.0094
28840,11715.2495,2990.8882
28841,11720.9227,3279.072
28842,11684.7586,2532.8074
28843,11728.7079,3820.1463
28844,11697.1657,3636.5223
28845,11718.3276,2959.1098
28846,11693.7701,2476.9005
28847,11717.0463,3272.554
28848,11686.4712,3303.5122
28849,11716.7661,2462.1979
28850,11716.5109,3026.872
28851,11731.4244,2953.3594
28852,11722.265,3123.5105
28853,11717.5242,2941.7705
28854,11698.6088,3487.8013
28855,11678.5985,3116.2132
28856,11714.0418,2849.3088
28857,11717.5564,2431.5831
28858,11692.1462,3536.551
28859,11703.098,3783.4849
28860,11723.1487,3095.0254
28861,11711.7207,2807.429
28862,11716.3438,3372.3103
28863,11677.6114,3529.7893
28864,11703.4306,3616.8549
28865,11720.0922,2401.9943
28866,11682.1389,3537.6401
28867,11715.1708,2625.5235
28868,11715.3409,3269.8117
28869,11700.6061,3115.3957
28870,11659.7532,3772.3198
28871,11677.0014,3833.4923
28872,11674.8088,3686.2738
28873,11704.3534,3242.0625
28874,11708.975,3782.3198
28875,11712.4831,2519.3324
28876,11706.9432,2738.7918
28877,11678.66,2626.9795
28878,11660.4756,3283.0136
28879,11693.8664,2922.2434
28880,11653.6265,2483.1059
28881,11664.0734,2622.6766
28882,11696.8831,3188.9678
28883,11651.4435,3111.5208
28884,11664.9304,3524.2735
28885,11693.2527,3524.2627
28886,11671.2989,2471.7354
28887,11660.3618,2617.6674
28888,11704.2144,3273.3284
28889,11657.0882,3717.3461
28890,11687.4929,2399.147
28891,11699.047,2752.1818
28892,11660.3307,3523.2622
28893,11685.1106,3800.897
28894,11685.934,2832.0685
28895,11653.0021,2667.9465
28896,11695.5657,3248.6664
28897,11680.0338,3802.2703
28898,11654.6358,3613.5002
28899,11642.2606,3494.9635
28900,11695.4726,3485.3467
28901,11686.8398,2872.7303
28902,11667.0084,3282.7428
28903,11693.1647,2616.3937
28904,11671.6934,3740.7263
28905,11651.8489,2500.9698
28906,11688.2495,3086.144
28907,11672.0481,2549.6068
28908,11645.1014,2785.5509
28909,11676.2623,3284.2604
28910,11645.3265,3452.6303
28911,11648.4005,3534.9387
28912,11636.9056,3507.6395
28913,11668.9562,2504.8204
28914,11636.8117,3139.9704
28915,11667.1986,3726.888
28916,11627.7062,3503.1607
28917,11670.994,3832.7478
28918,11652.0493,3151.7607
28919,11622.683,2409.7613
28920,11666.3899,3518.4701
28921,11678.4742,3534.074
28922,11622.1981,3700.6439
28923,11629.1308,3394.8358
28924,11621.2259,3726.397
28925,11655.0565,2635.3125
28926,11663.726,2488.4791
28927,11661.1426,3475.398
28928,11658.774,3075.2977
28929,11662.0347,2601.9185
28930,11659.0847,2851.3495
28931,11648.5607,2833.4791
28932,11640.8534,3317.6855
28933,11668.1728,3575.4112
28934,11639.7304,3376.4356
28935,11623.6865,3091.6164
28936,11614.45,2908.4213
28937,11642.9143,3653.7521
28938,11629.4211,3725.9509
28939,11624.1902,3054.2514
28940,11659.6916,3159.3085
28941,11632.8257,3095.5862
28942,11659.2306,3725.4489
28943,11648.2827,3243.852
28944,11611.4494,2953.548
28945,11635.7668,2745.2486
28946,11601.0261,3746.6735
28947,11629.2386,2540.1127
28948,11654.9492,2501.7113
28949,11609.5951,3401.6578
28950,11636.1494,2638.1569
28951,11644.8757,2429.2081
28952,11623.9084,3389.6056
28953,11638.0959,2665.6354
28954,11630.4666,2807.0002
28955,11610.1507,3679.8867
28956,11639.093,3732.0049
28957,11642.8036,3298.567
28958,11630.8098,3793.6548
28959,11607.8427,3781.4364
28960,11621.8372,2688.5092
28961,11631.1299,3751.0544
28962,11640.7298,2746.3034
28963,11618.8872,2796.7258
28964,11614.4609,2909.1698
28965,11617.0078,2922.5808
28966,11601.9163,3092.3783
28967,11591.2096,3220.519
28968,11617.9058,3770.4352
28969,11621.8108,3378.3813
28970,11593.9599,3206.482
28971,11613.3097,3726.2522
28972,11627.5464,3285.6487
28973,11591.8391,3504.0911
28974,11628.1307,3052.9088
28975,11592.5805,3347.1643
28976,11607.4541,2554.5341
28977,11608.2727,3263.6724
28978,11582.1377,3236.7991
28979,11622.2746,2543.3865
28980,11605.1621,2699.0849
28981,11572.3409,2408.8549
28982,11597.6455,2998.5957
28983,11593.515,2900.474
28984,11599.6013,2851.3822
28985,11610.4944,3592.1008
28986,11618.1195,3788.2012
28987,11618.1447,3456.8455
28988,11591.8187,3021.6225
28989,11610.1912,2931.8436
28990,11583.7572,2992.4832
28991,11569.2924,3148.9429
28992,11582.6094,3139.5565
28993,11607.3523,2573.124
28994,11611.1944,3086.7638
28995,11572.6183,3161.0195
28996,11574.0829,2600.9446
28997,11574.3737,3798.5799
28998,11599.4698,2910.3845
28999,11597.9002,3309.0173
29000,11587.7482,2589.2687
29001,11577.8458,2440.3203
29002,11569.3125,3395.2161
29003,11575.6275,2613.3534
29004,11596.8285,3415.8866
29005,11584.0437,3766.8598
29006,11605.8268,2714.5245
29007,11564.584,3100.8322
29008,11570.318,2939.1041
29009,11581.0605,3416.0601
29010,11585.4799,3308.7082
29011,11586.4225,2681.8995
29012,11592.029,3003.7698
29013,11590.4337,3559.235
29014,11595.3228,2443.0671
29015,11589.1764,2868.1609
29016,11574.0998,2919.2418
29017,11594.0635,2569.2235
29018,11558.1202,2460.4009
29019,11557.7812,3209.9031
29020,11553.0591,3416.1661
29021,11572.7003,3171.4541
29022,11578.1969,3729.5928
29023,11560.0464,2837.0956
29024,11537.9923,3423.2135
29025,11564.3173,2541.3249
29026,11566.1205,3455.4124
29027,11541.6319,3224.6254
29028,11540.1855,2848.4029
29029,11534.6807,2664.5328
29030,11539.4349,3446.5087
29031,11533.2282,2596.0766
29032,11550.0501,2532.452
29033,11569.9346,2359.8667
29034,11565.428,2598.2373
29035,11553.5828,3362.6508
29036,11572.0827,3104.3534
29037,11543.8615,2912.8174
29038,11524.1943,3071.1181
29039,11571.0305,3030.3793
29040,11577.4532,3524.8694
29041,11576.7748,3412.4695
29042,11540.3149,2994.8849
29043,11560.2991,2703.2628
29044,11550.7178,3174.7135
29045,11527.4164,2402.0139
29046,11518.0561,2376.8299
29047,11550.3875,3138.0346
29048,11564.3643,2652.1244
29049,11518.5746,3312.5968
29050,11545.6606,2915.4792
29051,11534.0815,3768.2148
29052,11514.7692,3066.6931
29053,11531.3914,3623.4313
29054,11539.0808,3086.2593
29055,11513.6467,3780.0929
29056,11555.2512,3669.8843
29057,11528.0569,2960.4805
29058,11520.3623,3275.9118
29059,11514.9411,2367.7399
29060,11531.8547,2668.8187
29061,11558.2037,3170.1953
29062,11544.3827,3035.2022
29063,11505.3519,3155.3629
29064,11553.954,3365.4472
29065,11545.4139,3602.7305
29066,11545.1598,3629.5909
29067,11499.7613,2376.9817
29068,11534.8961,3113.7258
29069,11537.2177,3459.5672
29070,11528.7486,3141.0986
29071,11501.9436,3571.3383
29072,11534.7052,3307.2121
29073,11531.1292,3621.4946
29074,11493.9437,2481.3032
29075,11492.5664,3750.3962
29076,11524.6998,3379.3445
29077,11522.8693,2352.6201
29078,11486.2772,3477.6743
29079,11498.8976,3026.6036
29080,11492.0136,3490.947
29081,11519.1252,3432.9299
29082,11497.7962,3192.6153
29083,11495.5408,2429.4059
29084,11501.2743,3614.0163
29085,11497.3116,3340.2577
29086,11493.2189,3109.2269
29087,11508.3439,3683.2819
29088,11530.0744,2522.296
29089,11517.0406,2910.0584
29090,11479.1969,3653.0819
29091,11486.359,3749.1064
29092,11520.9326,3765.6953
29093,11502.7196,2847.6686
29094,11494.6404,2460.5349
29095,11481.576,2871.3616
29096,11501.5629,3678.0613
29097,11481.7827,3343.3863
29098,11502.5355,2394.1659
29099,11495.1688,3000.9827
29100,11492.0188,3328.2117
29101,11518.9835,2993.0116
29102,11463.428,3312.3564
29103,11466.7643,2569.9878
29104,11493.7059,2464.144
29105,11515.0418,3136.9079
29106,11478.7389,3594.0567
29107,11496.255,2885.463
29108,11507.7997,3534.5256
29109,11483.2136,3551.8321
29110,11462.7611,2979.973
29111,11510.5335,3084.9458
29112,11508.0521,2701.0517
29113,11505.6444,2520.1725
29114,11492.9595,2434.9809
29115,11507.1633,3444.7368
29116,11485.6736,3610.3397
29117,11492.0023,2512.1677
29118,11466.3019,2841.7054
29119,11473.6267,2536.3661
29120,11489.7871,3666.132
29121,11478.4409,2404.6913
29122,11450.3264,2666.9783
29123,11458.3648,3455.3424
29124,11473.3887,3567.6058
29125,11477.1021,3591.688
29126,11459.1394,2939.8398
29127,11444.0909,3190.7738
29128,11447.6165,3552.8999
29129,11481.4991,3729.2395
29130,11490.7621,3326.8425
29131,11483.5912,2710.214
29132,11462.4756,3216.6303
29133,11434.0686,3552.4519
29134,11490.0532,3641.5773
29135,11466.3455,2964.7416
29136,11469.6953,3719.3244
29137,11472.9387,3001.328
29138,11468.8324,3359.018
29139,11433.8275,2657.9922
29140,11434.8096,2444.2413
29141,11430.2302,3100.7969
29142,11445.9016,2587.8901
29143,11451.7292,2346.7643
29144,11432.8731,3323.288
29145,11444.7078,2741.6565
29146,11471.6714,2889.5858
29147,11460.18,2691.8933
29148,11449.3305,3243.5428
29149,11461.0052,2970.3551
29150,11440.4287,3136.0544
29151,11430.0261,3436.8241
29152,11417.6276,2548.3572
29153,11417.8519,2948.9229
29154,11454.3987,3679.7836
29155,11467.5863,2828.7657
29156,11456.3256,3251.5366
29157,11430.1979,3092.126
29158,11435.7335,3599.6754
29159,11415.3146,2495.8765
29160,11427.8856,3570.9392
29161,11447.0278,3575.9207
29162,11440.0509,3561.0307
29163,11439.2521,2783.4498
29164,11444.9036,3174.4358
29165,11432.8588,3621.1792
29166,11457.5554,3532.0783
29167,11410.4585,2441.2334
29168,11427.2854,2990.6706
29169,11417.793,2566.9489
29170,11416.6062,2929.6759
29171,11418.7751,3361.4336
29172,11412.7668,3356.8565
29173,11435.2239,3294.79
29174,11424.9752,2466.3239
29175,11425.8336,3416.5371
29176,11414.7927,3028.0749
29177,11401.6198,2440.272
29178,11399.5783,2488.125
29179,11398.4408,3373.1802
29180,11429.6563,3565.5092
29181,11419.3038,3145.2081
29182,11410.2635,3600.0079
29183,11400.0308,3401.0264
29184,11400.1447,2804.4614
29185,11390.997,2745.2279
29186,11439.7099,2864.2582
29187,11439.015,2814.3415
29188,11406.1942,3212.5902
29189,11407.3453,2943.7898
29190,11407.9981,3393.9111
29191,11418.6185,3237.2781
29192,11429.23,2600.2942
29193,11388.3388,3422.6642
29194,11431.2314,3186.2888
29195,11393.5014,3352.531
29196,11403.3148,3305.4544
29197,11396.8601,3588.4751
29198,11422.7646,3724.1516
29199,11412.7134,2782.6445
29200,11424.3132,2734.2876
29201,11407.3919,2480.44
29202,11375.8551,3301.2466
29203,11368.5938,2790.5363
29204,11394.4395,3301.8441
29205,11415.1284,3435.1327
29206,11413.7678,3599.5234
29207,11364.8532,2599.4664
29208,11390.1191,3735.1285
29209,11402.579,3387.7192
29210,11386.5737,3071.8197
29211,11370.9156,3234.3048
29212,11413.6843,3059.8668
29213,11402.5075,3704.9709
29214,11397.0795,3704.7518
29215,11397.6119,3534.3677
29216,11376.299,3446.7279
29217,11383.0937,2498.4176
29218,11388.0815,3527.4432
29219,11360.7694,2399.9835
29220,11360.2152,2862.7072
29221,11400.2666,2342.369
29222,11383.3802,2964.2937
29223,11384.4394,3156.2419
29224,11371.72,3350.357
29225,11375.0242,3657.0952
29226,11358.6922,3461.2956
29227,11380.786,2928.4374
29228,11373.3635,3059.9418
29229,11346.8661,2581.6764
29230,11367.0041,3242.2365
29231,11390.3656,3028.5586
29232,11365.5851,3307.6987
29233,11392.9255,3316.529
29234,11355.881,2898.4721
29235,11392.0383,3242.0978
29236,11380.8287,2553.3198
29237,11358.8835,3511.3579
29238,11376.4373,2781.8445
29239,11365.5301,3536.699
29240,11361.1288,3486.1152
29241,11348.6525,3412.9133
29242,11330.8778,2487.1208
29243,11328.9139,3483.1108
29244,11328.0196,2509.4593
29245,11370.0745,2449.7139
29246,11361.0514,3242.0935
29247,11367.9972,3377.3677
29248,11368.868,2918.3368
29249,11371.8722,2667.8814
29250,11326.17,2993.6722
29251,11333.0002,2776.0213
29252,11342.1154,2903.0589
29253,11322.0481,3313.5442
29254,11339.0429,2606.3462
29255,11372.8414,2821.5584
29256,11369.8712,3023.4101
29257,11321.3625,2548.2867
29258,11324.9023,3666.0294
29259,11330.292,2426.0527
29260,11337.5928,2338.3385
29261,11329.4347,2455.523
29262,11322.8302,2656.4442
29263,11343.1244,3622.2104
29264,11336.1785,3099.7227
29265,11342.6195,3608.2563
29266,11321.2751,2799.3234
29267,11307.949,2309.157
29268,11340.5484,3296.2499
29269,11331.1059,3378.5151
29270,11318.9606,3673.1091
29271,11355.0534,3595.6561
29272,11352.1906,3386.0605
29273,11330.054,2997.5375
29274,11301.7907,2295.2641
29275,11304.5253,2939.3522
29276,11321.8965,3315.2533
29277,11318.1172,2571.2025
29278,11299.4469,3254.3502
29279,11295.9764,3437.4948
29280,11298.8385,2504.6293
29281,11336.8636,3725.151
29282,11335.7039,3122.061
29283,11316.1107,3143.8483
29284,11334.157,3197.0274
29285,11308.0341,3131.1142
29286,11327.7874,3676.1069
29287,11304.634,2685.6818
29288,11298.935,3041.2097
29289,11333.9854,2684.1953
29290,11322.8001,2668.3579
29291,11308.3888,2395.3482
29292,11292.8601,2774.2984
29293,11294.6482,3512.9753
29294,11304.8567,3041.7422
29295,11298.2123,3688.8302
29296,11279.8794,2634.884
29297,11294.6158,3062.3266
29298,11287.7181,3548.8225
29299,11315.1079,3611.3911
29300,11275.4283,2804.7081
29301,11322.8637,2735.6017
29302,11297.0526,3092.0336
29303,11305.9401,3166.8144
29304,11319.1988,3097.1232
29305,11284.6655,2346.3432
29306,11270.3298,2661.7631
29307,11270.3233,3426.6773
29308,11306.9217,3551.3846
29309,11311.3681,3126.9891
29310,11295.9445,2304.8305
29311,11266.2831,2610.6103
29312,11299.7131,2987.5972
29313,11313.0842,3334.4481
29314,11288.2323,2329.0003
29315,11267.4619,2893.4586
29316,11312.4811,2314.5406
29317,11276.2256,3213.1727
29318,11312.1631,3447.1202
29319,11277.5015,3166.9817
29320,11268.3721,2650.4651
29321,11305.7199,3080.6694
29322,11256.3374,3185.0064
29323,11259.008,3292.7483
29324,11256.4215,3688.1994
29325,11265.1828,2716.5167
29326,11294.9941,2584.1902
29327,11256.4064,2950.24
29328,11262.2075,3121.2736
29329,11253.6855,2585.8173
29330,11271.8537,3402.7035
29331,11298.5516,3592.3515
29332,11292.7969,3281.4205
29333,11275.6671,3076.1184
29334,11272.1627,3639.8549
29335,11252.8313,3217.263
29336,11243.142,2915.6552
29337,11283.468,3370.8481
29338,11245.6174,3488.4443
29339,11238.1828,2558.8079
29340,11282.834,2408.6
29341,11265.1967,3137.9404
29342,11249.8306,2368.1309
29343,11287.8481,3106.7194
29344,11238.3383,2780.779
29345,11242.3237,3216.3193
29346,11247.4405,3458.1249
29347,11234.0309,3405.0113
29348,11277.5861,3488.6141
29349,11235.2685,3139.7517
29350,11246.3537,3373.3758
29351,11271.4136,2848.9263
29352,11241.6708,3649.3334
29353,11244.8726,2405.236
29354,11227.1424,2744.3663
29355,11225.1038,2778.6909
29356,11233.9764,2884.9316
29357,11255.8288,3126.962
29358,11271.7112,2451.2333
29359,11267.6604,2936.9186
29360,11240.169,3673.0741
29361,11272.4819,3592.7932
29362,11234.5588,3563.3825
29363,11253.2239,2796.2447
29364,11221.6719,2724.9521
29365,11221.2893,2973.8607
29366,11257.7614,2903.9981
29367,11246.0192,2889.9617
29368,11213.4055,3293.8869
29369,11255.499,2827.7211
29370,11254.4396,2640.4178
29371,11240.4047,2860.0383
29372,11256.515,2342.9068
29373,11235.9172,2967.8898
29374,11237.2528,3666.5012
29375,11211.71,3193.6417
29376,11235.9911,3656.4697
29377,11255.2847,3258.6696
29378,11256.975,3200.0603
29379,11211.8512,2972.3442
29380,11234.714,3308.7531
29381,11221.9237,2481.1403
29382,11240.9489,2408.3298
29383,11238.5683,3412.3247
29384,11209.844,2628.3028
29385,11201.4268,3520.016
29386,11199.7302,2737.3065
29387,11206.3728,3071.6056
29388,11221.6157,2452.4378
29389,11206.3862,3414.1136
29390,11224.6341,3464.0756
29391,11233.7219,3280.9162
29392,11215.6882,2519.872
29393,11199.4026,3643.4597
29394,11225.6408,3020.3664
29395,11198.2378,3295.5399
29396,11219.2412,2636.6095
29397,11189.0142,3158.7093
29398,11215.9063,2556.944
29399,11208.5454,2354.5779
29400,11212.8574,3132.034
29401,11217.0592,2482.486
29402,11180.8732,2666.708
29403,11224.4569,2500.0053
29404,11219.9512,3579.914
29405,11205.7244,3168.497
29406,11189.3575,3325.8681
29407,11220.4963,3095.1351
29408,11176.1332,2705.2832
29409,11176.4045,2633.1416
29410,11173.9521,3494.9536
29411,11181.5365,3545.7934
29412,11211.7488,3109.1725
29413,11198.4794,2350.8236
29414,11213.7234,2287.5843
29415,11168.4479,3249.0136
29416,11221.8532,2543.7161
29417,11168.0755,2618.2454
29418,11209.2367,2856.7929
29419,11215.0871,3316.4714
29420,11215.8714,3528.5415
29421,11202.2611,2472.1531
29422,11204.2788,3597.952
29423,11199.7696,2532.3743
29424,11189.0963,2823.5567
29425,11209.3236,2670.3932
29426,11180.0636,3352.7876
29427,11191.8612,2803.6593
29428,11210.3595,3629.8851
29429,11199.6693,3083.1566
29430,11192.0501,3677.0931
29431,11174.4053,2573.6871
29432,11174.8385,2696.6096
29433,11191.2623,3225.6319
29434,11182.1197,2335.0705
29435,11202.6456,2379.2794
29436,11159.8446,2887.1814
29437,11177.3971,2312.9386
29438,11175.3259,3216.3723
29439,11163.8808,2904.299
29440,11198.0552,3229.4434
29441,11183.8166,2394.1569
29442,11194.0845,3482.4517
29443,11169.5969,2629.8204
29444,11144.5737,3497.5982
29445,11197.3838,3382.8335
29446,11187.0997,2999.3218
29447,11140.6036,2750.0499
29448,11156.2514,2680.705
29449,11174.521,3432.4616
29450,11172.4589,2621.4042
29451,11163.8502,3608.8311
29452,11174.1605,2954.8633
29453,11190.0371,3018.7794
29454,11189.0797,2828.0766
29455,11186.6159,2352.2108
29456,11153.5943,2398.7376
29457,11179.9597,3235.8612
29458,11180.6005,3435.648
29459,11159.2795,3631.0579
29460,11163.3764,3172.7036
29461,11148.598,2521.8131
29462,11159.7118,3655.5701
29463,11180.655,2975.4494
29464,11143.7756,3193.0889
29465,11169.269,2837.6373
29466,11134.1363,3328.0968
29467,11137.1416,2980.7964
29468,11156.2066,2506.1586
29469,11175.0835,3233.9211
29470,11134.6043,2968.2885
29471,11161.7817,3077.6825
29472,11163.5849,3270.665
29473,11142.7242,2690.628
29474,11130.8005,2921.1126
29475,11146.2118,2976.8875
29476,11127.2476,2529.0448
29477,11158.0832,3389.8032
29478,11163.5449,2950.0051
29479,11155.1898,3622.0331
29480,11121.5635,2294.5601
29481,11115.7332,2461.3452
29482,11125.359,3447.7494
29483,11119.4444,2858.9967
29484,11130.9728,3093.6867
29485,11158.2417,3086.9661
29486,11144.8291,3514.4326
29487,11118.3494,2498.2726
29488,11129.0929,3200.0941
29489,11139.2214,3187.0468
29490,11115.4044,2383.8213
29491,11150.1908,3177.0663
29492,11156.2177,3139.6556
29493,11107.5279,2469.4254
29494,11124.7354,3597.4516
29495,11129.0443,3031.8217
29496,11146.2519,2618.48
29497,11123.394,3191.6666
29498,11144.4233,3404.3748
29499,11148.3789,3637.4273
29500,11109.7302,3252.0189
29501,11134.2562,2943.1543
29502,11126.3156,3386.1921
29503,11093.7467,3107.9182
29504,11117.8861,3435.9025
29505,11102.5284,2617.5227
29506,11125.076,2368.999
29507,11101.257,2967.1638
29508,11135.2428,3607.7461
29509,11122.9759,2463.9694
29510,11141.9365,3233.8342
29511,11131.7641,3406.7472
29512,11095.4691,3547.5415
29513,11107.924,3097.4557
29514,11119.2931,2471.9384
29515,11084.8435,3410.5316
29516,11086.6775,3216.9587
29517,11082.583,2511.9871
29518,11094.6946,3268.9846
29519,11086.8313,2420.7963
29520,11089.6548,2633.1105
29521,11123.4591,2959.8276
29522,11121.8332,3069.0788
29523,11124.9639,2720.5472
29524,11118.2319,3169.474
29525,11089.4448,2782.5756
29526,11113.8296,3616.9576
29527,11123.4676,2931.6917
29528,11117.8075,2333.653
29529,11081.7743,3260.4918
29530,11076.7688,2967.9514
29531,11110.1185,3499.1991
29532,11086.6602,2298.6002
29533,11122.0233,3277.5676
29534,11110.8166,2517.1108
29535,11101.9768,3175.8925
29536,11074.9302,3519.4118
29537,11106.9842,2536.0251
29538,11108.6237,3416.6125
29539,11116.1066,2522.8419
29540,11111.8503,2529.4378
29541,11103.2478,2561.8486
29542,11111.1389,2738.4955
29543,11074.7593,3473.9316
29544,11111.9895,3529.1208
29545,11103.7877,3456.3456
29546,11073.8866,2472.61
29547,11065.8553,2363.0195
29548,11099.9022,3053.709
29549,11099.7277,2854.0226
29550,11061.1249,2649.6056
29551,11091.6073,2647.0416
29552,11062.7929,2827.7153
29553,11109.9666,3213.8309
29554,11058.7328,2254.9455
29555,11085.72,2776.474
29556,11099.2405,3206.8716
29557,11106.9281,2354.9147
29558,11078.2041,3443.0808
29559,11097.5958,2826.4537
29560,11055.0227,3484.1356
29561,11063.6012,2261.4794
29562,11073.6055,3597.0473
29563,11068.7907,3242.7591
29564,11071.1963,3612.5183
29565,11081.6227,2531.513
29566,11066.3153,2647.2315
29567,11098.4191,2965.2998
29568,11093.2158,3506.1994
29569,11045.0922,3117.9276
29570,11042.3438,3200.7695
29571,11070.4382,2712.3264
29572,11048.6557,3424.1606
29573,11076.8916,3116.81
29574,11055.6365,3111.2865
29575,11081.9103,2615.6386
29576,11090.3273,2599.4216
29577,11043.2335,3411.9048
29578,11068.9126,3565.1285
29579,11085.6877,2721.9881
29580,11064.8232,3083.845
29581,11034.7404,3430.6988
29582,11036.5508,2712.0498
29583,11075.4843,2444.2792
29584,11063.7931,3314.7322
29585,11033.5093,3560.3544
29586,11039.5842,3628.1405
29587,11064.0078,2545.3892
29588,11084.0918,3443.4866
29589,11079.0426,3586.5566
29590,11046.0146,3194.8716
29591,11065.9581,2890.2691
29592,11065.4958,3206.39
29593,11069.6799,3631.9617
29594,11052.7651,3447.4756
29595,11047.5947,3534.8572
29596,11059.9122,2752.8975
29597,11069.3578,2504.1485
29598,11053.2036,2289.3166
29599,11057.9029,3584.705
29600,11033.079,2805.0483
29601,11039.6964,3511.6788
29602,11068.3908,2703.8
29603,11034.2001,3622.7387
29604,11068.7611,2907.7556
29605,11044.879,2269.5547
29606,11063.4787,3360.6457
29607,11039.3733,2242.6359
29608,11069.4458,3490.8626
29609,11017.4927,2939.0607
29610,11025.2074,3167.6398
29611,11027.653,3056.4971
29612,11068.0881,3234.3325
29613,11058.7003,3048.7883
29614,11013.6766,2968.1759
29615,11016.2586,2549.413
29616,11028.0328,3495.1435
29617,11039.7094,2296.6512
29618,11012.6604,2712.6498
29619,11042.673,3001.2464
29620,11052.4782,2876.3356
29621,11037.7935,3105.4455
29622,11051.4272,3141.1473
29623,11054.5881,2832.8082
29624,11057.6469,2683.8012
29625,11014.8574,3578.7322
29626,11059.0717,3588.9011
29627,11033.2143,2465.553
29628,11057.3223,2266.1366
29629,11054.5982,2281.5821
29630,11019.1205,3222.834
29631,11013.1385,2475.7757
29632,11025.5278,2353.717
29633,11028.3671,2395.0897
29634,11044.9419,3064.351
29635,11010.3292,3281.9878
29636,11007.0291,3047.8774
29637,11012.7484,3411.6692
29638,10997.849,2296.7337
29639,11006.1108,2708.188
29640,10996.2619,2484.0818
29641,11016.5298,3046.0141
29642,11037.756,2343.3074
29643,11045.9286,3513.8841
29644,11008.1186,3337.423
29645,11046.3966,3358.0172
29646,11002.1049,2685.8705
29647,11037.6642,2714.5745
29648,11030.4907,3416.9637
29649,11007.8998,3052.2785
29650,11005.1616,2835.224
29651,11002.0486,2780.8849
29652,11034.8352,2334.775
29653,11003.0198,2859.3607
29654,11011.8052,2838.7694
29655,11000.0566,2769.5882
29656,11034.2523,2597.4976
29657,10997.9569,3543.2119
29658,11034.4959,2962.96
29659,10987.501,2797.7029
29660,10997.0462,2257.1513
29661,11014.6865,2556.1904
29662,11032.7485,2258.582
29663,11036.0575,2342.9445
29664,11007.8006,2311.0109
29665,11000.2006,2827.4572
29666,11024.4607,2485.649
29667,11022.1384,3427.3153
29668,10995.0646,2747.9007
29669,11011.3144,2245.0783
29670,10994.6144,2337.1167
29671,11029.5504,2538.1522
29672,11022.4472,2258.0968
29673,10986.1261,2751.6759
29674,11027.4058,2769.6049
29675,10987.1966,2530.1208
29676,10986.5491,2907.7843
29677,11015.7712,3017.8397
29678,11005.6029,2264.4468
29679,10977.2889,3033.903
29680,11010.6138,2419.0934
29681,10988.8067,2571.4258
29682,10990.8464,2391.933
29683,10976.8195,3228.4865
29684,11007.0255,2582.606
29685,11013.0643,2740.2614
29686,10993.5231,3281.0914
29687,10999.183,3487.2119
29688,10972.2937,2677.3977
29689,11001.2787,2323.5397
29690,11012.6304,2370.5359
29691,11012.7734,2763.3305
29692,10992.2131,2968.6326
29693,10993.1601,2433.2154
29694,11003.5743,2559.2658
29695,10999.6055,3392.658
29696,11005.9206,3567.3552
29697,10976.0539,3255.4038
29698,11005.4251,3029.1469
29699,10975.8472,3177.7518
29700,11016.1345,2571.0867
29701,10990.8787,2575.3727
29702,10991.6106,2990.4855
29703,10986.996,2623.8764
29704,10983.4209,3309.4424
29705,10969.4972,2274.5507
29706,11008.8075,3400.943
29707,10968.902,2820.2505
29708,10963.3161,2552.9992
29709,10979.174,2795.0989
29710,10999.6555,2821.2447
29711,10974.8596,2816.5669
29712,10979.0061,2777.6053
29713,10970.0505,2687.831
29714,11004.7752,3616.2751
29715,10978.8747,3338.1698
29716,10960.2307,3396.7722
29717,10989.3565,3165.3216
29718,10960.9549,3311.4371
29719,10972.4753,2777.2034
29720,10978.1632,2394.0473
29721,10990.4413,3143.8566
29722,10953.1517,3560.2582
29723,10994.1002,2610.3724
29724,10957.9834,2512.0175
29725,10998.3088,2498.5188
29726,10984.7696,3138.2948
29727,10969.221,3503.6719
29728,10980.7852,3099.8498
29729,10996.9678,2619.0045
29730,11001.842,3358.9341
29731,10999.3025,2892.3455
29732,10967.5785,3018.1484
29733,10979.3407,2841.2663
29734,10986.2374,3126.3298
29735,10992.3334,2366.2532
29736,10975.5886,3504.2479
29737,10944.4465,2255.3305
29738,10976.391,3460.4774
29739,10956.992,3442.6789
29740,10972.7039,2670.1059
29741,10985.8394,3404.0572
29742,10945.6597,2956.1409
29743,10949.6567,2976.1611
29744,10987.9619,3393.8083
29745,10945.9438,3515.7356
29746,10949.8527,3473.6537
29747,10967.193,2524.1133
29748,10975.0997,3402.6866
29749,10950.0758,2477.5748
29750,10943.5777,3108.9214
29751,10943.6666,3422.6345
29752,10973.361,2366.0916
29753,10976.2882,3439.4486
29754,10969.2996,2548.0618
29755,10955.112,3561.2938
29756,10968.9473,3213.4835
29757,10976.524,2629.0425
29758,10941.4599,3258.0877
29759,10943.6297,3021.4721
29760,10952.0071,3181.3356
29761,10952.0145,3002.1707
29762,10936.861,2625.5628
29763,10945.9224,3277.1559
29764,10953.3166,3076.8717
29765,10952.5428,2781.6343
29766,10957.0025,3538.8383
29767,10969.2303,3016.8853
29768,10966.1897,2818.9461
29769,10945.1126,2443.0606
29770,10951.1198,2675.4962
29771,10978.049,2269.1214
29772,10970.4974,2757.6779
29773,10947.5533,2563.6497
29774,10954.9737,3439.9988
29775,10965.7204,3505.7004
29776,10959.7119,3063.7401
29777,10978.2954,3095.5968
29778,10937.9978,2479.4355
29779,10973.0712,2835.9532
29780,10946.1051,2852.2382
29781,10951.2067,3564.287
29782,10975.656,3548.1952
29783,10951.0938,3091.5849
29784,10927.1124,3300.229
29785,10943.3184,3182.0124
29786,10969.4062,2896.3719
29787,10927.9498,3015.0337
29788,10959.113,2262.7873
29789,10933.8647,2364.9196
29790,10948.3728,3309.636
29791,10929.4433,2909.1151
29792,10968.5574,2494.2037
29793,10950.7125,2337.7634
29794,10969.8299,2660.7349
29795,10949.6709,2981.4893
29796,10932.9845,3413.2985
29797,10961.273,2458.1445
29798,10947.3681,2845.711
29799,10950.7825,3198.4833
29800,10965.0537,2483.1024
29801,10931.8713,2274.6783
29802,10940.2763,3555.7764
29803,10928.6838,3311.6099
29804,10937.3503,2223.7134
29805,10927.2091,2811.4823
29806,10938.1555,2290.2993
29807,10970.417,3283.5634
29808,10943.2577,3528.2528
29809,10960.3006,2445.271
29810,10927.2502,3173.9984
29811,10931.5761,3403.0064
29812,10959.9393,2798.2908
29813,10943.3398,3043.8725
29814,10927.0747,2227.1359
29815,10945.7831,2659.043
29816,10925.6802,2334.2611
29817,10942.5593,3060.2664
29818,10930.7753,3301.6691
29819,10916.2837,3182.6899
29820,10939.7842,2533.4373
29821,10930.2585,3334.2214
29822,10940.8529,3061.8816
29823,10966.6277,3336.1121
29824,10927.0392,3096.0715
29825,10961.8017,3073.1923
29826,10957.7053,3590.7241
29827,10932.7041,3311.3221
29828,10917.1181,2743.1711
29829,10928.5602,2631.0973
29830,10922.17,2355.1244
29831,10955.0207,2920.4565
29832,10955.9911,2664.0732
29833,10932.2359,2527.9527
29834,10928.2933,2559.9312
29835,10952.7532,2967.7199
29836,10955.5062,3150.2345
29837,10937.1812,3528.6893
29838,10934.8483,2601.6243
29839,10908.9188,3193.771
29840,10938.3793,3512.417
29841,10960.3958,2383.4333
29842,10938.8484,3222.8966
29843,10914.2558,2598.2428
29844,10907.7355,3453.9921
29845,10933.3378,2253.48
29846,10917.1434,2458.1015
29847,10939.7504,2461.3647
29848,10914.734,3151.5639
29849,10930.437,3397.7171
29850,10935.6227,3462.5645
29851,10946.0358,2284.2928
29852,10912.1744,2651.5422
29853,10929.1362,3466.5932
29854,10945.7302,2360.2826
29855,10951.4825,2353.7893
29856,10913.6279,2317.2555
29857,10906.7437,2891.2701
29858,10914.033,2469.9326
29859,10941.0746,3093.0342
29860,10927.4009,3462.8065
29861,10913.1931,3542.2706
29862,10944.5387,2259.9333
29863,10952.4137,2794.2598
29864,10954.3771,2364.335
29865,10920.491,2878.7822
29866,10921.6968,2901.0516
29867,10927.8939,2853.2141
29868,10937.847,2500.6207
29869,10928.0059,2294.4525
29870,10939.9578,2652.6568
29871,10950.7146,3035.8442
29872,10932.3324,3199.7796
29873,10907.3443,2922.2739
29874,10941.0945,2537.9475
29875,10905.5945,2514.383
29876,10926.7525,3050.4178
29877,10940.6455,2819.4124
29878,10914.2332,3271.7839
29879,10915.1427,2895.3688
29880,10910.4925,3281.0252
29881,10920.0586,3465.486
29882,10938.6584,2295.9658
29883,10927.8463,3463.1728
29884,10927.5528,2645.3364
29885,10902.6962,3327.5871
29886,10911.272,2576.5189
29887,10904.9831,2454.7672
29888,10919.4598,2512.5887
29889,10949.636,3154.865
29890,10904.2222,3317.1716
29891,10904.5713,2809.0352
29892,10902.5231,3276.4743
29893,10939.2458,3383.5522
29894,10901.652,3306.9917
29895,10947.3966,3039.7824
29896,10897.3258,3552.5006
29897,10894.8412,3007.082
29898,10931.6866,3564.1128
29899,10917.4837,3154.5601
29900,10928.7605,3535.6489
29901,10939.3921,2381.7569
29902,10933.634,3347.4348
29903,10941.0155,3442.2203
29904,10895.2676,2779.387
29905,10900.0005,3239.0038
29906,10934.3882,2642.3179
29907,10926.1778,2908.3005
29908,10918.4323,3184.453
29909,10926.9471,3210.4462
29910,10896.6427,2996.873
29911,10920.996,2989.1951
29912,10917.8497,3268.9388
29913,10916.2532,3178.9004
29914,10907.5149,3576.3572
29915,10926.2947,2927.8457
29916,10926.2819,2898.1973
29917,10926.6974,3563.2828
29918,10912.6449,2882.9984
29919,10940.5216,3533.7788
29920,10894.3502,3286.0904
29921,10930.2901,3471.2584
29922,10893.0837,2734.1237
29923,10914.0424,3163.8532
29924,10930.6652,3439.1348
29925,10912.8417,2773.7391
29926,10931.9787,2566.1891
29927,10914.6087,3328.4347
29928,10891.6547,3547.8488
29929,10891.1559,3204.9489
29930,10897.9888,3410.3166
29931,10900.7748,3407.12
29932,10941.106,3566.3469
29933,10936.788,2836.5429
29934,10928.9842,2989.7418
29935,10941.0016,2639.7227
29936,10934.4265,3118.7864
29937,10934.2833,3320.9016
29938,10931.6862,2743.927
29939,10928.7805,3121.9003
29940,10921.1355,3138.2939
29941,10897.2429,2569.9826
29942,10900.8218,3497.4609
29943,10909.1123,2641.0191
29944,10904.5331,3367.5574
29945,10918.4606,3566.8642
29946,10891.2263,2439.6527
29947,10922.8307,2748.5987
29948,10924.7222,2746.9484
29949,10894.6697,3050.0152
29950,10903.21,3400.7307
29951,10905.2855,2659.3271
29952,10892.0597,3281.1561
29953,10918.2802,3565.4909
29954,10928.111,2361.3473
29955,10898.7832,3483.7577
29956,10919.4574,2487.2505
29957,10925.4568,2942.7176
29958,10885.1366,2609.1174
29959,10909.1365,3407.2303
29960,10912.3833,2360.3915
29961,10920.8026,2893.1661
29962,10897.9156,3316.7955
29963,10911.8152,3240.6395
29964,10909.1544,2785.3666
29965,10892.9892,3563.8776
29966,10934.6889,2736.2373
29967,10919.6427,2634.4552
29968,10901.2041,2776.8556
29969,10892.5561,2427.8929
29970,10934.7217,2697.5841
29971,10892.6779,2991.4276
29972,10921.8518,2598.6298
29973,10902.9076,3400.4272
29974,10914.8641,3097.5262
29975,10926.3016,2656.146
29976,10908.9429,2258.6668
29977,10890.5136,3524.0246
29978,10910.4711,3388.7596
29979,10904.6544,2686.6245
29980,10918.2327,2479.9625
29981,10932.221,2353.7229
29982,10924.1279,2489.7133
29983,10890.3,2882.197
29984,10931.9232,2897.5973
29985,10887.4021,2948.7044
29986,10889.0121,3232.1901
29987,10930.8897,3196.6095
29988,10889.5311,2823.0891
29989,10917.6694,3327.4313
29990,10909.0747,3347.9787
29991,10881.6321,2418.3366
29992,10907.2117,2847.0011
29993,10903.3052,3436.8924
29994,10888.3272,2791.4285
29995,10931.8772,2909.7688
29996,10913.7033,2848.7903
29997,10889.5572,3176.0848
29998,10909.4812,3416.617
29999,10889.5595,3281.0318
30000,10898.8685,2918.4719
30001,10919.2633,3268.6164
30002,10917.2757,2561.9989
30003,10929.4519,3570.129
30004,10903.1884,3120.0251
30005,10921.5597,2848.2287
30006,10909.9026,2883.9453
30007,10898.958,2841.36
30008,10883.5781,3301.4543
30009,10921.4904,2883.3326
30010,10884.6891,2951.4618
30011,10919.1979,2444.4752
30012,10916.302,3039.279
30013,10933.2267,2696.4221
30014,10888.7258,2417.0801
30015,10930.9733,2566.447
30016,10923.6278,2918.9734
30017,10895.2962,3567.9077
30018,10881.6348,3488.8136
30019,10908.8319,2589.5501
30020,10915.8595,3096.2156
30021,10895.4314,2860.0384
30022,10915.9691,3450.4189
30023,10900.6068,3004.078
30024,10912.4575,3007.3311
30025,10926.5814,3450.2954
30026,10930.8408,2956.678
30027,10918.6439,2734.6978
30028,10887.0331,2856.5549
30029,10900.2811,3277.8106
30030,10918.9637,2739.4036
30031,10920.8127,3436.2801
30032,10894.1316,3197.8065
30033,10904.8114,2687.042
30034,10889.9899,2947.7326
30035,10886.7047,3225.3974
30036,10922.6899,2655.1183
30037,10879.9114,3052.2735
30038,10889.4224,3015.1965
30039,10891.1098,2471.7286
30040,10890.2584,3327.5749
30041,10893.3484,2259.3622
30042,10921.912,2930.9571
30043,10916.7459,3216.5247
30044,10917.9647,3441.646
30045,10903.7198,2871.8617
30046,10904.7799,2857.6308
30047,10878.3475,2298.0285
30048,10929.6614,3587.9752
30049,10900.6204,2331.5623
30050,10922.7473,3370.1148
30051,10886.524,3076.6752
30052,10913.8177,3518.5302
30053,10898.0052,2841.8998
30054,10883.0573,2438.9519
30055,10900.3566,2456.6917
30056,10878.9938,2570.8587
30057,10901.4775,2441.1996
30058,10916.9353,3584.4165
30059,10912.7603,2557.682
30060,10883.8778,2585.9166
30061,10905.0162,2240.7235
30062,10894.6902,3307.164
30063,10895.6271,3453.3469
30064,10912.2733,3359.8975
30065,10928.0353,3588.3816
30066,10905.2797,2306.9001
30067,10914.3973,3014.2497
30068,10889.8872,2737.6321
30069,10922.8211,2960.6428
30070,10879.4231,3020.2825
30071,10930.3161,3026.308
30072,10892.2656,3115.7288
30073,10930.5915,2331.6895
30074,10924.1116,2548.4991
30075,10898.4323,2235.5846
30076,10899.6964,3143.8619
30077,10889.7765,3503.568
30078,10921.4097,3011.5845
30079,10886.4579,2910.7579
30080,10920.888,3538.1679
30081,10912.5178,3429.2701
30082,10915.5165,2695.8835
30083,10919.4462,2538.1017
30084,10900.9121,2744.7819
30085,10889.0642,2471.415
30086,10926.2343,3090.8229
30087,10907.3881,2651.592
30088,10914.8493,3457.0582
30089,10909.0137,2332.9524
30090,10929.151,3197.2709
30091,10885.553,2903.0259
30092,10886.1531,2308.6704
30093,10882.6441,2498.0722
30094,10918.5842,3278.302
30095,10914.7877,2568.2937
30096,10898.9962,2832.1835
30097,10884.1823,3014.9047
30098,10891.2122,3519.5168
30099,10924.8848,3283.9968
30100,10920.0949,3501.5719
30101,10906.4233,2329.9681
30102,10917.7868,3005.7367
30103,10924.4522,2889.9246
30104,10883.7763,2242.1075
30105,10919.1089,2799.6064
30106,10910.3014,3320.0493
30107,10895.3022,3544.7845
30108,10889.3941,2773.3915
30109,10909.9398,2980.7211
30110,10930.9146,3432.8345
30111,10884.7353,2849.7422
30112,10894.9513,3228.1146
30113,10920.737,3143.614
30114,10931.0705,2278.74
30115,10923.971,2714.9861
30116,10922.0429,3100.6539
30117,10907.636,2994.8424
30118,10931.5423,3327.5413
30119,10906.1734,3057.9073
30120,10915.2244,3442.667
30121,10897.2214,3027.5612
30122,10897.4408,2455.7639
30123,10927.9897,3087.074
30124,10890.1638,2484.9021
30125,10930.1483,2472.7782
30126,10885.5999,3129.7039
30127,10899.665,3242.501
30128,10912.9733,3113.4382
30129,10911.1439,2874.1904
30130,10931.5194,2784.2155
30131,10931.3643,3411.8705
30132,10880.4383,2418.441
30133,10887.4315,3151.6478
30134,10887.1331,3156.0405
30135,10893.3249,2430.1547
30136,10886.0155,2459.8572
30137,10910.6388,2613.597
30138,10924.7417,2778.425
30139,10909.5247,3396.5623
30140,10899.1249,2748.7553
30141,10918.8267,3092.6794
30142,10899.2885,2772.4345
30143,10923.4426,3509.3761
30144,10910.7117,3461.6273
30145,10902.32,2687.8174
30146,10882.0372,3417.7801
30147,10925.8336,2278.4485
30148,10924.6205,3207.532
30149,10890.4706,2678.7606
30150,10929.67,2354.2894
30151,10911.4555,2434.5708
30152,10891.1368,3426.3909
30153,10897.6025,3506.365
30154,10893.3545,3342.3974
30155,10892.0817,3511.5301
30156,10926.6447,3164.6216
30157,10881.3028,3088.7125
30158,10887.7718,2428.7282
30159,10922.8898,3480.3557
30160,10884.913,3031.4276
30161,10891.361,2413.1467
30162,10892.6238,2269.702
30163,10904.192,3064.0295
30164,10919.7357,3347.2747
30165,10888.1205,3305.1969
30166,10883.8888,2847.6303
30167,10910.6069,2378.7389
30168,10914.8615,3039.4325
30169,10915.2417,3112.384
30170,10883.7424,2724.8231
30171,10896.1695,3094.7441
30172,10917.0566,3112.3703
30173,10927.8309,3469.3154
30174,10903.045,2239.5283
30175,10905.3453,2848.1268
30176,10908.3574,3315.188
30177,10882.1686,3088.104
30178,10912.314,2556.4824
30179,10895.2893,3350.8582
30180,10903.0087,2342.8708
30181,10895.5598,2694.1886
30182,10890.9742,2292.897
30183,10906.0508,2768.3502
30184,10915.0207,2880.4122
30185,10917.5584,2626.3571
30186,10894.8261,3336.8136
30187,10900.6291,2361.1928
30188,10891.4463,3235.4219
30189,10901.5495,3249.1078
30190,10887.657,2571.2421
30191,10925.4639,2728.1796
30192,10884.4599,2870.2141
30193,10883.8514,2626.5699
30194,10895.8647,2267.6776
30195,10919.0765,2698.6711
30196,10927.0772,2743.0188
30197,10919.609,3323.6414
30198,10891.8478,2654.3192
30199,10891.6269,2356.2314
30200,10882.6029,2469.5376
30201,10927.8041,3523.6493
30202,10926.1243,2446.3294
30203,10932.1328,3001.4904
30204,10899.8634,2599.6161
30205,10912.8856,2363.4323
30206,10913.4069,2908.1564
30207,10901.336,2901.0136
30208,10923.8088,3249.0849
30209,10915.8211,2237.8086
30210,10896.4569,2905.8999
30211,10894.0362,3511.0914
30212,10932.7563,3503.9548
30213,10926.092,2964.8444
30214,10930.5601,2253.9963
30215,10926.3082,2793.8646
30216,10921.2779,2887.7307
30217,10931.4393,3056.0874
30218,10908.6422,2475.4915
30219,10928.4827,2901.0756
30220,10932.1587,3394.0613
30221,10905.7962,3352.4476
30222,10912.3157,3466.653
30223,10915.0238,3568.3448
30224,10924.2196,2747.835
30225,10894.8227,2952.3403
30226,10933.005,2556.8215
30227,10932.2656,3207.8118
30228,10924.9224,3369.4529
30229,10905.598,2671.6782
30230,10886.3909,2597.7815
30231,10926.794,2920.8137
30232,10906.6088,3092.8038
30233,10904.45,2652.4318
30234,10898.18,3572.0661
30235,10936.0995,2963.1964
30236,10910.0099,3094.3134
30237,10885.8568,2402.3622
30238,10888.1391,2623.3923
30239,10923.7147,2873.86
30240,10921.1118,2310.7489
30241,10903.9594,3127.2559
30242,10914.3411,3445.4744
30243,10913.8226,2953.7224
30244,10929.2376,3014.6683
30245,10932.4013,2552.9646
30246,10930.4453,3106.5145
30247,10924.1216,2493.5646
30248,10911.9565,3421.9456
30249,10898.4807,3453.218
30250,10894.3471,2238.5377
30251,10898.6807,2424.3801
30252,10938.9725,2516.9845
30253,10932.3354,2630.646
30254,10914.439,3044.3053
30255,10917.9366,3154.1694
30256,10916.176,3132.1307
30257,10886.7608,3321.9057
30258,10891.5087,3187.6667
30259,10889.6971,2776.9096
30260,10917.9023,3520.6486
30261,10917.2071,3221.7553
30262,10898.6118,2574.0812
30263,10906.6758,3174.6615
30264,10895.869,2541.9755
30265,10915.8791,2762.3862
30266,10907.9438,2891.8828
30267,10910.2238,3529.5606
30268,10922.9478,2767.2027
30269,10936.457,2363.8302
30270,10903.1698,3111.815
30271,10920.0176,2538.9335
30272,10929.4933,3130.5794
30273,10906.1369,3320.0356
30274,10920.808,2852.3361
30275,10940.244,2591.4205
30276,10904.5399,3560.8797
30277,10892.2492,3355.7196
30278,10901.2033,2330.3944
30279,10897.301,2833.4564
30280,10897.3978,3067.4571
30281,10924.7853,2747.1029
30282,10904.1445,3247.8486
30283,10924.1484,2470.8445
30284,10904.7255,3056.9536
30285,10890.9225,2988.6062
30286,10910.019,3578.4948
30287,10940.0496,3562.8171
30288,10900.752,3308.1231
30289,10904.0776,3450.739
30290,10939.6461,2949.3206
30291,10934.1963,2505.2729
30292,10893.3869,2314.408
30293,10902.9081,2990.099
30294,10934.878,2922.4089
30295,10890.24,2427.1402
30296,10901.5962,2888.9208
30297,10896.2963,3106.1086
30298,10909.8062,2851.1342
30299,10911.0718,2585.5291
30300,10930.7227,2360.6733
30301,10919.2143,3406.6981
30302,10933.4785,3079.2273
30303,10941.4977,3175.5743
30304,10931.0716,2901.7441
30305,10906.4866,3356.2163
30306,10917.041,2887.5158
30307,10890.8657,2792.5394
30308,10897.3991,3247.8199
30309,10908.2221,3537.4884
30310,10943.6825,2952.2428
30311,10911.8168,3169.0147
30312,10922.4847,2910.7426
30313,10926.9361,2825.071
30314,10911.5169,3585.2576
30315,10938.9175,3205.108
30316,10928.9812,3013.9741
30317,10931.5763,3170.1491
30318,10924.5147,3348.1577
30319,10897.7488,2933.9954
30320,10905.2229,3150.3923
30321,10930.2672,3486.2099
30322,10904.0241,2664.3914
30323,10946.5041,2367.1945
30324,10928.4381,2845.8546
30325,10904.815,2626.4706
30326,10926.6183,2605.3243
30327,10921.7692,2801.0113
30328,10926.3143,2348.1367
30329,10909.0708,3583.0841
30330,10941.6645,3461.8208
30331,10926.6919,2511.329
30332,10900.8731,2578.2602
30333,10918.5663,2929.1927
30334,10941.2846,3414.0027
30335,10944.0566,2828.6299
30336,10922.7303,3224.1933
30337,10898.9991,2692.4583
30338,10897.8916,3482.0016
30339,10926.1425,3234.4025
30340,10908.1953,2736.0941
30341,10916.0327,3032.0256
30342,10936.9853,2856.3385
30343,10938.2708,2813.588
30344,10909.0731,2871.8687
30345,10922.7094,2412.9728
30346,10907.7996,3524.1508
30347,10931.727,3134.9419
30348,10945.8768,2322.4287
30349,10923.1996,2644.2293
30350,10912.6182,3164.459
30351,10916.133,2664.6619
30352,10918.4466,3070.5871
30353,10936.5211,3434.8772
30354,10901.2112,2694.5944
30355,10947.1845,3091.5335
30356,10896.0469,3231.4273
30357,10916.0731,2577.7707
30358,10922.5149,3515.6634
30359,10946.4013,3324.1344
30360,10933.4901,3041.3645
30361,10911.0341,2813.5295
30362,10917.8223,2986.9584
30363,10941.1428,3588.2323
30364,10936.8794,2611.1776
30365,10950.3125,3562.1505
30366,10930.0402,3360.9028
30367,10909.7724,2724.8791
30368,10927.6998,2568.0706
30369,10900.7229,2420.0438
30370,10929.1422,3203.4743
30371,10909.0523,3572.6448
30372,10927.33,3566.1669
30373,10946.8359,3209.754
30374,10910.2553,2455.3915
30375,10938,2894.9462
30376,10913.4445,2296.1212
30377,10910.9332,2536.0667
30378,10933.3895,3481.3793
30379,10905.6198,3452.6862
30380,10919.3774,2506.029
30381,10922.7719,3354.995
30382,10911.0679,2708.4495
30383,10916.7527,2655.8713
30384,10903.2244,3509.8021
30385,10900.4713,2264.5201
30386,10913.8674,3525.6104
30387,10937.4718,2609.7335
30388,10938.5297,3103.4073
30389,10943.8196,2468.3934
30390,10928.9639,3464.4135
30391,10936.5325,3290.4714
30392,10914.3114,2741.5103
30393,10916.8691,2372.5349
30394,10929.9635,2764.3502
30395,10909.2692,3542.7879
30396,10921.3052,3009.6262
30397,10903.6957,3529.4177
30398,10921.1993,2513.0311
30399,10944.9232,3574.6507
30400,10945.0093,3277.4451
30401,10942.988,2231.2083
30402,10931.1044,3543.4905
30403,10918.2524,2499.3682
30404,10910.5728,3314.6528
30405,10930.8582,2782.1539
30406,10922.2056,2823.8754
30407,10909.8485,2340.7648
30408,10910.5888,3111.4321
30409,10902.2117,2414.3227
30410,10940.823,2596.6413
30411,10925.3629,2535.0208
30412,10921.5696,3477.5735
30413,10903.7782,3229.7496
30414,10923.1534,2650.3346
30415,10919.4426,3483.3623
30416,10910.256,2685.3998
30417,10922.6922,3288.8879
30418,10908.8382,3170.5196
30419,10941.2692,2940.3564
30420,10953.4711,3522.8355
30421,10937.4942,2383.2178
30422,10953.5967,3219.2935
30423,10914.5113,2351.7876
30424,10943.0553,2934.9544
30425,10914.5323,3195.1282
30426,10918.3235,2452.8472
30427,10939.2787,2608.6366
30428,10929.7962,3184.7241
30429,10933.9485,2968.4617
30430,10937.6878,3487.0336
30431,10931.9558,3151.856
30432,10943.3863,3034.8798
30433,10915.4406,2491.3487
30434,10955.7965,3600.3956
30435,10932.5617,3024.8704
30436,10926.0312,3072.7814
30437,10927.7483,2279.9717
30438,10909.1806,2318.3727
30439,10947.4976,3317.5044
30440,10949.9202,3304.7846
30441,10904.3576,2937.3942
30442,10936.9702,2706.6884
30443,10926.9685,2999.5241
30444,10919.3032,2382.3955
30445,10958.9679,3451.6212
30446,10951.3542,3008.3827
30447,10924.3982,3409.0564
30448,10959.4846,2955.2447
30449,10950.3481,2460.9437
30450,10936.6783,3519.4906
30451,10937.372,2911.8211
30452,10917.9227,3037.4731
30453,10951.0794,3407.2493
30454,10955.5467,2325.3629
30455,10960.1643,3126.7123
30456,10911.0981,3381.1173
30457,10914.8665,2950.7174
30458,10931.8325,3064.2278
30459,10951.9721,2881.357
30460,10934.1489,2694.3351
30461,10909.8571,2474.2138
30462,10928.9653,3417.4051
30463,10924.2122,2896.3551
30464,10908.9776,3564.8367
30465,10959.7274,2571.4473
30466,10928.3943,2635.3439
30467,10906.7965,3500.2908
30468,10925.4658,2340.111
30469,10925.0059,2366.893
30470,10950.3332,2920.1779
30471,10914.8193,3409.2074
30472,10909.4169,3225.1499
30473,10930.8733,3026.6658
30474,10933.7794,3185.9891
30475,10953.3819,3018.3831
30476,10959.748,2701.4807
30477,10913.674,2967.4006
30478,10909.0253,3352.2219
30479,10926.0349,2282.8305
30480,10927.0663,3161.4716
30481,10932.8473,3456.5378
30482,10942.7692,3484.5876
30483,10943.6279,2782.4248
30484,10930.0166,2593.2502
30485,10951.7811,3044.6168
30486,10923.1355,3433.6358
30487,10915.3569,3302.337
30488,10958.8599,2992.1956
30489,10955.3617,2264.7182
30490,10936.7027,3413.3027
30491,10949.9714,3554.2234
30492,10937.445,2694.402
30493,10961.4913,2825.0425
30494,10924.4044,2476.5818
30495,10909.9823,2380.6262
30496,10950.0934,3302.1739
30497,10915.5323,2492.4248
30498,10955.8767,2952.1852
30499,10919.0488,3131.0323
30500,10917.3957,2819.1996
30501,10960.9604,2638.5377
30502,10950.0355,2329.1079
30503,10951.2022,3269.0745
30504,10960.0215,2998.8373
30505,10923.122,2602.3077
30506,10913.6796,3086.9508
30507,10929.8019,3148.3106
30508,10921.6965,3429.9681
30509,10927.6338,3557.5604
30510,10961.985,2725.6745
30511,10955.9956,3125.8045
30512,10913.4175,2582.2238
30513,10931.4799,2334.8872
30514,10945.2152,3017.8036
30515,10950.4495,3284.3204
30516,10942.0492,2943.3671
30517,10924.5511,2867.5754
30518,10953.8963,2834.5428
30519,10917.2499,2631.7477
30520,10957.8919,3002.2625
30521,10915.3564,3196.2041
30522,10947.2268,3479.5691
30523,10937.6969,3493.2687
30524,10957.6683,3181.1911
30525,10943.5561,2518.1909
30526,10916.4222,2689.4979
30527,10942.4575,3569.2941
30528,10961.1288,3550.2197
30529,10916.9237,3144.1879
30530,10913.0971,2304.4933
30531,10916.4941,3229.2162
30532,10965.6396,2337.5303
30533,10958.5231,3250.7914
30534,10960.18,2631.5719
30535,10915.5794,2883.5416
30536,10925.9965,3162.033
30537,10962.6757,2241.1532
30538,10942.7455,3295.7227
30539,10960.2755,3140.1882
30540,10934.2546,2384.5975
30541,10952.7675,3587.3562
30542,10965.102,3156.7234
30543,10953.9598,2601.8673
30544,10961.5553,2880.7979
30545,10944.5386,3228.7089
30546,10919.5641,3483.4754
30547,10939.0962,2968.8302
30548,10916.5269,3355.9485
30549,10950.3449,3321.1331
30550,10919.2288,2855.2005
30551,10950.0561,3449.955
30552,10934.3921,3264.7018
30553,10955.0114,2550.1583
30554,10945.5429,2553.9688
30555,10937.7474,3136.254
30556,10921.8179,2377.893
30557,10948.2192,2646.6688
30558,10925.7463,3042.5325
30559,10915.0052,3262.1061
30560,10965.3377,2378.4437
30561,10945.7808,3008.7644
30562,10918.4579,2295.97
30563,10926.4466,3447.0798
30564,10936.4764,2732.8056
30565,10930.4814,3174.1113
30566,10947.668,3432.1978
30567,10916.0101,2524.5347
30568,10947.5744,3091.1638
30569,10923.6278,3482.5159
30570,10917.685,2358.9127
30571,10940.2201,3562.2865
30572,10945.5098,3126.7127
30573,10931.4685,2523.823
30574,10942.1204,2365.1263
30575,10965.9728,3032.3259
30576,10944.6506,2462.9443
30577,10954.7187,3000.2167
30578,10937.9787,2735.5729
30579,10921.7322,2712.4539
30580,10931.6808,3382.6518
30581,10916.1103,2878.2541
30582,10950.3501,2925.9615
30583,10964.7212,3035.5372
30584,10955.727,3244.5935
30585,10956.3287,2971.1845
30586,10963.8902,2507.4966
30587,10928.4928,2535.4789
30588,10959.7289,3480.2882
30589,10938.2406,3386.1294
30590,10945.4391,2696.5872
30591,10958.7136,2564.6364
30592,10952.2003,2345.6424
30593,10933.397,3343.5704
30594,10935.9958,3223.4502
30595,10964.0133,2683.2449
30596,10965.9651,3293.1115
30597,10940.9549,3041.1065
30598,10941.6305,2402.8505
30599,10940.6028,3571.3386
30600,10921.2074,3163.0073
30601,10932.0603,3281.8447
30602,10955.2594,2553.7026
30603,10967.4232,2941.8038
30604,10967.4376,2686.099
30605,10922.5502,2596.3321
30606,10923.2414,3553.8907
30607,10949.1501,3172.4338
30608,10923.7187,3217.4279
30609,10916.1594,3135.8451
30610,10933.8778,2451.4261
30611,10967.3885,3204.0616
30612,10959.4271,3446.383
30613,10956.123,2971.108
30614,10950.6284,3279.2521
30615,10927.9098,2784.0589
30616,10966.6664,3538.366
30617,10937.5401,2404.832
30618,10925.4867,3071.6265
30619,10957.1884,2265.2994
30620,10949.4963,3191.7286
30621,10952.7304,3419.7778
30622,10949.46,2954.2888
30623,10920.3436,3072.1102
30624,10934.1351,2754.8732
30625,10930.68,2779.5843
30626,10916.9137,2490.8706
30627,10961.5012,2840.1998
30628,10951.8969,3370.3078
30629,10957.6104,2421.8182
30630,10947.0038,3233.1065
30631,10939.504,3064.8576
30632,10935.2346,2237.2745
30633,10957.7205,3220.2498
30634,10916.5179,3465.1413
30635,10960.4995,3143.9147
30636,10939.8191,2414.149
30637,10937.9926,2559.3311
30638,10968.4902,3354.6821
30639,10942.3662,3409.2227
30640,10967.2726,2385.9943
30641,10938.2378,3113.2807
30642,10951.4699,2406.5705
30643,10933.9557,2488.4553
30644,10924.0502,2436.0977
30645,10942.2123,2977.3314
30646,10947.859,2326.9784
30647,10952.5491,2309.5423
30648,10916.5289,2922.1062
30649,10930.6523,2359.0424
30650,10925.3003,3277.3859
30651,10945.8371,3086.1816
30652,10938.0627,3070.1264
30653,10964.8774,2418.2777
30654,10918.4175,3503.4417
30655,10929.0266,2964.2807
30656,10954.5692,3349.2656
30657,10929.4757,3349.6057
30658,10930.4832,2441.6566
30659,10945.1296,3091.9355
30660,10927.8599,3561.4724
30661,10918.8687,3024.5787
30662,10952.4456,2377.2758
30663,10943.7202,2357.6308
30664,10946.3497,2292.5628
30665,10934.1753,2994.3778
30666,10961.3891,3218.7863
30667,10940.2614,3329.0594
30668,10940.1366,3231.198
30669,10932.7903,2583.867
30670,10937.4478,2321.1216
30671,10962.2052,2896.236
30672,10943.8289,3508.1228
30673,10946.4975,3458.1319
30674,10919.0377,2385.8947
30675,10947.0898,2803.6743
30676,10949.6594,2713.8021
30677,10919.0591,3520.5476
30678,10964.6215,2273.2868
30679,10934.7037,3481.9831
30680,10957.7708,3085.3499
30681,10929.9133,2816.9898
30682,10925.7948,3253.4537
30683,10955.8387,2974.9209
30684,10966.3535,3139.8771
30685,10938.461,2528.6191
30686,10945.1456,2741.8084
30687,10937.0116,2666.6499
30688,10940.2752,3103.0082
30689,10951.6732,2557.9736
30690,10915.3374,3026.1148
30691,10916.7099,3028.4282
30692,10951.4529,3297.974
30693,10924.0771,3045.2211
30694,10926.7719,3090.2699
30695,10949.5559,2552.588
30696,10945.312,2749.414
30697,10955.3102,2284.6605
30698,10938.5498,2561.0044
30699,10947.441,3228.5818
30700,10920.7097,2887.6884
30701,10951.0146,2588.9487
30702,10934.5572,3536.7404
30703,10953.5585,3225.7172
30704,10964.9989,2901.2254
30705,10921.6633,2750.3675
30706,10922.5659,3297.6193
30707,10956.0383,2843.9797
30708,10948.1742,2995.1675
30709,10957.1861,2553.2684
30710,10964.1919,2839.5139
30711,10931.282,3558.4595
30712,10927.5539,2894.83
30713,10960.033,3600.9459
30714,10943.5167,3571.9222
30715,10918.1757,2554.4934
30716,10922.0424,3301.1669
30717,10938.1699,3290.6125
30718,10963.0589,3093.7908
30719,10923.2212,3083.7472
30720,10958.4723,3097.8937
30721,10918.4258,2694.603
30722,10913.6239,3209.9989
30723,10930.7795,3229.0229
30724,10911.4275,2397.5303
30725,10929.4223,3268.8058
30726,10933.2437,2645.5421
30727,10950.1485,3576.7219
30728,10936.0982,2598.9958
30729,10951.5108,3568.9456
30730,10938.5469,2868.199
30731,10922.6138,3388.7216
30732,10927.9327,3111.8111
30733,10958.6044,2710.6306
30734,10928.74,2381.869
30735,10956.9559,3025.103
30736,10955.731,3404.5278
30737,10951.1736,2703.8299
30738,10922.3972,2704.5253
30739,10912.9249,3178.6535
30740,10929.8053,3429.5382
30741,10920.3523,2256.0469
30742,10912.5024,2591.4013
30743,10924.1385,2825.4352
30744,10920.9121,3494.4535
30745,10949.5239,3277.9187
30746,10920.307,2526.1884
30747,10930.9978,3406.4326
30748,10912.4212,2436.4548
30749,10936.2548,2222.6734
30750,10936.7758,2584.5576
30751,10918.0006,3236.7562
30752,10953.5207,2951.1899
30753,10927.5466,2264.2457
30754,10941.2855,2671.2524
30755,10944.0706,3565.5527
30756,10926.0857,3187.6659
30757,10948.1924,3053.2089
30758,10961.5752,3433.1632
30759,10941.9708,2778.3864
30760,10917.5138,3516.5502
30761,10940.7531,3464.4192
30762,10923.2886,2333.086
30763,10947.4022,3099.4665
30764,10938.2187,2813.5207
30765,10954.5572,3460.1414
30766,10917.8303,2384.1562
30767,10942.5897,2716.3324
30768,10918.5155,2274.5961
30769,10961.1078,2629.1785
30770,10955.2358,3283.2692
30771,10907.649,3204.0125
30772,10946.5607,3233.1179
30773,10908.1546,3273.4511
30774,10929.3288,3222.9712
30775,10931.9549,3258.1962
30776,10910.7093,3125.95
30777,10951.0538,3384.2949
30778,10927.2486,2642.5828
30779,10923.8291,3222.849
30780,10955.2345,3153.8063
30781,10945.224,2471.6127
30782,10954.4938,3119.8396
30783,10918.5415,2733.4067
30784,10918.0454,3163.5987
30785,10942.3137,3230.6181
30786,10912.9447,3353.1771
30787,10915.6073,2497.3508
30788,10942.3506,2992.63
30789,10919.8944,3147.0022
30790,10942.582,2679.5602
30791,10929.0663,3295.0433
30792,10920.9479,2915.3086
30793,10955.1488,2888.0927
30794,10920.5141,2526.1291
30795,10951.5645,2790.9393
30796,10952.3273,2837.745
30797,10949.5521,3381.652
30798,10913.3379,3367.0649
30799,10952.0966,3423.5392
30800,10928.896,3583.8928
30801,10928.3785,2309.7664
30802,10908.7926,3107.2926
30803,10907.2295,3138.4915
30804,10908.4641,3413.6995
30805,10925.8405,2640.1609
30806,10908.7556,3061.477
30807,10913.8288,3281.2161
30808,10936.6067,3453.9768
30809,10924.6685,2970.4876
30810,10924.5246,2463.6834
30811,10930.3633,3512.0302
30812,10951.7267,2451.7776
30813,10917.1584,3009.6809
30814,10909.1215,2422.6071
30815,10955.1622,2790.9844
30816,10909.2538,2832.3713
30817,10945.9728,3136.743
30818,10907.7567,2991.8431
30819,10944.071,3379.3608
30820,10921.9806,3354.3401
30821,10927.5131,3218.0321
30822,10950.7668,2960.426
30823,10905.3103,2863.6665
30824,10927.3282,3192.5171
30825,10914.7598,3121.2981
30826,10935.197,2365.3457
30827,10950.1154,3360.949
30828,10901.7548,2381.8819
30829,10921.3992,3343.8229
30830,10931.0251,2971.8296
30831,10948.9534,2315.7674
30832,10929.4895,2893.3844
30833,10937.3659,2261.568
30834,10923.6648,2394.6608
30835,10946.3835,3546.5778
30836,10918.1997,2710.2116
30837,10929.1828,3218.7356
30838,10903.226,3519.2077
30839,10914.566,2579.4858
30840,10932.062,2711.3259
30841,10943.0719,3249.0594
30842,10948.7572,2651.9943
30843,10902.6106,2650.0989
30844,10944.166,3135.9991
30845,10933.6718,3220.6444
30846,10943.2411,3230.7988
30847,10947.4153,2595.999
30848,10920.1381,3047.7055
30849,10915.8906,2581.8736
30850,10912.5258,3054.089
30851,10951.3103,2944.1274
30852,10919.5246,3140.7187
30853,10928.8894,2361.5316
30854,10919.7285,2854.0939
30855,10909.3901,3484.0782
30856,10912.6484,3356.5694
30857,10918.0735,3141.9113
30858,10901.0887,2944.28
30859,10928.711,2278.8414
30860,10916.2495,2659.7535
30861,10911.196,2869.4604
30862,10946.0479,3002.1556
30863,10936.3237,2943.2871
30864,10919.9072,2908.3726
30865,10944.1148,2235.8859
30866,10939.37,2738.8385
30867,10926.5297,2494.94
30868,10932.38,2707.8543
30869,10897.8075,2682.4806
30870,10940.006,2632.6284
30871,10904.6943,3527.5185
30872,10925.8745,2639.7677
30873,10913.6721,2850.7888
30874,10914.0662,2731.5373
30875,10907.2035,3298.9825
30876,10919.3934,2474.9053
30877,10924.694,3108.4445
30878,10930.0307,2270.9494
30879,10909.5867,2815.7509
30880,10907.5297,3329.2038
30881,10936.7351,2434.5534
30882,10925.2909,3339.7111
30883,10937.2878,2563.7299
30884,10916.4722,3087.7399
30885,10946.3048,2896.3877
30886,10894.6247,3049.6061
30887,10894.645,3458.8528
30888,10906.5879,3264.6458
30889,10894.3027,2752.8037
30890,10923.1681,2829.9528
30891,10893.1728,3102.5641
30892,10938.2971,2323.4209
30893,10941.9963,3226.573
30894,10903.4828,2817.0465
30895,10927.5099,3042.3415
30896,10917.8772,2288.2569
30897,10908.2797,2682.3621
30898,10940.2666,2660.5659
30899,10908.7341,3551.0276
30900,10900.1248,2885.892
30901,10926.5015,2521.3347
30902,10898.6119,2738.0513
30903,10906.4965,2343.5683
30904,10937.1545,3083.4548
30905,10908.2451,2949.7095
30906,10937.4412,3041.0526
30907,10926.5381,2594.6955
30908,10912.7903,2762.7426
30909,10897.9187,3402.3122
30910,10890.7209,3015.5279
30911,10914.9962,2985.6269
30912,10907.6458,2440.3108
30913,10939.1513,3416.0738
30914,10889.166,2334.4135
30915,10935.0299,2511.3835
30916,10894.6905,2516.5158
30917,10893.8809,2936.2115
30918,10902.0543,3461.3859
30919,10905.828,3388.9347
30920,10931.6446,3538.6204
30921,10926.9318,2396.515
30922,10896.5604,3190.7768
30923,10909.113,2651.1119
30924,10899.9743,2278.926
30925,10902.0127,2344.6795
30926,10911.2183,3585.2609
30927,10906.3065,2987.0898
30928,10925.7182,2327.5884
30929,10905.0142,3452.5218
30930,10893.8757,3130.6857
30931,10926.4285,2668.8991
30932,10913.5944,3443.258
30933,10921.6226,3105.1231
30934,10894.4987,2300.2663
30935,10914.9525,2220.1089
30936,10934.1848,2711.4303
30937,10932.6381,2673.0783
30938,10911.6306,3151.2741
30939,10912.8236,2373.733
30940,10920.903,2623.1993
30941,10890.0276,2841.1075
30942,10936.7017,2620.6089
30943,10904.479,3512.9349
30944,10895.0864,2473.4231
30945,10915.1986,3214.4074
30946,10922.8592,3118.6201
30947,10928.2628,2945.478
30948,10882.6426,3069.0122
30949,10910.1846,2578.0439
30950,10896.8091,2758.3652
30951,10920.4277,3323.4738
30952,10916.6761,3257.5532
30953,10892.0435,2715.1323
30954,10927.0353,3312.2079
30955,10934.1659,3553.6601
30956,10915.5566,2314.3549
30957,10903.0072,3201.2681
30958,10892.0729,2704.1009
30959,10933.5449,3562.1099
30960,10887.0963,2955.6437
30961,10927.6742,3369.6275
30962,10880.9687,2252.0606
30963,10884.1792,3209.0129
30964,10915.7933,3275.5436
30965,10918.2448,3046.7678
30966,10885.0904,2351.5126
30967,10895.4502,3456.8688
30968,10882.6355,2525.4206
30969,10906.7144,3506.4434
30970,10897.3118,2788.6269
30971,10891.0597,3419.7106
30972,10879.1607,2373.678
30973,10878.6168,3499.5707
30974,10918.7082,3006.1403
30975,10902.2955,3510.8808
30976,10917.7307,3507.8741
30977,10908.4301,3364.9507
30978,10923.7285,3411.8805
30979,10900.6755,2457.232
30980,10913.6526,3134.2833
30981,10893.3545,3173.8942
30982,10911.8246,2817.6296
30983,10908.4529,2723.3836
30984,10916.8015,3530.5689
30985,10880.443,2981.0178
30986,10882.7237,2366.8775
30987,10909.0981,3307.541
30988,10876.4095,3196.7985
30989,10881.5033,2780.6556
30990,10923.9529,3526.8246
30991,10913.9679,3486.4681
30992,10922.6637,3178.4228
30993,10890.6719,2351.8973
30994,10922.7229,2381.108
30995,10918.5652,3579.9075
30996,10884.9079,2522.4054
30997,10925.2203,2985.8922
30998,10888.8304,2732.8477
30999,10899.9064,2925.0928
31000,10907.4849,2591.1331
31001,10916.8832,3255.4791
31002,10903.211,3220.1159
31003,10877.5787,2892.3379
31004,10890.3781,3388.1816
31005,10898.8944,2438.6558
31006,10900.4307,2641.6506
31007,10887.6045,2836.8889
31008,10903.9224,3007.6043
31009,10910.858,2759.1476
31010,10903.5644,3087.3388
31011,10906.5617,3418.1815
31012,10893.9869,2988.8989
31013,10913.6877,3209.4854
31014,10885.9146,2515.7834
31015,10915.7854,2642.6419
31016,10872.1856,2944.4615
31017,10909.2085,2539.0615
31018,10877.7673,2356.1493
31019,10914.5137,2998.6879
31020,10878.5671,2661.5436
31021,10907.1942,3135.4901
31022,10906.3622,3131.9587
31023,10917.7788,2259.2189
31024,10893.8799,3112.7326
31025,10886.3568,2264.5638
31026,10899.9895,2341.6343
31027,10911.7673,3209.6365
31028,10900.3623,2892.6635
31029,10911.7236,3008.5824
31030,10880.9064,3371.4493
31031,10865.7236,2375.3533
31032,10894.3609,3094.1023
31033,10910.0785,3192.5884
31034,10895.9121,2306.2386
31035,10899.0407,2223.973
31036,10877.1021,2281.7037
31037,10911.4012,2786.4527
31038,10876.5399,2626.4228
31039,10895.5868,3300.5031
31040,10913.6938,2777.0641
31041,10903.3976,2254.8562
31042,10878.2022,2459.6043
31043,10882.9204,2567.6822
31044,10902.1245,2792.2582
31045,10904.7092,3060.4903
31046,10869.9932,3563.0975
31047,10904.8104,2454.0196
31048,10879.8773,3484.4633
31049,10890.1339,2749.8485
31050,10899.8937,2390.3631
31051,10867.8444,2244.7393
31052,10887.486,2889.1187
31053,10904.0641,2214.8086
31054,10875.4136,3320.3332
31055,10886.9117,2929.8399
31056,10890.6382,2885.8229
31057,10899.1774,2874.175
31058,10873.7645,2563.1972
31059,10911.2263,3079.7088
31060,10895.0675,2668.7354
31061,10887.8429,3257.7885
31062,10909.9408,2786.7654
31063,10908.369,2375.53
31064,10872.8938,3298.6812
31065,10887.0207,3223.2421
31066,10870.0037,3545.2463
31067,10871.3794,2487.4481
31068,10859.4353,2435.7896
31069,10867.0773,3209.5757
31070,10886.0672,3444.9991
31071,10895.7337,2748.8581
31072,10864.4141,2547.9117
31073,10858.765,3009.7158
31074,10865.424,2736.1667
31075,10857.5964,2387.6881
31076,10900.3063,3090.29
31077,10890.5288,3191.9819
31078,10901.3899,2821.5029
31079,10866.7921,2552.8387
31080,10901.4311,2973.5235
31081,10854.6474,2649.4753
31082,10893.679,3196.7907
31083,10898.4582,2578.9373
31084,10868.0553,2441.1392
31085,10855.6627,3395.6663
31086,10856.7444,3528.1935
31087,10898.8545,3130.819
31088,10898.384,3127.1099
31089,10886.6771,2241.6274
31090,10904.036,3322.34
31091,10897.4348,3169.1927
31092,10888.1661,3362.913
31093,10861.8507,2622.8762
31094,10898.9728,2712.097
31095,10861.9677,2995.337
31096,10902.9323,2850.5597
31097,10862.3712,2791.5397
31098,10860.5252,3429.997
31099,10852.6544,2461.0074
31100,10894.1818,2612.6424
31101,10850.8829,3546.8063
31102,10883.7832,2590.0762
31103,10851.659,3197.6969
31104,10873.2144,3349.3444
31105,10859.7611,2967.0377
31106,10850.2296,2773.2381
31107,10847.1898,2420.6552
31108,10856.0935,3487.8351
31109,10871.4235,3185.5022
31110,10873.9023,3199.9574
31111,10853.095,3328.2402
31112,10851.0608,3549.5326
31113,10851.066,2611.0069
31114,10852.3369,2620.8638
31115,10877.0981,2717.582
31116,10866.3735,3311.2479
31117,10875.2494,3403.1783
31118,10877.6119,3357.09
31119,10845.5792,3313.0786
31120,10858.6066,2535.741
31121,10873.0975,2492.6726
31122,10857.1217,2263.0482
31123,10850.1761,2856.0524
31124,10843.3395,3475.4788
31125,10869.2198,2335.3569
31126,10879.5871,2464.2612
31127,10877.4651,2556.8309
31128,10892.5649,2783.2373
31129,10875.8396,2441.9246
31130,10841.6556,3409.935
31131,10870.774,2728.3733
31132,10868.2574,2859.6285
31133,10875.4759,2518.4251
31134,10847.9871,3381.5489
31135,10878.2458,3520.4839
31136,10859.6811,3514.0888
31137,10873.1589,3480.7995
31138,10880.2144,3519.0514
31139,10843.54,2876.3108
31140,10859.413,3464.4007
31141,10879.0008,3505.9114
31142,10847.0293,2756.7421
31143,10868.0521,2699.2286
31144,10867.0316,3237.1195
31145,10886.989,3098.9344
31146,10847.2228,2753.375
31147,10859.636,3529.0063
31148,10844.117,3143.555
31149,10856.954,2252.969
31150,10871.4309,3538.5326
31151,10835.3936,3058.0018
31152,10855.4168,3142.8972
31153,10843.1377,2999.4079
31154,10884.103,3520.3592
31155,10855.7722,3447.177
31156,10883.68,3392.1366
31157,10867.8979,2864.445
31158,10843.1836,2849.2587
31159,10871.5744,2831.7276
31160,10882.8386,2998.8377
31161,10879.5281,3252.1485
31162,10841.1389,2891.7555
31163,10868.7501,3363.5198
31164,10833.264,2315.5286
31165,10881.5839,3354.6902
31166,10833.7146,2847.8111
31167,10873.8578,3037.2417
31168,10850.5262,2512.3748
31169,10849.3728,2368.3932
31170,10872.858,2541.1122
31171,10855.1053,2494.0955
31172,10873.3796,2522.6758
31173,10843.0426,3067.7422
31174,10855.3678,3428.1883
31175,10856.4733,3482.9386
31176,10872.2179,3469.8583
31177,10874.9122,2794.5041
31178,10847.0986,2967.0354
31179,10847.7204,3519.6482
31180,10867.382,2902.4591
31181,10879.5048,3516.6562
31182,10863.1505,3129.5979
31183,10865.5413,2408.0012
31184,10839.4527,2882.0946
31185,10874.3976,3513.511
31186,10868.6321,2469.5706
31187,10866.1285,2251.1921
31188,10835.7874,2726.315
31189,10832.7416,2748.3705
31190,10864.9177,2765.8477
31191,10841.2141,2432.1998
31192,10826.2776,2284.5681
31193,10838.3077,2288.8543
31194,10848.2661,3190.2048
31195,10835.2328,2911.7337
31196,10862.4023,2374.0788
31197,10827.0943,2785.7521
31198,10875.9348,2746.4087
31199,10826.1603,2803.3107
31200,10824.9497,2317.666
31201,10837.3928,2927.5681
31202,10846.3574,2615.1966
31203,10872.5495,3116.0331
31204,10855.9793,2808.0879
31205,10844.4732,3095.9064
31206,10822.9866,2601.3755
31207,10836.225,3253.4559
31208,10830.9309,2827.1526
31209,10840.8628,2795.228
31210,10846.4908,3031.9232
31211,10855.5745,3321.2678
31212,10848.3469,3344.6678
31213,10850.9291,3419.251
31214,10858.0862,2673.7398
31215,10829.8478,2897.5016
31216,10838.5073,2205.1844
31217,10821.2728,2863.1278
31218,10831.5119,2567.7473
31219,10820.6914,3174.2699
31220,10862.961,3490.5166
31221,10828.4996,3464.0254
31222,10866.9811,2915.5477
31223,10817.8236,3438.1964
31224,10815.4208,2588.1248
31225,10846.9603,2566.2958
31226,10857.6874,3335.0049
31227,10855.1287,2407.9207
31228,10860.0845,3388.944
31229,10864.3552,3549.9006
31230,10862.2614,2488.6215
31231,10831.7096,2396.3994
31232,10830.9994,3067.0637
31233,10824.6035,3111.9149
31234,10847.1476,3527.2215
31235,10842.6521,3534.855
31236,10833.3293,3529.1389
31237,10830.9255,3158.6394
31238,10833.6693,2744.5743
31239,10833.8517,2393.7513
31240,10813.9401,3390.4095
31241,10813.2709,2842.6294
31242,10819.9574,3042.7304
31243,10852.7516,3487.6085
31244,10853.3561,2608.917
31245,10854.8042,2220.5035
31246,10849.7819,2367.9145
31247,10829.4573,2777.0572
31248,10818.0214,2831.718
31249,10859.6431,2338.6547
31250,10855.6853,2418.1613
31251,10824.7362,2497.69
31252,10840.1696,2559.7932
31253,10823.7517,2626.6638
31254,10855.8535,3021.8115
31255,10835.3285,2549.2119
31256,10809.1613,2648.1091
31257,10847.0289,3127.2948
31258,10818.5234,2672.5699
31259,10806.2006,3550.7448
31260,10842.1542,2517.6821
31261,10842.3418,2819.0218
31262,10823.3206,2729.2883
31263,10834.1909,3415.7848
31264,10853.3196,2896.654
31265,10840.3889,3484.5227
31266,10854.8525,2865.5109
31267,10851.2405,2402.4643
31268,10813.0668,3285.3015
31269,10819.1644,3504.9346
31270,10806.3695,2912.1854
31271,10805.0141,3248.646
31272,10826.2998,2985.0277
31273,10854.7529,3391.4111
31274,10852.1892,2235.848
31275,10808.9837,2500.9503
31276,10829.7129,2551.2624
31277,10801.0528,3352.3021
31278,10815.9872,3087.1939
31279,10829.7294,2885.4192
31280,10825.0662,3095.1049
31281,10804.4405,2986.322
31282,10800.9257,3013.811
31283,10813.364,3060.8577
31284,10845.6231,3275.0966
31285,10817.5072,3394.9975
31286,10850.0894,2253.6156
31287,10814.2942,3259.9134
31288,10848.6055,2732.7194
31289,10843.1412,2459.8558
31290,10808.2144,3037.9089
31291,10833.3887,3013.255
31292,10799.0263,3186.1631
31293,10826.5169,2610.3864
31294,10824.4166,3371.8667
31295,10846.5639,2948.9256
31296,10843.438,3390.9559
31297,10802.963,2787.151
31298,10837.3891,2581.5203
31299,10817.9425,3011.5975
31300,10839.0062,3294.4255
31301,10837.9798,3095.3368
31302,10799.3799,2244.5473
31303,10837.558,2604.9638
31304,10824.4618,3357.0435
31305,10822.0657,2494.3959
31306,10843.3238,2288.4827
31307,10815.3159,2437.7182
31308,10813.6653,3010.5999
31309,10829.1484,3237.5822
31310,10838.4887,3154.1846
31311,10807.8537,2515.305
31312,10825.2078,3489.601
31313,10828.0949,2953.7734
31314,10797.0867,3254.8488
31315,10836.7144,3410.7589
31316,10804.0119,2920.7369
31317,10802.5511,3158.4505
31318,10806.2686,2679.7255
31319,10807.2792,3400.3381
31320,10800.0934,3201.175
31321,10798.1698,2771.2741
31322,10823.5377,3065.3419
31323,10799.6312,2422.8698
31324,10800.712,3274.6738
31325,10839.071,2293.7802
31326,10795.0797,3479.9002
31327,10803.0901,2655.4778
31328,10804.851,3424.202
31329,10799.3566,2508.0653
31330,10803.2607,2616.2939
31331,10794.4415,2935.198
31332,10796.3562,3366.582
31333,10788.0698,2599.3939
31334,10783.0442,3372.2141
31335,10808.2882,3205.5394
31336,10827.074,3264.8788
31337,10831.7875,3497.1729
31338,10811.5037,2560.1614
31339,10825.4172,3475.3328
31340,10820.3057,3499.4175
31341,10833.4326,3416.1231
31342,10821.1276,2534.9795
31343,10803.6177,2593.001
31344,10784.3161,2591.5912
31345,10793.5528,3123.8611
31346,10816.6771,3465.5273
31347,10808.4757,3179.7551
31348,10821.7715,2358.7043
31349,10794.0695,3083.007
31350,10814.6992,3440.7382
31351,10823.4146,3148.8641
31352,10819.1258,2197.3681
31353,10796.1568,3374.4014
31354,10821.1143,3224.074
31355,10778.3207,3470.1095
31356,10806.0614,3516.7962
31357,10777.3973,2198.868
31358,10814.0797,2351.1589
31359,10804.9965,3530.0487
31360,10804.8915,3167.5536
31361,10820.7793,3258.9251
31362,10798.306,3183.0461
31363,10779.4705,2924.25
31364,10781.9258,2406.2612
31365,10796.1328,2447.5225
31366,10818.1554,3465.6527
31367,10807.1509,2394.8279
31368,10809.0159,3048.813
31369,10796.2168,2317.2317
31370,10824.0429,3079.6385
31371,10810.3235,2446.3488
31372,10816.3441,3033.6374
31373,10786.1188,2724.381
31374,10814.7109,2612.0176
31375,10783.0627,2740.1616
31376,10819.2799,3295.8335
31377,10774.0473,2805.8593
31378,10791.3636,2616.8818
31379,10790.0957,3030.5104
31380,10806.8439,3309.7959
31381,10781.8997,2645.0354
31382,10800.2979,3341.5348
31383,10820.7728,3324.0514
31384,10781.3018,2772.5027
31385,10818.6792,3452.44
31386,10813.5759,3249.9182
31387,10770.1142,3260.1393
31388,10815.3529,3189.0418
31389,10770.0895,2437.8644
31390,10803.4272,3351.8734
31391,10784.3745,3475.281
31392,10804.9914,2642.7345
31393,10802.8276,3478.2099
31394,10779.8882,3273.8031
31395,10788.5335,2812.6648
31396,10767.9872,2298.6736
31397,10784.4935,2657.0856
31398,10784.9276,2939.3064
31399,10770.1672,2960.4205
31400,10770.1437,3066.6032
31401,10768.5808,3471.905
31402,10763.0831,3243.5833
31403,10762.0403,2651.2793
31404,10796.7393,2705.9294
31405,10790.5845,3424.1646
31406,10767.4527,3279.1507
31407,10786.9463,2210.4899
31408,10765.1117,3271.3439
31409,10761.7472,2978.1733
31410,10810.3124,3020.5784
31411,10806.1835,3032.2231
31412,10810.4369,3199.9166
31413,10771.9473,2872.4253
31414,10808.7164,2880.2965
31415,10768.5695,3267.5376
31416,10770.8651,2598.0271
31417,10770.6272,2414.5942
31418,10794.9645,3388.118
31419,10793.4491,2761.3882
31420,10803.1268,2446.1963
31421,10806.3943,2812.99
31422,10773.6561,2673.2432
31423,10804.8322,2232.1077
31424,10807.4529,3305.4476
31425,10770.7995,3428.2678
31426,10758.9579,2646.3806
31427,10754.6806,3368.5813
31428,10769.5015,3392.8335
31429,10772.8488,2225.7743
31430,10759.6737,2978.2619
31431,10791.8951,2424.3328
31432,10773.2718,3344.5573
31433,10778.0774,3030.5658
31434,10780.342,3185.885
31435,10788.9117,3243.9246
31436,10783.5871,3204.7969
31437,10769.2395,3090.9336
31438,10790.8428,3531.292
31439,10781.8191,3081.1219
31440,10752.2902,2689.2423
31441,10753.3215,2853.8355
31442,10791.0889,2692.0887
31443,10777.0177,2471.0559
31444,10783.4148,3440.3584
31445,10774.547,2250.3122
31446,10795.92,2999.0346
31447,10780.7909,2743.1918
31448,10777.4244,2618.6723
31449,10755.4007,2742.9014
31450,10756.6463,2333.4241
31451,10762.0719,3072.7541
31452,10769.8028,2637.4984
31453,10756.7553,2314.2168
31454,10756.7423,2946.2416
31455,10767.8941,3275.4461
31456,10781.7218,2282.0956
31457,10747.1225,2245.2318
31458,10761.07,3036.7182
31459,10787.0948,3232.5872
31460,10796.7917,3081.483
31461,10764.4444,2205.1947
31462,10776.0294,3052.4023
31463,10750.7271,2930.8066
31464,10769.8835,3167.9915
31465,10783.5438,3116.9946
31466,10760.0789,2795.6043
31467,10751.5224,2231.7094
31468,10793.1808,2396.026
31469,10772.137,2934.9822
31470,10788.0277,2586.3771
31471,10781.903,3431.4677
31472,10776.073,2359.3292
31473,10770.8661,3196.557
31474,10778.2076,2715.4796
31475,10746.7155,3435.6646
31476,10754.2328,2854.4302
31477,10769.4139,3400.0469
31478,10782.6484,3333.6123
31479,10749.1405,3432.6276
31480,10749.782,2587.3874
31481,10766.794,3088.212
31482,10785.8292,2539.6088
31483,10771.1011,2901.2015
31484,10778.59,2907.6082
31485,10755.7254,3091.8597
31486,10744.4208,2650.9652
31487,10751.9948,2476.1482
31488,10783.5632,2280.982
31489,10741.1143,3123.7639
31490,10783.6985,2775.0171
31491,10783.8368,3305.0912
31492,10744.4659,3037.7912
31493,10741.8429,2766.3184
31494,10748.7714,2487.4166
31495,10782.728,2952.5447
31496,10784.5371,3535.3309
31497,10763.1499,2656.6174
31498,10740.4583,3051.9348
31499,10778.3327,2702.8967
31500,10755.2796,2285.9783
31501,10774.0713,3477.2194
31502,10779.8025,2307.4701
31503,10775.4214,2229.4396
31504,10778.0498,2300.5121
31505,10781.6533,3201.7499
31506,10731.5651,3039.919
31507,10765.9067,2565.542
31508,10759.1842,2204.7468
31509,10755.3215,3006.8316
31510,10774.1849,3008.2939
31511,10776.0236,2482.3448
31512,10736.3243,2610.2529
31513,10771.1043,2994.1185
31514,10774.0736,2737.9477
31515,10768.7404,2412.8043
31516,10757.791,2467.2548
31517,10748.7013,2357.6888
31518,10750.6306,3508.2573
31519,10742.4395,3104.754
31520,10772.6847,3223.0855
31521,10751.8967,2372.9913
31522,10761.5881,3282.222
31523,10734.3385,2495.2409
31524,10731.66,3374.8583
31525,10736.6303,2750.775
31526,10754.9461,3136.2155
31527,10766.7158,2505.9674
31528,10768.7318,2751.4457
31529,10723.0151,2916.6661
31530,10737.5303,3075.6562
31531,10731.675,2652.0103
31532,10759.7676,3437.771
31533,10742.8637,2539.7498
31534,10756.9426,3389.3073
31535,10728.8565,2692.1605
31536,10725.8666,2704.6196
31537,10731.0978,2979.6518
31538,10724.5217,3228.373
31539,10757.3658,2867.6649
31540,10743.5998,3287.8029
31541,10730.1226,2312.3345
31542,10732.0551,3412.8683
31543,10767.4442,3145.9756
31544,10720.7148,2355.6385
31545,10745.6213,3076.4676
31546,10729.103,2712.6749
31547,10745.9143,2641.4198
31548,10740.6248,2195.3014
31549,10750.3751,2632.267
31550,10735.2266,2880.6189
31551,10759.0898,2561.2506
31552,10734.338,3277.2643
31553,10744.246,3104.8644
31554,10764.2976,2658.9563
31555,10758.5156,3077.1708
31556,10737.7993,3143.2228
31557,10732.2549,3022.1994
31558,10744.0937,3213.6183
31559,10754.9128,2711.6492
31560,10763.5549,2746.4276
31561,10747.3027,3513.082
31562,10736.1963,3093.2215
31563,10710.7429,2443.3629
31564,10717.7815,2435.2727
31565,10712.6911,3389.9808
31566,10761.7365,3393.4522
31567,10741.6869,2532.1427
31568,10740.1495,2946.2397
31569,10734.8882,2265.7859
31570,10733.6221,2523.5901
31571,10744.5387,2548.816
31572,10708.7377,3068.9522
31573,10749.8374,2911.3822
31574,10742.4645,3008.5849
31575,10739.5805,2998.6052
31576,10751.3883,3520.0719
31577,10738.0742,2642.6716
31578,10755.6728,2903.121
31579,10715.0939,2478.893
31580,10734.7416,3144.9718
31581,10738.3046,2926.5198
31582,10740.0888,2934.5228
31583,10741.0031,3059.8818
31584,10709.4909,2754.4194
31585,10710.1655,2267.2834
31586,10749.985,3052.631
31587,10731.4461,3336.1692
31588,10735.3942,2934.0578
31589,10749.5268,2349.7439
31590,10722.1256,3099.8078
31591,10740.1328,2904.6871
31592,10710.9965,3205.322
31593,10700.3326,2851.7501
31594,10730.538,2249.4076
31595,10734.0616,2718.6355
31596,10703.5452,2237.0007
31597,10731.5123,3229.8379
31598,10710.9439,3482.0941
31599,10749.6535,2490.9695
31600,10698.5842,3293.2183
31601,10737.1985,3412.9527
31602,10732.587,2954.0316
31603,10745.4084,2622.9677
31604,10728.4292,3102.4177
31605,10710.7981,2402.2079
31606,10696.6552,3402.4427
31607,10745.8079,2782.6781
31608,10700.0829,2951.5358
31609,10704.0831,2630.7856
31610,10736.4812,2964.405
31611,10736.7891,3011.1397
31612,10747.14,2663.5495
31613,10716.8697,2538.1822
31614,10708.2236,2530.4632
31615,10724.1502,3503.1886
31616,10696.8653,2450.5234
31617,10716.9807,2959.4854
31618,10723.9543,3292.2547
31619,10715.4571,3279.418
31620,10731.9689,3245.2526
31621,10724.576,2292.007
31622,10715.073,3360.4054
31623,10721.3284,3251.4964
31624,10717.8216,3048.864
31625,10717.9675,2648.6888
31626,10740.8889,2996.4314
31627,10721.7013,3240.0024
31628,10690.3149,2666.5059
31629,10699.2764,3288.4967
31630,10701.7059,2262.8552
31631,10707.1151,3262.0401
31632,10721.9246,2771.2144
31633,10710.7919,2774.7077
31634,10714.042,2425.7416
31635,10699.0277,2945.349
31636,10706.7191,3084.8799
31637,10720.0567,3418.0466
31638,10733.2539,2805.8742
31639,10733.1973,2305.7085
31640,10732.386,2923.5522
31641,10710.5873,2664.0341
31642,10703.4301,2710.4267
31643,10719.033,3243.9344
31644,10688.8196,3091.2151
31645,10727.0634,2647.3138
31646,10701.1542,3036.4897
31647,10713.1474,3383.672
31648,10697.1076,3226.5568
31649,10688.4845,2314.5708
31650,10734.6441,2458.6789
31651,10697.9974,2863.0184
31652,10690.0937,3500.3827
31653,10728.3608,2459.6633
31654,10704.6771,2320.9646
31655,10689.442,3511.0304
31656,10722.9951,2177.8954
31657,10707.3391,3246.4902
31658,10726.2976,2182.5199
31659,10711.1742,3272.6738
31660,10707.0989,3314.0105
31661,10710.8106,2673.1229
31662,10710.0845,3291.8316
31663,10706.5576,2270.7475
31664,10683.305,2840.7147
31665,10704.4827,2754.5909
31666,10688.6774,3085.546
31667,10705.3971,2991.1272
31668,10717.6982,3415.1302
31669,10689.9826,3019.7655
31670,10725.7868,2891.7181
31671,10689.0573,3170.8408
31672,10711.1046,2543.1817
31673,10713.1398,3385.2244
31674,10682.9443,3362.5143
31675,10675.9316,2657.2584
31676,10690.4814,3087.9414
31677,10719.0074,2889.2691
31678,10717.0018,2314.5493
31679,10683.8929,3266.7561
31680,10719.9398,3106.6537
31681,10718.9438,2995.3526
31682,10721.7707,2499.1562
31683,10720.0997,2634.8405
31684,10717.1726,3036.6084
31685,10696.8606,3099.8578
31686,10709.3696,3369.7056
31687,10704.9268,2978.715
31688,10685.6077,3254.0225
31689,10713.427,3084.4319
31690,10700.696,2316.6689
31691,10708.2491,2471.0895
31692,10682.8668,3153.2264
31693,10698.1961,3402.3045
31694,10676.2373,3181.6532
31695,10712.4831,2929.3527
31696,10719.591,2898.9319
31697,10679.8964,2879.7419
31698,10719.6118,2235.7175
31699,10706.4774,2916.0959
31700,10685.0397,2791.3211
31701,10709.9266,2885.9438
31702,10685.3617,2544.4932
31703,10693.3219,2948.1841
31704,10690.9144,3138.5323
31705,10674.878,2584.4835
31706,10692.6201,2429.4225
31707,10683.6364,2645.177
31708,10694.8141,3395.9797
31709,10687.3962,2758.1339
31710,10714.2255,3514.7234
31711,10676.2249,2278.4902
31712,10704.3891,2796.094
31713,10711.8206,2829.247
31714,10678.0224,2699.7687
31715,10671.5157,2396.1608
31716,10690.7663,2212.6664
31717,10699.2268,2546.3
31718,10687.9175,2344.1708
31719,10694.9092,2686.6269
31720,10660.9687,2810.1685
31721,10669.9418,2872.5055
31722,10699.1603,2657.8872
31723,10664.8678,3226.3672
31724,10704.8058,3309.3974
31725,10683.4328,2675.3555
31726,10709.2687,2391.4172
31727,10674.9536,2465.2074
31728,10668.2058,2740.1411
31729,10658.851,2253.3861
31730,10706.6605,2805.0241
31731,10698.7938,2695.6357
31732,10687.981,2340.2351
31733,10695.1464,2824.4892
31734,10689.5693,3255.0118
31735,10697.3167,3152.0568
31736,10660.3458,3405.1015
31737,10689.4379,3188.8119
31738,10674.0159,2184.5189
31739,10679.1445,2438.8235
31740,10654.0917,2633.6031
31741,10679.0817,2556.1971
31742,10689.343,2643.6292
31743,10672.7428,2246.4474
31744,10701.0089,2283.8903
31745,10658.2026,3152.7822
31746,10655.8582,3178.1678
31747,10674.4605,2677.3274
31748,10693.9851,3373.1771
31749,10665.407,3447.3775
31750,10691.8921,2617.9277
31751,10676.4375,3378.4561
31752,10662.3094,2906.9575
31753,10677.7505,2827.399
31754,10682.6483,2650.8853
31755,10662.5631,2578.2645
31756,10660.2094,2459.4976
31757,10690.9314,3164.8683
31758,10697.5662,3217.4218
31759,10654.5437,2976.8162
31760,10672.9319,3449.5517
31761,10693.5542,2298.2075
31762,10693.7077,3191.3748
31763,10663.447,2347.3221
31764,10689.4006,3305.0218
31765,10645.9439,3085.6833
31766,10674.3663,2284.6305
31767,10690.2163,3346.1041
31768,10664.0311,3030.4613
31769,10671.1173,2965.9314
31770,10660.0944,2191.4133
31771,10643.713,3473.5803
31772,10679.0205,3097.6143
31773,10665.1828,3174.5835
31774,10671.1507,3366.7875
31775,10693.3374,2985.0757
31776,10661.6058,2669.5969
31777,10644.838,3427.8329
31778,10683.7232,3376.8854
31779,10667.9307,2957.0034
31780,10648.3718,2902.1607
31781,10653.8907,3251.4916
31782,10645.3354,3254.6844
31783,10677.7975,2551.8927
31784,10692.6088,3230.6333
31785,10671.173,2332.8205
31786,10652.4155,3434.0626
31787,10659.7524,3361.1385
31788,10643.288,2223.0601
31789,10661.3153,3226.752
31790,10641.4932,2625.4133
31791,10642.9193,3343.6736
31792,10645.9031,3313.1835
31793,10685.0755,2342.3084
31794,10643.0767,3444.8405
31795,10677.4145,3167.9789
31796,10661.0871,2699.2467
31797,10678.1644,3406.1644
31798,10645.1866,2249.114
31799,10646.6082,2967.9878
31800,10637.0887,2441.2285
31801,10640.4109,2571.1827
31802,10647.2267,3280.3071
31803,10652.7485,3183.6434
31804,10676.0142,2998.0884
31805,10682.3554,3243.7748
31806,10677.0536,3362.5142
31807,10637.6111,2526.4514
31808,10632.8613,2582.1965
31809,10633.7012,2183.3079
31810,10680.2487,2452.4046
31811,10643.9216,2566.6349
31812,10643.2041,3082.2503
31813,10641.1615,3094.1939
31814,10667.6148,2978.797
31815,10636.5806,2368.1752
31816,10649.5308,2741.6544
31817,10642.8338,2862.6759
31818,10638.515,2638.8631
31819,10662.7511,3485.0025
31820,10675.1695,3209.6733
31821,10631.0138,2464.2534
31822,10653.415,2968.2644
31823,10655.2128,2661.2145
31824,10659.3114,3424.472
31825,10636.6349,2666.547
31826,10673.0033,2769.7336
31827,10648.9621,2622.2314
31828,10673.7313,2324.4522
31829,10639.0133,2264.1614
31830,10669.5894,2652.4992
31831,10676.0667,3473.5786
31832,10653.1536,3148.7791
31833,10635.4208,2232.1455
31834,10629.0292,2690.3899
31835,10636.258,2867.4125
31836,10644.7036,2896.4334
31837,10673.1886,2610.3914
31838,10668.9463,3369.8792
31839,10633.9974,2806.4345
31840,10635.7018,2315.7234
31841,10640.9113,2290.8884
31842,10624.0041,3355.8155
31843,10622.3167,2576.0652
31844,10656.1735,3195.5352
31845,10652.9644,3177.9855
31846,10642.7791,2900.4116
31847,10664.4755,2946.5406
31848,10643.2448,3328.537
31849,10670.6913,2862.0318
31850,10669.3503,2284.1844
31851,10629.2549,2542.793
31852,10662.4746,3205.0468
31853,10638.8754,3350.1189
31854,10668.6537,2239.7531
31855,10623.0534,3482.3211
31856,10653.3799,3234.2017
31857,10640.8417,2886.6788
31858,10663.9641,2756.5735
31859,10619.7724,2246.3365
31860,10657.0985,2307.1849
31861,10635.2105,3401.598
31862,10663.2099,2710.9799
31863,10625.61,3462.1627
31864,10658.513,2997.5101
31865,10639.6879,3003.4255
31866,10645.2569,2212.6976
31867,10666.7391,3107.6452
31868,10664.455,3132.0839
31869,10633.7363,2753.7165
31870,10653.8691,3146.4688
31871,10646.2159,3043.1703
31872,10665.0814,3424.3123
31873,10664.4829,2795.9907
31874,10649.6565,3373.7649
31875,10614.6193,2361.6719
31876,10654.8708,3442.3388
31877,10624.1127,3249.5768
31878,10654.32,3154.3683
31879,10617.1562,2442.6218
31880,10627.9915,3449.3033
31881,10656.5057,3097.9984
31882,10639.3976,2169.4952
31883,10660.7135,2784.3544
31884,10646.9682,2818.2695
31885,10630.7353,3207.0344
31886,10659.3138,3486.018
31887,10625.4149,2564.856
31888,10621.8137,2528.1904
31889,10639.5921,2897.1547
31890,10612.4885,2525.0586
31891,10610.6709,3349.1328
31892,10639.4752,2320.3378
31893,10629.7745,2652.6672
31894,10646.2513,2359.9276
31895,10611.1086,2736.1005
31896,10629.1299,2638.9343
31897,10654.3908,2570.8416
31898,10618.1857,2968.679
31899,10616.3897,2734.8765
31900,10658.0822,3476.7214
31901,10650.0542,2322.0837
31902,10606.5004,2399.6723
31903,10625.367,3294.1187
31904,10630.6383,3481.7123
31905,10620.4664,3135.1397
31906,10643.7165,2440.8726
31907,10614.8741,2545.7697
31908,10639.9132,2526.6118
31909,10623.624,3239.9517
31910,10611.3637,2809.6394
31911,10646.458,2239.6891
31912,10624.7942,2691.3613
31913,10638.4132,2271.2285
31914,10605.204,3159.6849
31915,10651.5982,3027.1759
31916,10621.8214,2308.238
31917,10637.2989,3076.2701
31918,10622.7126,2627.0857
31919,10646.0025,2672.8178
31920,10630.6521,3237.7506
31921,10647.1752,2501.0391
31922,10613.3363,2609.7628
31923,10633.1052,2920.5658
31924,10619.7346,3261.5677
31925,10637.7646,2540.0383
31926,10624.197,3249.7354
31927,10626.2216,2486.4296
31928,10626.9433,2522.721
31929,10600.2813,2990.1025
31930,10605.8973,2961.2272
31931,10636.3941,2344.6924
31932,10605.0061,3413.0086
31933,10641.5087,2450.9144
31934,10648.5271,3285.1114
31935,10619.0331,3392.5932
31936,10618.7034,2642.2633
31937,10639.9682,2590.9
31938,10605.2408,2518.9131
31939,10612.6633,2479.6871
31940,10610.0276,2698.9072
31941,10629.87,2329.3421
31942,10637.0361,3349.1602
31943,10632.2717,2222.9609
31944,10623.325,2181.8568
31945,10640.1135,2334.0825
31946,10604.5913,2727.8462
31947,10619.4468,3312.5734
31948,10636.1696,2171.5776
31949,10612.7711,3351.3091
31950,10642.9875,2924.7241
31951,10641.4172,2939.3161
31952,10597.2715,2943.0881
31953,10643.0339,2350.3773
31954,10641.0768,2890.0353
31955,10617.6017,3199.759
31956,10637.3509,3068.9896
31957,10641.0421,3163.4586
31958,10623.3618,2510.4297
31959,10620.4572,3281.9199
31960,10636.8494,3240.3449
31961,10638.2947,3196.2937
31962,10590.988,2506.4533
31963,10591.5348,2245.9227
31964,10630.9339,3322.3261
31965,10588.5119,2734.0194
31966,10616.1468,2807.489
31967,10609.5442,3416.7977
31968,10613.4888,3060.1977
31969,10631.5913,3422.1479
31970,10622.0752,2619.4638
31971,10621.1328,3221.5519
31972,10623.4642,2981.4499
31973,10612.9139,3405.5319
31974,10586.9211,2854.4973
31975,10603.6066,2895.1767
31976,10631.2792,2303.7823
31977,10615.7143,3372.4439
31978,10627.2348,2680.0008
31979,10617.6891,2234.7199
31980,10608.563,3321.645
31981,10608.307,3123.5989
31982,10630.6741,2996.8365
31983,10584.8615,3474.3919
31984,10621.914,2996.9649
31985,10589.0798,2782.6257
31986,10590.6522,3084.5574
31987,10581.9448,2405.4676
31988,10621.4704,3111.0699
31989,10589.4357,3327.7506
31990,10587.5494,3417.2318
31991,10632.7506,2960.9261
31992,10614.8211,3303.7771
31993,10632.0985,2599.4169
31994,10615.2247,3424.8546
31995,10604.9124,3257.577
31996,10580.116,2318.5611
31997,10625.8028,3247.1223
31998,10626.6756,2207.9368
31999,10599.5152,2378.1244
32000,10588.2904,2981.4195
32001,10616.1827,2936.4828
32002,10599.4341,3297.3462
32003,10626.3998,3014.0237
32004,10627.5171,3476.3783
32005,10584.1377,3184.0804
32006,10625.4283,2287.2774
32007,10593.7902,2215.9623
32008,10583.1636,2725.8963
32009,10611.4985,3264.6209
32010,10618.3872,2273.7855
32011,10598.165,3181.6789
32012,10626.9061,3281.8557
32013,10578.912,2983.5209
32014,10579.8556,2436.1534
32015,10592.4584,2371.4101
32016,10577.674,2402.421
32017,10620.2818,3364.527
32018,10626.0564,2760.9808
32019,10620.8344,2941.3675
32020,10579.7726,2730.2218
32021,10601.6176,2386.9567
32022,10603.107,2801.8769
32023,10582.1886,2563.6988
32024,10603.4677,2918.7563
32025,10615.9833,2679.5322
32026,10614.4855,2345.409
32027,10611.9949,3344.4973
32028,10607.1212,3411.4229
32029,10613.394,3483.6941
32030,10587.9713,2504.2337
32031,10600.3887,2881.2537
32032,10607.8091,2379.8285
32033,10590.7731,3225.5428
32034,10570.3572,3259.6726
32035,10600.614,2816.0293
32036,10593.6244,2575.4223
32037,10570.9966,2710.3905
32038,10589.4246,3353.5832
32039,10617.8494,3268.9612
32040,10613.1359,2705.7082
32041,10574.5643,2814.7633
32042,10589.114,2998.5192
32043,10611.0737,3111.2948
32044,10587.5063,3032.6615
32045,10596.9711,2670.8113
32046,10589.9552,3179.1636
32047,10585.297,3276.2792
32048,10615.1778,2229.4569
32049,10592.0265,3232.731
32050,10575.2395,2812.4849
32051,10576.7698,3088.2221
32052,10585.9579,3088.4529
32053,10583.5939,3172.35
32054,10569.3527,3457.4108
32055,10602.4606,2484.4515
32056,10598.717,2664.1114
32057,10572.7015,3083.8917
32058,10597.896,3362.2547
32059,10584.9009,2723.0647
32060,10614.5561,2786.5634
32061,10597.2017,3349.7753
32062,10576.4106,2939.7239
32063,10565.7554,2492.6156
32064,10567.3294,3134.1659
32065,10579.4891,2344.7491
32066,10581.8965,3425.7374
32067,10587.0265,3162.9502
32068,10599.2135,3110.2648
32069,10580.9775,2844.0396
32070,10594.1919,3250.6387
32071,10569.5401,3035.4486
32072,10587.2546,3217.8731
32073,10579.7112,2420.3788
32074,10567.9811,2563.9174
32075,10581.9821,2482.9665
32076,10575.1737,2803.4701
32077,10579.2279,3041.1073
32078,10590.4289,2377.2302
32079,10592.2403,3178.234
32080,10605.1833,2524.5573
32081,10584.7978,3445.3312
32082,10572.0374,2175.4131
32083,10595.1162,2244.4553
32084,10604.8501,3224.5825
32085,10579.0265,2577.5124
32086,10559.8625,3199.1623
32087,10579.5272,2260.4317
32088,10558.3299,2250.4771
32089,10560.4691,3376.2877
32090,10581.4202,2220.4177
32091,10573.0553,3289.9341
32092,10567.5468,2896.862
32093,10585.8328,2900.719
32094,10560.8205,2990.7499
32095,10556.8601,2707.6604
32096,10566.9917,3219.2117
32097,10557.0571,3444.3069
32098,10584.2952,3164.8225
32099,10606.6715,3149.6909
32100,10587.8413,2954.7688
32101,10596.3446,2909.2507
32102,10570.8109,2253.0894
32103,10585.1499,2208.5723
32104,10597.188,2710.8511
32105,10570.2785,2809.4453
32106,10566.2065,2566.9403
32107,10555.472,2372.6624
32108,10576.5728,3469.0415
32109,10562.08,2823.5553
32110,10583.8222,2864.4702
32111,10593.1296,2643.673
32112,10599.9034,3140.3752
32113,10578.0454,2771.0868
32114,10565.3913,2311.9586
32115,10575.6251,2904.2738
32116,10558.1644,2767.9853
32117,10596.7506,2335.4122
32118,10586.7073,2218.1527
32119,10568.5642,3309.5381
32120,10581.9107,2410.5389
32121,10551.6816,3142.1293
32122,10556.4012,3107.0304
32123,10554.7037,2529.5768
32124,10554.4734,3282.9396
32125,10594.3031,3296.4811
32126,10562.0724,2760.8049
32127,10587.8254,2976.6001
32128,10580.0415,2678.5311
32129,10584.1877,3106.4553
32130,10571.4468,2625.3609
32131,10583.9926,3126.6789
32132,10555.4465,2183.7748
32133,10554.9114,2690.7802
32134,10574.8742,2219.1024
32135,10561.8734,3410.7474
32136,10575.9149,2569.616
32137,10581.1981,2269.2426
32138,10562.696,2826.1313
32139,10581.1259,3365.0873
32140,10575.0034,2519.5079
32141,10581.3089,3095.3253
32142,10577.5697,2229.2934
32143,10565.5008,2682.0655
32144,10561.0097,2363.2164
32145,10548.6535,2808.8854
32146,10558.7402,2150.3164
32147,10562.9477,2815.4329
32148,10587.0264,2989.6487
32149,10584.3407,2339.3501
32150,10555.7822,2600.3493
32151,10571.1161,2741.202
32152,10574.2869,2853.8481
32153,10553.3401,3467.5629
32154,10562.305,3084.1472
32155,10592.6158,3472.6605
32156,10578.5118,3360.976
32157,10543.791,2534.9594
32158,10566.2805,2726.7572
32159,10580.5971,2993.6822
32160,10545.4625,2787.9451
32161,10576.0185,3125.2626
32162,10592.3357,2247.6234
32163,10589.8942,2764.1864
32164,10585.8564,2224.5631
32165,10565.8776,2488.1598
32166,10582.4179,2398.1705
32167,10586.6534,3274.2107
32168,10568.9255,3059.4459
32169,10540.7933,2537.9298
32170,10577.1077,2458.0333
32171,10581.0141,2641.1591
32172,10565.641,2390.974
32173,10581.5824,2440.0428
32174,10577.0075,2854.6782
32175,10555.5251,2977.213
32176,10575.1515,2296.1099
32177,10566.3545,2154.6519
32178,10563.9419,2941.9157
32179,10545.5312,3463.5952
32180,10541.4529,2350.3912
32181,10568.588,2804.9069
32182,10577.7119,2975.7427
32183,10556.7815,3080.5873
32184,10541.4773,3167.2351
32185,10578.1282,2302.3561
32186,10571.8419,3285.0678
32187,10586.8905,2301.181
32188,10553.1829,2377.9725
32189,10550.2319,2467.2194
32190,10580.1149,2332.4891
32191,10587.0257,3474.1741
32192,10570.8962,2891.3152
32193,10549.7386,2865.5967
32194,10561.914,2356.8773
32195,10547.8214,3410.2445
32196,10549.0129,3067.8001
32197,10554.1791,2261.855
32198,10563.1704,2812.6385
32199,10583.0463,3243.2334
32200,10536.5131,2471.956
32201,10535.5116,2769.905
32202,10561.261,3053.2988
32203,10579.7706,2239.0198
32204,10558.6557,3448.2199
32205,10547.2855,3233.3953
32206,10564.8486,3466.9415
32207,10551.1337,3411.5858
32208,10541.4378,3258.3196
32209,10542.9516,2980.5542
32210,10582.4002,2879.0618
32211,10560.3395,2887.6391
32212,10570.7707,2919.0847
32213,10564.1084,2777.8851
32214,10556.004,3141.3129
32215,10571.0946,3388.6422
32216,10560.4308,2816.5448
32217,10538.2702,2794.4053
32218,10570.5861,2930.6564
32219,10578.4798,2860.1898
32220,10534.6889,2703.9631
32221,10559.2692,2616.6342
32222,10548.1981,3316.6649
32223,10540.4714,2351.4187
32224,10543.678,3221.2439
32225,10567.0755,3336.6908
32226,10573.5142,3162.1806
32227,10545.2729,3109.2476
32228,10538.6219,3399.8805
32229,10560.9038,2692.1113
32230,10560.3389,3284.9829
32231,10545.5717,2429.392
32232,10561.0525,3195.7235
32233,10551.7392,3002.4434
32234,10574.2462,3200.4094
32235,10535.0683,2751.4958
32236,10560.3245,2807.5715
32237,10567.0802,2596.9176
32238,10528.5615,3338.7166
32239,10571.6779,2856.8918
32240,10533.2833,2172.7817
32241,10566.0777,3134.5874
32242,10553.1968,2671.8825
32243,10541.0749,2279.8283
32244,10549.7821,2355.2649
32245,10549.3674,2518.6778
32246,10564.1133,2994.7335
32247,10570.4381,2249.2577
32248,10540.8123,2581.9838
32249,10557.9416,3301.5627
32250,10576.1095,3320.7029
32251,10539.1127,2796.5287
32252,10562.4419,3206.1112
32253,10565.4847,2724.3834
32254,10545.7765,3288.3328
32255,10564.7206,2731.866
32256,10571.9907,3249.8143
32257,10558.7507,2794.1863
32258,10544.3146,2644.4996
32259,10534.4015,2989.3421
32260,10569.7713,3364.7527
32261,10565.2587,2598.1713
32262,10575.8317,2827.1299
32263,10574.1556,3065.3203
32264,10562.9108,2419.4339
32265,10528.5215,3011.6646
32266,10534.7351,2250.4821
32267,10532.1043,3042.5174
32268,10566.5279,3325.5322
32269,10563.9893,2601.9639
32270,10573.6486,2640.2223
32271,10570.7416,2579.0504
32272,10545.3469,2795.8869
32273,10532.2168,2486.4598
32274,10547.6523,2803.6056
32275,10533.6114,2452.439
32276,10565.0678,3260.9448
32277,10545.869,3262.5023
32278,10570.2334,2161.2544
32279,10549.9634,2997.2534
32280,10555.1616,2611.3767
32281,10566.5696,2883.4784
32282,10530.6876,2937.7314
32283,10539.1548,3175.3522
32284,10570.1111,2910.9013
32285,10557.0705,2213.5824
32286,10548.4742,2503.132
32287,10540.3426,2554.9584
32288,10559.2464,3144.3568
32289,10552.0833,3294.0262
32290,10519.0803,3340.6033
32291,10567.2109,3355.2505
32292,10527.4002,2656.2269
32293,10523.0171,3050.5875
32294,10520.2274,3226.3873
32295,10567.5337,2655.0684
32296,10538.3116,3436.6146
32297,10521.2812,3028.0237
32298,10530.5688,2835.5551
32299,10548.2558,3130.8399
32300,10569.5688,2883.8097
32301,10524.1077,2992.3915
32302,10554.8841,2764.2319
32303,10565.1456,2501.0053
32304,10540.6401,3062.0997
32305,10557.5114,2666.7774
32306,10542.2193,3380.1596
32307,10568.7261,2406.895
32308,10565.7185,2464.4487
32309,10529.9778,3201.3142
32310,10530.3632,3050.5018
32311,10517.8954,2222.9706
32312,10522.3404,2753.8729
32313,10565.7326,3333.3392
32314,10534.1235,3167.7538
32315,10529.7851,2603.2777
32316,10543.9593,2984.8596
32317,10527.2004,2392.9678
32318,10558.3833,3089.0108
32319,10532.5312,3175.4754
32320,10566.319,2361.1953
32321,10547.087,2329.4727
32322,10539.8408,2909.8633
32323,10558.8965,2781.6897
32324,10539.0902,2737.1443
32325,10558.2793,2875.2091
32326,10543.7451,3374.4092
32327,10518.4935,3232.7384
32328,10553.8567,3427.7377
32329,10540.5573,2320.1423
32330,10534.4037,2972.7177
32331,10531.0959,2653.0174
32332,10555.6917,2857.0102
32333,10525.3813,3157.6845
32334,10516.5743,2709.3891
32335,10535.3681,2840.899
32336,10516.7633,2941.6067
32337,10514.2351,2464.5965
32338,10549.3451,2181.792
32339,10541.8532,2540.8716
32340,10524.3935,2831.6314
32341,10519.6134,3088.4876
32342,10547.0946,3332.8075
32343,10563.7736,2454.39
32344,10557.8872,2871.3645
32345,10514.9066,2440.1144
32346,10552.3753,2908.3625
32347,10540.2743,2364.8084
32348,10513.2985,3153.8488
32349,10512.6886,3207.8472
32350,10558.3377,3263.9345
32351,10534.9615,2541.381
32352,10559.8641,3462.1675
32353,10539.9494,3058.5838
32354,10558.982,3341.8531
32355,10553.5645,2937.7391
32356,10529.277,2694.4557
32357,10520.5071,2207.3357
32358,10543.1051,2744.9344
32359,10561.0525,2814.6765
32360,10554.5517,3047.2969
32361,10555.8492,2277.3209
32362,10528.0494,2526.1853
32363,10526.5643,3317.0723
32364,10519.2174,3070.7448
32365,10554.0634,2495.1445
32366,10517.2561,2880.096
32367,10520.8109,2958.2315
32368,10532.9095,3285.0084
32369,10540.3678,2179.2548
32370,10520.6962,2496.2343
32371,10555.1003,2798.9186
32372,10545.8099,2464.948
32373,10528.0524,2885.8253
32374,10545.1274,3139.8826
32375,10519.6027,2163.4869
32376,10512.4675,3284.0584
32377,10546.243,2722.2832
32378,10537.4217,3035.9031
32379,10543.6282,2240.6164
32380,10536.7171,2531.1811
32381,10542.4066,2701.7016
32382,10550.4118,2716.9285
32383,10510.8811,3131.4326
32384,10545.0802,2961.1377
32385,10521.1344,3276.4934
32386,10517.6707,3032.0453
32387,10558.346,2873.5616
32388,10547.2891,2565.1777
32389,10539.4572,2279.8956
32390,10544.1129,2770.8664
32391,10532.0396,3258.0795
32392,10523.4757,2663.5386
32393,10507.4562,3412.9423
32394,10555.1828,2691.4217
32395,10514.5038,2563.4327
32396,10510.2026,2498.6972
32397,10516.4917,2652.8865
32398,10551.6994,2846.3846
32399,10533.0253,3234.0394
32400,10557.543,2879.0926
32401,10512.4411,2563.9725
32402,10523.0065,3411.4003
32403,10547.5755,3081.0346
32404,10542.0148,2565.7098
32405,10544.2205,2399.815
32406,10558.4905,2962.899
32407,10535.8795,3392.2468
32408,10529.3653,2385.5153
32409,10529.1176,3427.8502
32410,10553.8135,3109.2894
32411,10520.7407,3012.0915
32412,10552.0737,2758.9509
32413,10520.6211,3393.7627
32414,10544.7058,2726.504
32415,10554.7018,2248.2229
32416,10536.7988,2568.2973
32417,10530.152,2991.2381
32418,10553.9102,2966.2185
32419,10538.8561,2720.7166
32420,10533.8379,3436.4336
32421,10521.0797,2482.3688
32422,10541.9932,2879.1326
32423,10527.0553,2528.4586
32424,10548.4475,2399.5889
32425,10547.6574,3103.629
32426,10548.047,3445.9253
32427,10546.3956,2908.9659
32428,10548.4875,2969.0379
32429,10506.6699,2183.3258
32430,10549.4936,2169.0619
32431,10505.2103,3038.5749
32432,10550.0332,2577.4686
32433,10528.6724,3348.8548
32434,10555.323,2318.96
32435,10543.971,2546.3443
32436,10537.2039,2454.2529
32437,10539.8711,2891.9988
32438,10544.8579,2251.3347
32439,10556.1695,2772.9434
32440,10535.9652,2276.0319
32441,10535.8761,2658.5208
32442,10540.0043,3317.1042
32443,10525.9394,2799.4773
32444,10550.0012,2619.9145
32445,10553.1574,3272.1044
32446,10554.2789,2557.4674
32447,10536.7954,2462.6468
32448,10553.8469,2870.4503
32449,10540.7886,2994.6459
32450,10536.4943,3125.5935
32451,10525.7595,2661.3541
32452,10538.6605,2336.1562
32453,10542.3523,2751.3393
32454,10555.4042,2624.59
32455,10512.2924,3416.6225
32456,10550.594,2413.5503
32457,10512.5137,2816.834
32458,10552.0585,2202.6237
32459,10546.5321,2958.0756
32460,10545.7652,3169.5756
32461,10541.2904,3427.8942
32462,10538.9733,3385.2147
32463,10533.6741,2192.7044
32464,10543.0824,3071.7898
32465,10548.8614,3136.849
32466,10507.5966,2640.3555
32467,10535.4161,2846.4432
32468,10507.4667,2608.3923
32469,10538.473,3396.4441
32470,10508.9736,3200.8601
32471,10503.8014,2959.1699
32472,10507.9447,2721.425
32473,10514.8418,2543.0042
32474,10521.2804,3188.4442
32475,10536.3022,2476.134
32476,10525.5683,2164.8061
32477,10506.874,2217.7554
32478,10544.1663,3148.026
32479,10549.2788,2431.5779
32480,10506.8162,3170.0493
32481,10507.5527,3064.6033
32482,10524.1213,2701.9035
32483,10523.8602,3256.9317
32484,10504.3055,2714.6315
32485,10542.1289,2709.5637
32486,10524.9391,3373.723
32487,10548.8468,2189.9131
32488,10541.5524,2797.4828
32489,10541.2571,2517.5766
32490,10539.1804,3083.6902
32491,10503.7676,2176.0893
32492,10545.996,3327.6179
32493,10544.1421,3322.2232
32494,10521.1003,2905.7362
32495,10511.2334,3412.8895
32496,10509.6999,2156.0734
32497,10530.696,3130.7046
32498,10539.1109,2859.1009
32499,10535.0584,2478.7308
32500,10548.6962,2822.2246
32501,10542.7693,2678.8947
32502,10522.5182,3210.0362
32503,10520.5667,3397.0181
32504,10551.7207,2928.7922
32505,10504.756,3289.053
32506,10536.5461,3383.8887
32507,10528.1483,2916.2268
32508,10506.195,3173.198
32509,10534.4967,2664.177
32510,10517.0424,2415.4869
32511,10553.5015,2780.9613
32512,10513.1429,2314.5475
32513,10506.5356,2954.6798
32514,10535.4419,3320.1091
32515,10545.8562,3365.6462
32516,10503.2211,2477.0932
32517,10536.3067,2660.9387
32518,10539.7249,2994.3411
32519,10550.4946,3165.2174
32520,10526.3381,2265.4636
32521,10519.5996,2174.7113
32522,10504.5732,2727.8686
32523,10510.9661,3076.6143
32524,10523.5766,2312.7267
32525,10528.0042,3458.5069
32526,10513.9749,3423.2558
32527,10522.335,2620.7283
32528,10524.0523,3170.6971
32529,10532.8435,2668.7695
32530,10547.3351,2741.3419
32531,10544.4253,3058.7271
32532,10506.7371,3418.3063
32533,10507.4541,2393.2241
32534,10545.4175,2362.2116
32535,10507.0837,2428.0605
32536,10548.9238,2519.3796
32537,10523.9451,2766.2146
32538,10513.5555,2475.2809
32539,10517.4512,3139.5208
32540,10507.3717,2882.4971
32541,10514.7788,2773.3766
32542,10519.699,3240.0191
32543,10529.1247,2631.2968
32544,10538.0153,3390.7606
32545,10500.3866,3179.9318
32546,10533.5173,3273.5269
32547,10526.9504,2348.9219
32548,10547.1357,3336.5996
32549,10508.2569,3000.1247
32550,10517.3798,3014.0281
32551,10552.6954,3206.1809
32552,10533.3057,2657.0383
32553,10531.3153,2589.9093
32554,10543.5363,3045.0646
32555,10552.1828,3184.5992
32556,10516.5417,3110.6442
32557,10507.9977,3236.1751
32558,10506.9401,3385.7541
32559,10517.021,2352.9346
32560,10524.3223,2243.244
32561,10526.9694,2970.5327
32562,10552.3705,3133.7112
32563,10508.652,3080.7717
32564,10533.833,3332.8547
32565,10510.7835,3190.9285
32566,10551.9668,2507.5494
32567,10514.8593,3139.3611
32568,10509.1835,2449.318
32569,10539.0898,2857.7733
32570,10518.1945,2519.1046
32571,10504.9378,2919.8884
32572,10523.1878,3279.142
32573,10506.8432,3245.1162
32574,10552.4807,3390.9074
32575,10524.7426,2878.7009
32576,10550.3612,2875.3708
32577,10536.4866,2921.3168
32578,10550.9701,2399.5361
32579,10542.7544,2312.1798
32580,10517.3369,2972.0618
32581,10549.0034,3382.9231
32582,10500.2538,3414.6545
32583,10510.9322,2620.8982
32584,10537.7588,2857.4866
32585,10530.4918,3421.9282
32586,10547.8149,2783.4693
32587,10543.0289,3133.9552
32588,10539.87,2781.4321
32589,10541.8446,2147.6512
32590,10543.3868,2577.7026
32591,10510.2203,2473.1453
32592,10539.321,3139.3406
32593,10513.7576,2626.6607
32594,10502.6161,2844.8915
32595,10502.2805,2947.863
32596,10521.9979,2314.8531
32597,10542.1943,2579.4454
32598,10540.1641,3286.9841
32599,10527.409,3360.6891
32600,10512.2877,3078.9299
32601,10519.2646,2715.2874
32602,10503.0119,2548.4806
32603,10510.5608,2162.5634
32604,10536.9129,2176.0686
32605,10519.4124,2339.1527
32606,10546.1128,3224.9428
32607,10516.9054,2194.5868
32608,10515.533,3038.4298
32609,10552.3914,3405.8884
32610,10519.6218,3135.6962
32611,10539.0979,3263.1032
32612,10532.6289,3146.4738
32613,10543.064,3028.4945
32614,10510.3629,2962.5889
32615,10542.3435,2357.9957
32616,10547.0998,2295.8389
32617,10547.0711,3354.5349
32618,10516.5657,3430.6604
32619,10520.81,3021.318
32620,10551.5482,2738.1971
32621,10550.0482,2813.7072
32622,10512.4822,3411.3092
32623,10533.4962,2968.9066
32624,10525.2667,2793.0135
32625,10500.0784,3418.4418
32626,10504.4014,2507.2735
32627,10508.0083,2946.4033
32628,10533.7527,2476.1818
32629,10548.5394,2589.098
32630,10531.3633,2635.7508
32631,10542.9246,3101.9815
32632,10500.9384,3295.7172
32633,10547.1224,2199.9906
32634,10535.4468,3344.8487
32635,10511.2382,3393.6796
32636,10505.627,3299.0908
32637,10508.4961,2809.1591
32638,10504.4864,2779.5034
32639,10504.8347,3169.3261
32640,10504.832,3316.1394
32641,10540.8343,2140.571
32642,10550.0018,2236.2917
32643,10543.8109,2300.2603
32644,10516.8146,3331.693
32645,10532.4058,2230.5215
32646,10543.7907,3320.7523
32647,10546.6436,2443.9872
32648,10518.2233,2412.6559
32649,10548.136,2689.8854
32650,10513.325,3447.1949
32651,10500.7668,2910.7939
32652,10523.7599,2667.9651
32653,10506.6987,2570.0613
32654,10552.156,3274.1015
32655,10504.7877,2270.5189
32656,10509.1942,2449.153
32657,10538.2863,3358.7618
32658,10529.9461,3196.4204
32659,10523.5278,2854.7766
32660,10531.3037,2916.5007
32661,10506.7128,2317.8339
32662,10516.5162,3029.1169
32663,10513.1942,2664.7961
32664,10541.6874,3354.4364
32665,10501.9184,3297.2328
32666,10535.1043,2337.9805
32667,10548.0813,2693.309
32668,10513.3526,2778.8687
32669,10528.0165,2855.475
32670,10528.5889,2985.0261
32671,10530.5651,3369.7268
32672,10507.0408,2971.2286
32673,10504.4501,2444.2792
32674,10527.9234,3201.6731
32675,10535.8728,3027.9819
32676,10525.0467,3301.7078
32677,10552.3242,3448.1331
32678,10531.7648,2145.6312
32679,10523.2966,2953.1203
32680,10529.0546,3443.2072
32681,10551.3833,3347.3921
32682,10520.9581,2562.5659
32683,10513.8014,2319.4916
32684,10514.6939,2889.1782
32685,10504.6543,3255.4286
32686,10509.2056,2990.7441
32687,10541.3356,3097.4678
32688,10544.3556,2405.5389
32689,10525.2847,2637.8834
32690,10532.1823,3275.8388
32691,10522.0621,3317.5753
32692,10541.3229,2504.7468
32693,10550.4005,2984.5779
32694,10544.8466,2689.0821
32695,10510.1558,2968.1863
32696,10538.8016,2772.1498
32697,10545.043,2235.3789
32698,10537.5818,3355.7431
32699,10543.6286,3465.5196
32700,10507.3971,2225.3555
32701,10544.4295,3236.9038
32702,10533.2703,2343.5469
32703,10527.3304,2909.0474
32704,10503.9318,3444.9815
32705,10511.7266,3180.7895
32706,10527.9426,3338.8077
32707,10522.7118,3226.8684
32708,10513.5077,2678.987
32709,10508.0545,3376.4265
32710,10530.4814,2563.6415
32711,10545.023,2974.7315
32712,10529.9825,3216.3968
32713,10509.2538,2637.9342
32714,10550.2099,3253.1069
32715,10547.9509,3385.4665
32716,10504.796,3178.4201
32717,10524.4853,2743.6156
32718,10508.9087,2926.1673
32719,10548.93,3441.8578
32720,10521.3127,2719.4508
32721,10508.9417,2610.1102
32722,10547.3989,2227.3477
32723,10534.6972,3177.2584
32724,10523.6014,2915.0423
32725,10522.7514,2149.187
32726,10540.3638,2742.2477
32727,10552.8742,2338.9702
32728,10551.08,2644.5735
32729,10521.408,3371.9037
32730,10544.4752,3082.4019
32731,10547.6616,2526.941
32732,10546.2978,3125.5705
32733,10507.8475,2418.0573
32734,10500.955,2699.0359
32735,10545.017,2627.0657
32736,10525.5762,3133.2052
32737,10510.4069,2145.148
32738,10502.8826,2951.9716
32739,10537.6605,3355.999
32740,10516.9713,2358.5431
32741,10519.7106,2435.9834
32742,10539.3542,2298.711
32743,10550.4601,2156.2308
32744,10523.5785,2980.3154
32745,10550.4226,3388.7719
32746,10501.7803,2509.6895
32747,10547.3416,3239.2147
32748,10544.8187,2266.4824
32749,10506.4536,2977.7242
32750,10508.639,3439.393
32751,10523.9702,3387.4592
32752,10503.8054,2986.129
32753,10518.8285,3347.1394
32754,10502.4815,3056.968
32755,10529.6265,2292.7832
32756,10529.0263,3123.4846
32757,10547.432,2295.0774
32758,10534.5115,3091.4027
32759,10527.7841,2638.3071
32760,10550.5298,3219.2997
32761,10510.059,2155.545
32762,10547.6425,3256.555
32763,10503.6801,2329.7849
32764,10530.0289,2637.0575
32765,10513.2825,2665.9854
32766,10501.0606,2745.1173
32767,10543.1519,2377.5027
32768,10533.8252,3062.8729
32769,10536.8278,2421.2879
32770,10510.1204,2705.1052
32771,10508.6743,2166.3667
32772,10528.5623,3075.0387
32773,10516.4884,2775.9557
32774,10539.9509,3259.999
32775,10514.3266,3371.2289
32776,10515.319,2493.5536
32777,10515.9486,3454.9871
32778,10519.6002,3216.4186
32779,10511.3843,2246.9786
32780,10510.8213,3262.2927
32781,10537.5919,2477.2852
32782,10517.4086,3156.1511
32783,10543.3287,2651.7206
32784,10513.6896,3301.013
32785,10546.0291,2173.7095
32786,10552.0074,2422.4206
32787,10508.4957,3069.3499
32788,10507.3111,3397.68
32789,10516.0725,2897.6137
32790,10523.3126,2995.7049
32791,10522.6386,2743.5622
32792,10548.5591,2767.5773
32793,10512.856,2268.654
32794,10516.8774,2406.321
32795,10550.4795,3000.6517
32796,10523.0154,2535.5683
32797,10535.9413,2356.0656
32798,10543.5791,2167.0004
32799,10512.9064,3043.5933
32800,10544.6183,3378.2609
32801,10525.835,3177.601
32802,10524.9599,2817.9015
32803,10526.8563,3004.7443
32804,10528.7866,2176.8413
32805,10522.475,3260.3421
32806,10541.077,2582.9365
32807,10503.7043,3324.0532
32808,10523.6103,3309.398
32809,10504.4922,3066.7592
32810,10511.0909,3296.9757
32811,10525.6015,2682.5189
32812,10534.2692,2758.4551
32813,10547.2052,3338.4254
32814,10503.6664,2398.6242
32815,10514.5504,3303.2219
32816,10531.1579,3015.6615
32817,10542.5198,2877.17
32818,10540.0135,3000.0539
32819,10539.2874,2575.7353
32820,10514.7733,3316.718
32821,10537.6914,2449.7371
32822,10535.4957,2825.3562
32823,10514.576,3437.3629
32824,10553.1113,3146.4145
32825,10539.8396,2851.271
32826,10503.5566,2455.0651
32827,10553.6727,3266.5398
32828,10522.302,3010.45
32829,10552.2655,2552.6666
32830,10515.7425,3355.6107
32831,10539.195,2897.8296
32832,10545.0772,3438.1857
32833,10527.8428,2688.9547
32834,10511.0149,2941.2723
32835,10516.1706,3062.6228
32836,10542.1168,2402.5567
32837,10508.1881,3166.358
32838,10504.9054,2669.9937
32839,10514.5982,3354.007
32840,10515.8494,2279.3715
32841,10527.703,2477.6069
32842,10532.8462,2896.0993
32843,10519.3431,2673.214
32844,10539.2388,2896.3119
32845,10546.1694,2979.1322
32846,10513.5834,2371.5397
32847,10538.2699,2224.2937
32848,10505.7841,3174.0935
32849,10545.0282,2739.9645
32850,10507.7971,3357.9963
32851,10504.6146,2628.3194
32852,10542.1467,2937.5532
32853,10517.1831,3012.0871
32854,10526.0098,3342.6477
32855,10544.3414,2950.9821
32856,10522.7126,2414.2361
32857,10509.4243,2575.1374
32858,10533.7855,3260.3177
32859,10529.2723,2260.0864
32860,10526.7361,2283.2227
32861,10503.8697,3238.704
32862,10541.7478,2937.7649
32863,10544.422,2500.7374
32864,10532.6587,2255.4964
32865,10534.4309,2396.7417
32866,10539.5261,2684.8864
32867,10502.937,2859.5585
32868,10535.7405,2270.2367
32869,10507.8843,2720.6975
32870,10538.1723,2933.294
32871,10525.3558,2427.1661
32872,10552.8835,3426.6182
32873,10549.0431,3140.1
32874,10542.0236,2765.5801
32875,10501.043,3222.8438
32876,10509.441,2846.37
32877,10524.2151,3351.1081
32878,10511.7186,2786.9731
32879,10543.4618,3133.8375
32880,10520.1146,2508.1612
32881,10509.9702,2573.8965
32882,10543.2095,3099.025
32883,10546.8592,2713.8483
32884,10543.4815,2965.8679
32885,10546.2873,2828.7425
32886,10502.1882,2427.3547
32887,10527.9265,2197.4298
32888,10500.858,2915.7849
32889,10527.4449,3331.6978
32890,10547.7744,2830.2947
32891,10532.7969,3330.551
32892,10535.0038,3450.485
32893,10509.6139,2350.0672
32894,10543.079,3026.4229
32895,10546.083,3024.7728
32896,10517.3839,2755.4528
32897,10530.1838,2645.2291
32898,10542.8381,2688.8281
32899,10522.2174,3415.2615
32900,10509.3309,2329.7274
32901,10549.8854,2421.6457
32902,10533.9017,3137.2374
32903,10541.6553,3224.0543
32904,10531.8558,2940.2501
32905,10527.6495,3257.3917
32906,10516.3423,2482.4395
32907,10543.557,2949.7974
32908,10525.4635,2670.8011
32909,10502.4253,3033.6736
32910,10548.6713,2483.197
32911,10508.9699,2327.4742
32912,10541.9091,2813.9104
32913,10500.4379,2832.1014
32914,10546.7318,3374.5676
32915,10531.9347,2268.2056
32916,10508.7886,3345.1689
32917,10506.4218,2530.1285
32918,10537.6675,2221.1898
32919,10525.0039,3146.486
32920,10522.7824,2966.3354
32921,10521.3538,3041.1115
32922,10500.7631,2695.3882
32923,10507.5668,3310.6098
32924,10509.506,3247.0444
32925,10546.4738,2741.2487
32926,10542.1936,3330.1818
32927,10518.3281,2668.0132
32928,10536.958,2553.6096
32929,10535.3653,2870.1466
32930,10548.5926,2148.5946
32931,10531.5499,2972.6598
32932,10535.3541,2683.3358
32933,10533.4651,3179.7732
32934,10545.5652,2542.8202
32935,10506.3392,2272.8307
32936,10509.6832,2464.01
32937,10524.2351,2515.0299
32938,10501.3189,2601.651
32939,10541.5845,3017.6253
32940,10517.0344,3370.8115
32941,10508.7407,3373.0507
32942,10504.2196,2426.0771
32943,10541.0873,2636.7739
32944,10532.1529,2271.079
32945,10539.6962,2969.5614
32946,10499.5326,3162.8988
32947,10527.4969,2966.0243
32948,10519.466,2936.0129
32949,10521.1305,3439.2815
32950,10503.7421,2292.5362
32951,10519.8789,3419.8115
32952,10501.6216,3140.4187
32953,10545.7389,2291.0443
32954,10521.5959,3076.3257
32955,10528.0496,2805.069
32956,10511.9704,3370.1107
32957,10513.6637,2874.8629
32958,10529.0503,3449.0958
32959,10517.1828,2674.871
32960,10510.6384,2769.1241
32961,10532.0281,3210.19
32962,10546.6121,3189.1313
32963,10541.2097,3085.7905
32964,10539.0171,3046.562
32965,10499.0603,2892.9825
32966,10503.1614,3149.4401
32967,10520.0109,3412.524
32968,10502.7159,2783.7653
32969,10508.8667,3441.5241
32970,10541.466,2342.3641
32971,10520.6289,3183.1734
32972,10511.4611,3328.8158
32973,10501.9091,3185.1315
32974,10549.2118,3290.4067
32975,10517.9469,2980.051
32976,10533.2621,2813.2051
32977,10537.0374,3346.3512
32978,10504.0551,2304.736
32979,10506.9144,2941.1783
32980,10504.8222,2916.9811
32981,10505.8747,2513.9305
32982,10507.5837,2474.1629
32983,10548.9041,3404.8119
32984,10546.6716,2839.0121
32985,10540.1233,2646.4675
32986,10502.7016,2777.5306
32987,10539.3359,2452.5821
32988,10505.6214,3289.3417
32989,10515.6871,3417.0798
32990,10506.0046,2252.9552
32991,10535.1842,2504.4952
32992,10497.146,3370.9057
32993,10507.4369,3143.1136
32994,10516.9522,3156.4461
32995,10519.3813,3266.0452
32996,10534.1846,3317.0089
32997,10506.33,2194.5104
32998,10548.0439,3177.297
32999,10507.6301,2682.7803
33000,10543.8956,2974.8518
33001,10531.6654,2575.6405
33002,10524.6007,3408.3874
33003,10516.325,3376.1591
33004,10520.4422,3241.9772
33005,10511.1802,3198.5919
33006,10522.3411,2957.6645
33007,10515.2635,2887.9324
33008,10544.0226,3069.8915
33009,10536.1577,3197.0915
33010,10521.202,2972.2309
33011,10545.2672,3232.027
33012,10537.1897,2556.7473
33013,10541.1078,2730.5866
33014,10542.0328,2165.3957
33015,10535.3342,2485.1993
33016,10515.1053,3397.5177
33017,10519.3122,3189.2833
33018,10540.61,3300.4702
33019,10505.9249,2981.7939
33020,10531.4329,2799.1816
33021,10502.8378,2604.5464
33022,10523.9582,3015.4232
33023,10523.7759,2599.9565
33024,10539.9991,2214.3811
33025,10543.9673,3281.4737
33026,10513.9435,3445.6818
33027,10501.4719,3421.6205
33028,10502.6952,3289.5769
33029,10515.0842,3237.5775
33030,10498.8631,2752.4555
33031,10530.5725,2681.1634
33032,10540.4448,2920.1433
33033,10498.409,2253.13
33034,10507.7242,2483.6926
33035,10502.6262,2905.817
33036,10508.4589,3290.7077
33037,10508.1981,2592.3478
33038,10531.8599,2434.9059
33039,10503.7221,3116.3547
33040,10512.0644,2763.1437
33041,10512.2886,3080.4483
33042,10525.3683,2584.7899
33043,10514.3812,3027.3479
33044,10543.3022,3289.8828
33045,10517.8334,2279.6668
33046,10523.2858,2273.5165
33047,10514.9262,2193.4959
33048,10520.9575,3110.3988
33049,10509.5659,2909.0583
33050,10522.9013,2259.8542
33051,10497.9661,2775.1857
33052,10513.407,2495.3352
33053,10541.9284,2983.5951
33054,10496.4874,3277.5197
33055,10536.2871,2745.7646
33056,10525.2513,3383.9532
33057,10522.0334,2648.521
33058,10514.6084,2768.491
33059,10507.0708,2450.3582
33060,10516.2815,2453.5312
33061,10508.8969,2716.8543
33062,10536.1203,2192.0178
33063,10538.0547,2691.3941
33064,10495.5204,2442.9862
33065,10496.9098,2822.8155
33066,10539.4055,3376.3521
33067,10508.8254,2449.7789
33068,10527.3204,2980.6029
33069,10499.041,2528.6467
33070,10520.7502,3067.5585
33071,10527.7206,2767.6768
33072,10494.0836,2492.5921
33073,10525.0246,2866.3338
33074,10537.1649,3417.7383
33075,10497.9167,2812.0958
33076,10491.0588,2813.2319
33077,10536.7871,3234.7135
33078,10512.2064,2704.3897
33079,10504.6135,3013.3701
33080,10533.5649,2458.8102
33081,10526.9621,3387.2097
33082,10512.342,2654.7395
33083,10514.8176,3397.2129
33084,10495.4307,2925.3332
33085,10496.317,2521.1812
33086,10496.0783,2895.5586
33087,10504.096,2320.0934
33088,10509.0725,3389.5197
33089,10508.9231,2636.2514
33090,10500.7995,2288.3339
33091,10492.9505,2408.0974
33092,10503.9054,2286.4252
33093,10525.888,3218.7389
33094,10535.6076,2460.0967
33095,10512.8232,2206.6525
33096,10493.6875,2593.4874
33097,10520.218,2449.9147
33098,10537.8879,2747.6477
33099,10523.2629,2596.1185
33100,10511.9727,2763.2926
33101,10528.7333,2754.9172
33102,10498.2299,2545.2639
33103,10522.2149,3424.1216
33104,10536.2777,3223.3442
33105,10515.3921,2594.5064
33106,10495.1407,2232.6929
33107,10534.8688,3142.9694
33108,10505.3364,3244.5483
33109,10513.3055,3307.4061
33110,10488.5098,3353.998
33111,10520.8966,2633.9495
33112,10517.9566,2724.6132
33113,10514.4039,3119.9999
33114,10508.6912,2600.2507
33115,10511.0218,2564.0429
33116,10532.8548,2964.448
33117,10500.8062,2936.623
33118,10513.4762,2865.3495
33119,10498.5128,2695.8873
33120,10516.6874,3001.7476
33121,10521.6537,2792.9728
33122,10508.2237,3056.7794
33123,10498.3187,2237.1241
33124,10486.3172,3114.5286
33125,10529.4972,2584.6267
33126,10496.6893,2544.6804
33127,10509.1011,2707.0681
33128,10500.7404,2752.4351
33129,10529.3022,2570.2615
33130,10517.9639,2782.4438
33131,10531.4636,2473.4334
33132,10494.1575,3254.2503
33133,10520.4784,2931.5359
33134,10512.3394,2523.896
33135,10484.5267,2191.7983
33136,10483.7057,3035.6143
33137,10529.6252,2435.2605
33138,10520.2536,2291.5846
33139,10490.0938,3248.5
33140,10523.9264,3271.8705
33141,10499.3467,2931.2461
33142,10507.4228,3163.5955
33143,10526.6143,2789.616
33144,10529.1548,3172.2836
33145,10482.1232,2985.0405
33146,10517.8595,3164.1669
33147,10491.9221,2964.5436
33148,10514.2253,3294.085
33149,10495.9182,2299.1184
33150,10481.5218,2727.7898
33151,10518.8277,3368.8565
33152,10528.3279,2490.6313
33153,10531.3029,2230.2765
33154,10495.455,2397.5379
33155,10504.8076,2706.9369
33156,10497.2332,2561.0266
33157,10521.8117,2905.1613
33158,10499.0287,2339.4213
33159,10493.7722,2220.5556
33160,10489.3268,2793.2915
33161,10499.398,2488.1811
33162,10501.5241,2319.7682
33163,10519.5717,2470.7697
33164,10479.4361,2322.8267
33165,10527.4616,3319.4597
33166,10501.6367,3326.0985
33167,10510.6046,3346.218
33168,10505.0076,3450.7116
33169,10494.6224,3416.5634
33170,10494.6278,3249.0798
33171,10479.174,2638.1378
33172,10496.4514,3109.8557
33173,10489.5826,3101.2888
33174,10525.4879,2563.387
33175,10522.6946,2908.156
33176,10524.7001,2943.7268
33177,10513.4567,2273.7597
33178,10494.3931,2967.4922
33179,10498.6333,2861.1478
33180,10497.1881,3440.3917
33181,10486.1435,2390.2239
33182,10524.6906,3131.6653
33183,10518.2617,2976.9352
33184,10474.8747,2440.9265
33185,10496.8895,3241.6769
33186,10514.7876,2626.9348
33187,10519.7276,2998.3719
33188,10479.9114,2360.054
33189,10512.839,3295.0175
33190,10507.6981,2727.0817
33191,10501.7635,2383.1846
33192,10524.186,3273.6389
33193,10486.4341,2343.6848
33194,10522.2296,2661.4147
33195,10505.1336,3339.4511
33196,10511.0113,2403.8159
33197,10483.0293,3400.9636
33198,10522.4062,2513.7127
33199,10477.1255,3200.2259
33200,10473.1254,3064.6967
33201,10516.1572,2244.9619
33202,10501.7302,2387.1203
33203,10482.5733,2861.7161
33204,10511.4319,3193.5369
33205,10521.1939,2376.6486
33206,10503.6493,2283.3243
33207,10498.217,2404.4118
33208,10508.4602,2372.8049
33209,10492.0841,3240.0856
33210,10501.0771,2564.2102
33211,10473.0084,3237.9562
33212,10484.0315,2186.6806
33213,10479.4054,2792.3183
33214,10478.0161,2865.7571
33215,10511.5801,2949.7857
33216,10511.386,2889.7887
33217,10479.0594,3407.2758
33218,10470.6512,2192.1132
33219,10486.3785,2921.6817
33220,10490.9478,3004.2578
33221,10506.5267,3317.7964
33222,10469.9675,3314.2005
33223,10498.0974,2760.6937
33224,10493.5943,2502.6098
33225,10481.8466,2439.7262
33226,10482.5776,2159.501
33227,10504.3478,2198.7354
33228,10465.5582,3321.702
33229,10497.2918,2472.7749
33230,10513.2229,2734.4373
33231,10475.5925,2797.9721
33232,10464.3992,3315.2787
33233,10477.8649,3334.1449
33234,10472.2476,3330.1695
33235,10498.0955,2594.875
33236,10499.9741,2628.2199
33237,10493.8265,2751.3266
33238,10488.0561,3010.723
33239,10487.4568,3094.397
33240,10508.2869,2840.2349
33241,10466.3248,3195.6768
33242,10490.5006,2167.449
33243,10487.9194,2479.9256
33244,10494.3531,2743.6479
33245,10499.1971,2297.4438
33246,10464.1732,2695.4732
33247,10502.6295,2644.0181
33248,10493.541,2712.8034
33249,10502.251,2644.8015
33250,10482.3655,2460.8406
33251,10481.7195,2212.382
33252,10488.0462,2986.2061
33253,10505.1575,3068.2609
33254,10494.8267,2717.8275
33255,10488.7506,2622.5406
33256,10460.3201,2412.5521
33257,10469.7241,2444.4214
33258,10490.2558,2451.5592
33259,10505.0502,2934.9927
33260,10457.5595,3006.7783
33261,10467.1137,2933.6981
33262,10477.6882,3383.0099
33263,10476.5898,2369.0069
33264,10494.2238,3000.78
33265,10483.3785,3029.9661
33266,10501.3151,2877.0665
33267,10492.4445,2651.6192
33268,10463.7634,2267.4821
33269,10494.4135,3355.9363
33270,10468.0877,3022.3673
33271,10464.7124,3225.8119
33272,10466.997,3397.418
33273,10470.0351,2424.8926
33274,10502.8571,2952.1685
33275,10491.6185,2627.0933
33276,10500.0868,3072.0854
33277,10497.2206,2942.0565
33278,10456.1998,3071.3108
33279,10468.9273,3377.0633
33280,10465.5018,3076.6205
33281,10488.7279,3332.9886
33282,10453.0812,2653.3028
33283,10485.2681,2949.5268
33284,10484.8206,2475.7991
33285,10501.33,2352.7214
33286,10470.6592,2283.6334
33287,10496.5446,3292.2455
33288,10500.1543,2871.8475
33289,10470.6088,3120.7445
33290,10485.8234,2364.6034
33291,10469.7258,2850.303
33292,10480.9333,3305.7285
33293,10485.9833,3253.0882
33294,10472.1553,2756.1173
33295,10451.022,2877.4129
33296,10462.066,2926.9687
33297,10482.0468,3113.6523
33298,10467.4363,2574.3342
33299,10483.1791,3291.794
33300,10480.7902,2354.4253
33301,10453.5794,2654.9083
33302,10479.8562,2180.4122
33303,10494.8972,3250.5504
33304,10449.1651,2507.3966
33305,10468.0323,2198.4276
33306,10459.211,2807.9234
33307,10467.3733,2598.1324
33308,10490.4436,3344.5315
33309,10444.0005,3338.6674
33310,10480.8736,3265.5063
33311,10464.8071,2900.231
33312,10454.4593,2750.0632
33313,10464.4362,2274.3543
33314,10491.5368,2399.693
33315,10455.9092,2731.8112
33316,10472.2514,2936.8767
33317,10462.3533,2194.797
33318,10469.7929,2713.4933
33319,10441.5684,2834.2637
33320,10486.048,3182.2848
33321,10466.0624,3154.8249
33322,10442.9483,2653.9336
33323,10463.5486,3127.0712
33324,10439.9816,2708.3687
33325,10454.5728,2516.6342
33326,10443.4136,2662.9117
33327,10488.4125,3133.6188
33328,10460.1349,2241.6667
33329,10463.7755,2253.4274
33330,10464.8762,2775.1046
33331,10443.5968,3145.2755
33332,10457.6789,2996.4395
33333,10435.0245,3390.2222
33334,10445.9807,3416.739
33335,10445.1505,2804.5307
33336,10442.2496,2179.4218
33337,10484.0785,2957.6856
33338,10479.4829,2647.2233
33339,10438.3852,2721.367
33340,10447.4353,3236.0262
33341,10439.4731,2345.7197
33342,10468.0373,2477.1408
33343,10454.7545,2233.0873
33344,10442.5159,2670.052
33345,10431.7131,2370.7542
33346,10437.1505,2384.8099
33347,10469.3394,3401.9936
33348,10452.1492,2715.0425
33349,10434.0989,2896.1705
33350,10428.6406,2937.8865
33351,10455.3502,3244.4116
33352,10436.6786,3043.1691
33353,10430.1347,2575.631
33354,10476.3564,2979.6195
33355,10473.8372,2879.5727
33356,10434.376,2472.8487
33357,10434.4779,2997.8897
33358,10462.1061,3117.5675
33359,10462.122,2667.7742
33360,10441.3648,2282.4483
33361,10456.0505,2890.1596
33362,10460.3691,2213.9092
33363,10431.5082,3279.1831
33364,10458.2074,2642.5462
33365,10455.1186,2292.8212
33366,10440.062,2627.0027
33367,10453.6366,3394.6903
33368,10432.7085,3363.8337
33369,10424.7011,2599.922
33370,10433.0907,3330.0364
33371,10467.5901,2324.7451
33372,10430.4022,3132.144
33373,10462.2989,2360.4152
33374,10428.5474,2695.4638
33375,10456.1701,2230.5617
33376,10448.8388,2942.8475
33377,10444.8871,2357.4565
33378,10429.7225,2759.7928
33379,10448.0291,3344.4673
33380,10453.4498,3231.9176
33381,10439.7057,3152.1145
33382,10450.1932,2227.755
33383,10433.8159,3206.9345
33384,10432.9058,2291.0231
33385,10449.4897,3038.6477
33386,10429.5301,2119.2948
33387,10451.4212,2966.463
33388,10450.7286,2154.7568
33389,10415.2437,2549.0316
33390,10445.3223,2745.13
33391,10443.0408,3101.3653
33392,10417.8381,2691.4219
33393,10460.606,2653.4087
33394,10431.4236,2848.791
33395,10456.0761,2769.6576
33396,10460.3987,3188.9822
33397,10453.6838,2338.3169
33398,10437.1783,3108.5138
33399,10446.6808,2528.8608
33400,10412.4151,3192.4357
33401,10412.1529,2830.6773
33402,10417.9839,2987.1279
33403,10428.9803,2471.0805
33404,10417.8038,2428.5824
33405,10409.869,2994.5871
33406,10416.4112,3070.4066
33407,10424.8236,2619.9757
33408,10445.9773,2779.952
33409,10443.5665,3367.4267
33410,10454.9855,2809.9031
33411,10433.4016,2555.324
33412,10436.1101,3383.5866
33413,10441.6554,3022.5292
33414,10455.5391,3249.5776
33415,10410.2187,3406.733
33416,10434.9111,3372.1566
33417,10439.0386,2978.2024
33418,10422.7565,2860.6616
33419,10431.6795,3295.6452
33420,10415.0838,2702.7916
33421,10440.3748,2634.295
33422,10415.979,3233.8944
33423,10449.647,3107.1079
33424,10444.5419,2897.4671
33425,10447.0712,2829.7837
33426,10434.161,2602.5748
33427,10424.0376,3010.0073
33428,10411.9532,2628.6809
33429,10413.2337,3388.6485
33430,10434.6377,2691.972
33431,10417.3025,3202.6254
33432,10430.8205,2677.3086
33433,10437.4086,2225.5608
33434,10445.3097,2311.5987
33435,10425.0575,3195.2936
33436,10434.7951,3386.2457
33437,10398.9776,3248.6571
33438,10414.771,2164.8276
33439,10444.6494,2627.8416
33440,10398.2254,2675.9787
33441,10414.2714,3099.2868
33442,10423.6675,3217.8252
33443,10406.7733,2983.5298
33444,10412.0134,2807.5649
33445,10422.564,2204.3824
33446,10437.4246,2987.5678
33447,10397.023,2881.104
33448,10410.879,2709.6065
33449,10393.2352,2790.1618
33450,10420.0944,2834.9353
33451,10421.5947,2319.3443
33452,10411.5179,2309.4624
33453,10433.5251,2356.3604
33454,10411.0714,2637.0273
33455,10428.3769,2260.034
33456,10433.9348,2241.947
33457,10408.4949,3073.6536
33458,10410.4679,2560.5331
33459,10424.8718,3011.8618
33460,10415.5256,2163.3615
33461,10405.2574,3410.6016
33462,10415.2718,3220.0335
33463,10419.9992,2982.1727
33464,10395.318,2149.6415
33465,10421.4172,3076.7087
33466,10382.3804,2600.2672
33467,10382.7639,2429.6396
33468,10413.5029,3338.4547
33469,10425.7655,2998.8036
33470,10387.8647,2401.9849
33471,10416.5587,3358.6285
33472,10425.123,2540.2112
33473,10430.0526,2148.0023
33474,10410.1346,2918.2144
33475,10400.6763,2333.081
33476,10384.6777,2395.5948
33477,10388.5104,2913.6626
33478,10424.4709,2200.6707
33479,10424.4205,2196.3415
33480,10412.802,2968.2898
33481,10391.0863,2819.4881
33482,10376.6798,2688.5088
33483,10416.6767,3182.8658
33484,10388.3552,2234.5668
33485,10414.6841,3153.063
33486,10388.1013,2643.6672
33487,10392.94,2974.5769
33488,10414.473,2965.1851
33489,10421.6351,2794.979
33490,10392.5033,3315.1393
33491,10389.0551,2124.033
33492,10380.6499,3063.8513
33493,10401.4468,3272.5024
33494,10390.285,3305.6077
33495,10409.6845,3085.329
33496,10398.0138,3356.6721
33497,10417.3069,3407.4446
33498,10405.4839,2385.0515
33499,10416.5282,2703.7621
33500,10397.0143,2331.7447
33501,10416.8024,3022.8608
33502,10381.3091,2582.8585
33503,10366.7314,2346.3406
33504,10378.385,3212.8625
33505,10383.3791,2358.6408
33506,10382.3997,3337.8749
33507,10406.586,2217.2355
33508,10406.8789,2631.3343
33509,10384.2896,3048.4346
33510,10409.6911,3070.567
33511,10396.6596,2440.7529
33512,10384.8853,3348.7604
33513,10390.2442,3129.8873
33514,10402.8717,2230.7571
33515,10396.8117,2277.4526
33516,10369.2293,3139.1426
33517,10397.3315,2646.69
33518,10408.02,2606.1754
33519,10373.2923,2301.7308
33520,10369.483,2989.8637
33521,10407.4708,3263.6366
33522,10355.4341,2811.883
33523,10381.5061,3090.0466
33524,10378.29,2532.78
33525,10379.2003,3239.0414
33526,10393.7218,2265.6255
33527,10375.252,2719.7853
33528,10366.8232,2457.5235
33529,10402.2192,2139.595
33530,10379.6093,2871.9811
33531,10369.9215,2462.9091
33532,10399.6773,2216.8254
33533,10370.3784,2312.2213
33534,10360.1854,3209.9766
33535,10357.7952,2897.677
33536,10380.8001,2217.5408
33537,10392.2879,3117.5285
33538,10367.6415,3352.5922
33539,10355.2545,3134.456
33540,10381.9985,3298.3639
33541,10354.9829,3012.9272
33542,10348.07,2671.1757
33543,10379.9032,3254.7871
33544,10371.5569,2822.3711
33545,10351.2487,2588.1452
33546,10366.1593,2851.0725
33547,10355.9799,3226.8233
33548,10371.9839,3394.1186
33549,10380.0935,3096.8375
33550,10357.1528,2349.9009
33551,10342.4587,2136.9007
33552,10359.8832,3320.6815
33553,10373.2511,2494.0535
33554,10380.6731,3265.766
33555,10355.6294,3370.2496
33556,10359.9423,2828.5297
33557,10389.1973,3249.9484
33558,10347.8535,3400.2054
33559,10349.0273,2894.545
33560,10351.4458,3342.3558
33561,10368.3833,3229.6423
33562,10376.253,2523.2435
33563,10355.6074,2147.9872
33564,10354.5744,3234.3995
33565,10378.3846,2642.7317
33566,10372.4388,2956.4329
33567,10378.4896,2892.137
33568,10373.5942,3296.4491
33569,10338.4848,2229.703
33570,10352.3059,2553.2246
33571,10350.7086,3094.1615
33572,10365.2552,2430.1947
33573,10366.6027,2495.0539
33574,10374.343,3284.8547
33575,10372.7227,2424.4447
33576,10378.7053,3266.8211
33577,10357.6213,2411.0499
33578,10364.6692,3205.5124
33579,10358.6682,3293.1907
33580,10378.3018,3215.5078
33581,10372.1642,2161.7988
33582,10351.3337,2545.1371
33583,10350.6908,2911.0132
33584,10328.1306,3142.1119
33585,10356.887,3152.3211
33586,10324.2054,2690.0151
33587,10343.3725,3124.7696
33588,10340.2805,2477.1207
33589,10352.5304,2431.1381
33590,10336.7057,2771.6562
33591,10354.3268,2980.2637
33592,10353.8852,2734.614
33593,10337.512,2604.422
33594,10357.2475,2978.5371
33595,10367.7117,2206.1547
33596,10321.9786,2680.5578
33597,10367.2818,2787.8182
33598,10334.6008,2678.2857
33599,10350.3198,3247.1513
33600,10333.7233,2553.9852
33601,10318.7296,2239.0843
33602,10352.2137,2183.731
33603,10335.2115,2751.704
33604,10353.3016,2578.8479
33605,10320.335,3056.9765
33606,10347.8525,3230.9077
33607,10348.1233,2223.8648
33608,10329.9897,2339.5601
33609,10353.7221,2240.9448
33610,10326.9488,2135.9396
33611,10354.6654,2587.5803
33612,10322.0652,2582.8144
33613,10334.7505,3183.5351
33614,10317.5924,2889.6212
33615,10333.719,2268.0277
33616,10359.1194,2753.2865
33617,10360.1202,3142.1218
33618,10314.6209,2303.8051
33619,10356.0686,2711.355
33620,10356.7308,3162.4893
33621,10350.2341,2923.4567
33622,10316.1972,3290.892
33623,10328.8557,2601.3766
33624,10311.474,2590.712
33625,10320.8628,2396.2514
33626,10304.1927,2570.869
33627,10345.544,3174.359
33628,10318.468,3180.2124
33629,10336.8214,2195.662
33630,10342.3944,3070.9396
33631,10349.0721,2997.1649
33632,10314.3329,2765.2333
33633,10319.6917,2948.314
33634,10308.0909,2389.4896
33635,10303.1646,2924.8526
33636,10326.8006,3393.9126
33637,10336.4515,2479.6096
33638,10311.9715,2127.5733
33639,10344.0201,3336.5198
33640,10327.0822,2600.4098
33641,10306.1168,2955.5437
33642,10316.7413,2717.6574
33643,10317.2221,2563.0465
33644,10345.0091,2953.6831
33645,10327.075,2750.0959
33646,10330.5581,2651.1028
33647,10310.1859,3044.0175
33648,10308.0554,2257.2406
33649,10328.3209,3025.1112
33650,10306.1162,3137.6577
33651,10333.7985,2282.7134
33652,10328.6011,2690.9625
33653,10332.6825,3365.9837
33654,10304.11,2674.9558
33655,10314.0487,2992.7453
33656,10305.6134,2534.3929
33657,10292.4285,2874.7429
33658,10331.1907,2178.3012
33659,10307.2247,3163.3763
33660,10333.3186,2744.4921
33661,10305.323,2638.1815
33662,10302.1568,3232.0674
33663,10313.3163,3020.5008
33664,10317.7864,2918.8977
33665,10335.032,2214.5438
33666,10310.5232,2878.62
33667,10310.8196,2240.2033
33668,10285.4336,2860.4572
33669,10297.1267,2136.8435
33670,10326.9507,2894.1994
33671,10291.8645,2186.4165
33672,10312.7914,3143.3548
33673,10320.1997,2339.9786
33674,10287.4085,3025.4268
33675,10307.3785,3029.4595
33676,10301.056,2216.4146
33677,10319.2374,2773.9905
33678,10298.9086,2661.8286
33679,10320.2077,2932.2852
33680,10306.0108,2673.0253
33681,10305.8555,3123.0227
33682,10286.5211,2932.7759
33683,10299.181,2531.534
33684,10323.0853,2824.5469
33685,10275.6129,2586.2804
33686,10280.5087,2767.6515
33687,10299.2165,3140.3433
33688,10306.3726,2267.8737
33689,10282.0372,2123.563
33690,10286.5465,2547.0253
33691,10310.3802,3104.1876
33692,10299.5231,2492.4751
33693,10270.4557,2759.1013
33694,10315.2886,2984.4903
33695,10282.1944,2687.1218
33696,10314.1432,3148.3536
33697,10291.4702,3179.029
33698,10282.7549,3007.3225
33699,10278.746,3043.6209
33700,10288.4934,3057.4574
33701,10306.123,2277.6498
33702,10312.4359,2516.5896
33703,10264.7773,3299.0222
33704,10283.5387,2303.9701
33705,10282.684,2673.9687
33706,10278.7426,2692.7585
33707,10308.9365,2452.6103
33708,10312.7804,2130.039
33709,10300.5482,2217.3537
33710,10307.3049,2478.9713
33711,10305.6456,2893.4873
33712,10268.3228,2169.7308
33713,10267.1947,3045.5645
33714,10261.8618,2865.9524
33715,10307.7088,2220.256
33716,10281.9108,3262.4013
33717,10279.5169,3275.3016
33718,10304.3006,3126.15
33719,10258.0763,3306.8895
33720,10267.5646,2921.9237
33721,10269.1377,3347.0543
33722,10304.681,2754.0908
33723,10256.7086,2893.2135
33724,10281.5936,2343.7089
33725,10297.1951,3105.3374
33726,10290.7326,2978.0096
33727,10292.0391,2266.6559
33728,10281.7139,2301.2368
33729,10269.3231,2667.1188
33730,10284.6101,3264.9813
33731,10288.3307,2520.3835
33732,10262.8957,2625.3561
33733,10268.4001,3009.8731
33734,10257.9784,3168.8365
33735,10250.5475,3367.3066
33736,10281.6913,3200.2165
33737,10277.6677,2247.7675
33738,10254.7645,3022.9442
33739,10249.4352,2351.3134
33740,10251.3406,3107.319
33741,10266.804,2354.6367
33742,10247.6396,2093.735
33743,10249.6011,2177.6966
33744,10288.2832,2821.4828
33745,10280.5276,2524.1031
33746,10254.4552,2646.6979
33747,10292.8845,3302.8911
33748,10251.3081,3090.5276
33749,10291.0874,2627.1443
33750,10257.2551,3202.1687
33751,10255.6921,2494.498
33752,10247.3483,2707.9065
33753,10260.9214,2393.3623
33754,10240.8795,2749.077
33755,10247.9396,2473.7585
33756,10284.0074,2485.0937
33757,10258.7389,2352.6787
33758,10274.3583,2353.3923
33759,10272.0327,2105.956
33760,10253.8255,2619.1923
33761,10283.8278,2639.8462
33762,10253.8523,2357.781
33763,10281.1996,3022.7379
33764,10256.6355,3209.343
33765,10257.53,2868.7215
33766,10274.3653,2201.199
33767,10252.07,2772.022
33768,10278.3799,2494.6246
33769,10274.6195,3164.8331
33770,10261.641,2951.119
33771,10233.0047,2860.3301
33772,10237.0153,2897.2883
33773,10271.7106,2706.1348
33774,10259.2258,2733.4884
33775,10278.678,3217.1453
33776,10266.3636,3224.7721
33777,10237.6729,2348.4002
33778,10268.9675,2246.8809
33779,10233.3965,2754.5764
33780,10261.551,2148.3832
33781,10245.8881,3014.0073
33782,10250.4419,3262.0766
33783,10227.5724,2134.6616
33784,10239.351,2351.2746
33785,10237.7097,3025.8065
33786,10273.327,2198.9162
33787,10255.6222,2924.2608
33788,10228.8958,3004.3835
33789,10254.7544,2940.3969
33790,10254.2806,2633.914
33791,10249.0374,3018.7519
33792,10224.442,3271.4673
33793,10226.7881,2511.0064
33794,10257.2291,3193.3111
33795,10240.6635,3041.8735
33796,10254.0847,3301.6896
33797,10234.0604,2631.0226
33798,10236.4847,2313.19
33799,10259.7124,3160.7715
33800,10258.3408,3352.8294
33801,10238.8948,3230.3197
33802,10229.7966,3063.4866
33803,10261.6316,2303.1966
33804,10218.2135,2857.7293
33805,10245.6542,2115.174
33806,10217.2433,3201.8114
33807,10256.6194,2290.3758
33808,10241.0448,2531.5172
33809,10235.8274,2116.9823
33810,10240.0514,2652.4301
33811,10248.2434,2314.813
33812,10215.7475,2339.6917
33813,10228.4977,2540.611
33814,10224.1119,2955.0082
33815,10256.711,2447.5246
33816,10220.7841,2415.9686
33817,10248.5844,2897.0267
33818,10219.9879,3105.9062
33819,10211.2239,2237.2631
33820,10239.8475,2951.5369
33821,10228.0881,2610.0867
33822,10232.8802,2845.155
33823,10250.9621,3285.4477
33824,10238.6273,2909.2531
33825,10246.5265,3028.6729
33826,10241.698,2611.6125
33827,10203.8638,2274.2541
33828,10203.8844,2201.5324
33829,10243.9587,3052.3397
33830,10234.466,2515.794
33831,10244.2462,3321.0463
33832,10225.9192,3272.4979
33833,10204.9887,2507.4887
33834,10210.4877,2635.4352
33835,10209.8181,3077.5917
33836,10237.5253,2752.8622
33837,10231.7501,2659.5537
33838,10227.8929,3183.8534
33839,10215.0077,2375.9073
33840,10246.4847,3269.1872
33841,10231.1018,2167.0511
33842,10233.4942,2392.367
33843,10215.0982,2324.3072
33844,10240.3863,2681.9353
33845,10227.2847,2300.7851
33846,10228.0866,3226.5337
33847,10209.8366,2370.878
33848,10227.7788,3008.5054
33849,10240.7302,2328.7321
33850,10226.0238,2077.5156
33851,10202.4252,2420.8406
33852,10216.872,2954.7189
33853,10209.1849,2159.8009
33854,10195.6434,2988.8619
33855,10200.9781,2163.1665
33856,10203.9057,2236.81
33857,10199.5358,2632.3806
33858,10238.0066,3141.7758
33859,10188.3054,3140.073
33860,10198.5701,2579.0603
33861,10203.1934,2724.9676
33862,10228.3521,3192.9058
33863,10196.3601,2889.0079
33864,10233.1726,2972.3264
33865,10210.8701,2943.696
33866,10214.057,3236.4491
33867,10219.1171,2625.1137
33868,10197.1195,2465.493
33869,10183.4581,3247.4064
33870,10185.099,2782.419
33871,10200.0553,3140.3717
33872,10211.4381,2278.5952
33873,10194.7064,2700.8079
33874,10214.1399,3168.28
33875,10200.3488,2080.2907
33876,10198.3342,2189.7961
33877,10203.6963,2813.0844
33878,10225.1771,3064.0024
33879,10208.4114,3172.053
33880,10179.4866,2115.0073
33881,10186.4531,2343.4067
33882,10206.235,2343.9985
33883,10200.8696,2670.6878
33884,10187.5152,3012.6654
33885,10181.7434,3324.3737
33886,10192.902,2973.5153
33887,10187.6231,2512.7738
33888,10180.2854,2161.5368
33889,10190.8314,2195.4878
33890,10191.9607,3258.5657
33891,10179.6134,3121.3339
33892,10177.1657,2921.5545
33893,10188.984,2161.7797
33894,10208.4704,2513.3987
33895,10179.6816,2819.1675
33896,10189.936,2838.3804
33897,10205.3678,2583.5049
33898,10203.4852,3027.9535
33899,10172.1522,2421.5364
33900,10169.2648,3296.6421
33901,10186.4255,2218.0921
33902,10208.8727,2204.0228
33903,10196.5864,3220.8458
33904,10194.7032,2249.4277
33905,10196.2038,2459.1145
33906,10182.6301,2651.9956
33907,10186.0601,2722.9482
33908,10168.4665,2975.628
33909,10212.6855,3187.774
33910,10180.2347,2383.8462
33911,10183.6784,2100.5554
33912,10174.9434,2974.2497
33913,10167.3429,2971.0217
33914,10190.0957,2158.9535
33915,10194.3791,3131.8787
33916,10196.395,3160.6324
33917,10175.816,2314.6152
33918,10174.0644,2923.1069
33919,10181.8127,2933.6783
33920,10192.9854,2327.7829
33921,10174.0435,2136.1285
33922,10161.6726,3080.693
33923,10174.2163,2213.9732
33924,10181.4473,2906.3573
33925,10173.9041,3214.4417
33926,10166.5799,2726.9571
33927,10203.4828,2806.8921
33928,10200.7748,3166.2356
33929,10187.6695,2338.2924
33930,10202.858,3214.8749
33931,10167.4722,2228.4409
33932,10167.2281,2417.5188
33933,10186.1067,2411.4152
33934,10159.2017,2906.9302
33935,10166.943,3291.0871
33936,10155.2462,3036.6884
33937,10179.7975,2922.6876
33938,10198.039,2862.6216
33939,10185.2332,2487.3805
33940,10174.2687,2879.9674
33941,10187.3368,2196.4976
33942,10178.134,2217.08
33943,10195.4158,2610.3328
33944,10170.4063,2532.6957
33945,10183.9454,2485.8157
33946,10160.8594,3219.923
33947,10190.139,2650.2855
33948,10180.929,2154.3083
33949,10185.7015,2150.89
33950,10167.368,3033.0896
33951,10196.2989,2825.9756
33952,10151.8727,3046.3777
33953,10161.771,3021.0812
33954,10181.1937,2116.422
33955,10158.6331,3034.5853
33956,10184.3229,2991.0202
33957,10169.7261,2998.6311
33958,10189.952,2607.9643
33959,10142.4906,2796.7372
33960,10159.9016,2921.08
33961,10186.4711,2340.7024
33962,10148.7501,2173.9192
33963,10157.5419,2700.0894
33964,10144.3931,2333.1685
33965,10149.2092,2750.056
33966,10168.7151,2535.1694
33967,10162.1337,2500.2733
33968,10139.2642,2539.7426
33969,10159.3134,2768.8985
33970,10144.063,2940.5714
33971,10162.6279,3273.1574
33972,10157.6565,2617.1424
33973,10166.6143,3061.9063
33974,10177.0028,2694.2905
33975,10169.4358,2990.5603
33976,10154.3347,2932.3738
33977,10138.9294,2576.6385
33978,10146.9135,3161.7793
33979,10183.1924,2730.3737
33980,10177.8728,2091.8962
33981,10162.7365,2380.8703
33982,10139.3799,3227.7636
33983,10169.2954,2957.5752
33984,10178.4617,3171.557
33985,10164.208,2468.9975
33986,10176.588,2461.5167
33987,10137.4243,2662.2772
33988,10151.7719,3302.2508
33989,10147.8687,2510.9123
33990,10166.8402,3110.5504
33991,10179.4377,2273.713
33992,10132.4964,3075.0672
33993,10129.4058,2203.3693
33994,10158.5746,2499.3254
33995,10140.4906,3026.1252
33996,10169.1154,2090.8299
33997,10138.84,2472.3852
33998,10176.1771,2522.3144
33999,10153.4092,2547.5114
34000,10176.3715,3044.2373
34001,10147.8557,3260.4536
34002,10159.0927,3165.6761
34003,10154.6627,2511.858
34004,10140.915,2651.7111
34005,10140.2944,3064.7571
34006,10165.1291,3151.836
34007,10136.5542,2578.6808
34008,10132.1565,3089.8531
34009,10154.7096,2830.9704
34010,10132.845,2640.2088
34011,10122.7069,3211.6643
34012,10139.862,2143.1676
34013,10129.8687,3165.7504
34014,10139.2566,2992.3855
34015,10153.4874,3019.6596
34016,10170.0556,2370.7476
34017,10145.9123,2679.4791
34018,10149.4581,2642.9208
34019,10126.9909,3217.6308
34020,10157.0833,3192.3485
34021,10125.3213,2295.1509
34022,10140.0784,2484.481
34023,10146.584,2892.0319
34024,10144.5212,2425.8422
34025,10148.9496,2331.5094
34026,10143.0065,2805.2764
34027,10157.2719,2769.5828
34028,10131.4376,3173.3175
34029,10157.0219,2250.7149
34030,10119.0814,2838.9211
34031,10131.9311,2885.7419
34032,10133.7383,2310.7011
34033,10137.1057,2117.5483
34034,10157.8213,3219.4811
34035,10159.64,2129.3257
34036,10130.5786,2960.6995
34037,10119.8137,2751.6749
34038,10118.7996,3137.9897
34039,10140.3074,2961.2031
34040,10156.648,3196.2118
34041,10134.2702,2440.574
34042,10151.791,2911.8878
34043,10160.2023,2793.7565
34044,10145.5114,3110.8056
34045,10127.6914,2616.9133
34046,10144.9655,2693.7062
34047,10145.2199,2205.6763
34048,10144.3995,3290.2198
34049,10122.5256,2699.958
34050,10151.7616,2696.2771
34051,10120.9815,2581.7127
34052,10146.592,2455.3882
34053,10124.8954,2699.4506
34054,10114.0423,3075.3597
34055,10114.499,2444.6629
34056,10128.5263,3296.3006
34057,10114.8446,2677.3096
34058,10115.6971,2732.6274
34059,10126.4002,2595.4917
34060,10141.5691,2436.7262
34061,10130.8726,3244.8246
34062,10134.243,2528.5975
34063,10108.6914,2174.6569
34064,10152.3276,3176.7599
34065,10153.2335,2597.5912
34066,10116.6102,2140.1076
34067,10146.7103,3293.3103
34068,10153.0456,2906.5144
34069,10106.4626,3316.0344
34070,10133.4453,2555.9301
34071,10143.999,2680.756
34072,10128.7751,2715.0689
34073,10126.2246,2727.2261
34074,10115.8022,2109.9109
34075,10113.5188,2204.9042
34076,10131.3747,2115.9116
34077,10101.5226,2879.0889
34078,10104.8896,2937.3607
34079,10113.0923,3011
34080,10121.4576,2071.7052
34081,10119.4489,3285.2927
34082,10141.9755,2558.1502
34083,10140.2122,2464.0163
34084,10116.9038,2775.9106
34085,10137.6368,2162.7777
34086,10114.9329,2211.7374
34087,10114.8866,2844.7903
34088,10141.9515,2598.0497
34089,10143.1274,2884.5738
34090,10139.8004,2382.1362
34091,10122.2176,3084.7404
34092,10129.355,2220.2852
34093,10129.069,3048.5774
34094,10130.8673,2482.7498
34095,10131.8007,2384.9947
34096,10117.4954,3197.3839
34097,10135.4904,3262.1695
34098,10095.4443,2801.6682
34099,10103.2467,2722.3078
34100,10135.2444,2697.876
34101,10119.7451,2637.5089
34102,10138.2667,2127.3642
34103,10098.1979,3272.855
34104,10138.0965,2440.9999
34105,10142.9533,3153.0842
34106,10121.7198,2291.4151
34107,10137.5627,3199.4711
34108,10141.7489,2897.2659
34109,10125.374,2191.507
34110,10125.3343,3135.4793
34111,10104.2108,2292.1564
34112,10095.4151,2177.1147
34113,10098.8133,3293.6286
34114,10112.7959,3118.7954
34115,10122.5963,2599.2418
34116,10124.0672,3281.299
34117,10132.4078,2470.853
34118,10134.9254,2207.6745
34119,10125.0054,2453.9842
34120,10122.2624,2636.8825
34121,10093.3567,3006.4078
34122,10108.0892,2936.254
34123,10097.5061,2493.8382
34124,10135.0316,3246.855
34125,10094.5094,2128.858
34126,10095.5026,2980.2858
34127,10098.8194,2891.3779
34128,10117.5752,3115.5181
34129,10110.6589,3112.2358
34130,10094.4037,2210.7623
34131,10103.1113,2977.6252
34132,10114.691,2427.3642
34133,10126.3684,3125.8058
34134,10094.6887,2327.4491
34135,10107.5367,3072.4981
34136,10113.721,2608.4158
34137,10107.4366,2434.7377
34138,10125.7627,2403.5017
34139,10121.2225,2956.6048
34140,10126.4328,2840.1428
34141,10104.3399,2156.5494
34142,10108.1882,3225.799
34143,10133.6815,2385.3757
34144,10085.5839,3027.1313
34145,10109.1174,2686.8357
34146,10098.5919,2300.2985
34147,10100.8116,2789.5333
34148,10098.5736,2515.853
34149,10096.0181,2630.9068
34150,10121.1473,2219.0284
34151,10092.0109,3194.4704
34152,10097.4793,2310.132
34153,10105.0985,2400.4452
34154,10094.1305,3218.8104
34155,10095.1763,3074.2761
34156,10116.4017,3272.3995
34157,10120.9378,2698.6222
34158,10087.3528,2062.0208
34159,10080.4666,2492.0049
34160,10085.9666,2281.1643
34161,10105.2301,2067.6327
34162,10122.84,2561.5662
34163,10116.4946,3299.4273
34164,10095.8016,2693.6397
34165,10088.9605,3039.7988
34166,10079.3016,3108.6473
34167,10110.0746,2064.8295
34168,10093.0927,3156.2403
34169,10119.872,3130.4565
34170,10085.2625,3295.9877
34171,10085.2183,3025.2915
34172,10081.8332,2831.9126
34173,10122.4432,2769.8517
34174,10079.729,2647.5592
34175,10089.2044,3137.2232
34176,10079.6631,2597.7328
34177,10108.589,2540.9676
34178,10086.0614,2309.4687
34179,10102.629,3030.7239
34180,10120.3377,3249.1749
34181,10082.964,2407.5707
34182,10115.056,3259.5181
34183,10124.0312,3163.7609
34184,10109.9472,2448.1043
34185,10108.2785,2848.1407
34186,10122.43,2795.7974
34187,10093.885,3287.0514
34188,10076.8645,2298.5128
34189,10095.6718,2426.708
34190,10106.5702,2348.9935
34191,10096.3618,2692.1217
34192,10093.7639,2054.8173
34193,10089.8353,2729.3941
34194,10106.7809,2100.651
34195,10104.5665,2793.2738
34196,10074.5062,2702.6388
34197,10094.427,3270.7452
34198,10120.9226,2162.0253
34199,10078.6325,3266.594
34200,10091.6716,2287.7028
34201,10095.9525,3032.4892
34202,10095.8214,3288.0896
34203,10081.68,2319.4131
34204,10116.818,2501.3766
34205,10114.8133,3079.7014
34206,10079.6587,2156.2034
34207,10076.8228,3216.8987
34208,10072.3748,2752.1462
34209,10081.7068,2404.7646
34210,10084.728,2899.1186
34211,10119.7372,2945.238
34212,10102.0738,2520.827
34213,10118.2742,2175.7118
34214,10089.1263,2487.0946
34215,10120.1549,3019.4061
34216,10120.7243,2723.5037
34217,10088.3877,3152.3935
34218,10083.9272,3076.2094
34219,10109.1625,2629.0892
34220,10104.3086,2387.2172
34221,10103.3902,2416.5901
34222,10107.8225,3306.9557
34223,10072.1434,2329.7453
34224,10116.3353,2681.3133
34225,10098.4323,3029.3119
34226,10084.1483,2225.4716
34227,10110.3852,3270.3439
34228,10074.446,2600.4855
34229,10078.9185,2463.5082
34230,10103.545,2480.9638
34231,10088.9607,2327.6189
34232,10098.0659,2853.9249
34233,10087.6616,2473.7978
34234,10073.8945,2391.157
34235,10110.1718,2645.269
34236,10115.1833,2291.5847
34237,10068.6818,2553.1532
34238,10116.2818,2698.3263
34239,10068.8994,2869.1679
34240,10070.0095,2201.4786
34241,10118.4026,2509.8547
34242,10099.6106,3312.5271
34243,10109.6547,2392.9524
34244,10118.0694,2540.0028
34245,10068.0367,2057.658
34246,10086.2991,3172.3375
34247,10094.9006,2697.0521
34248,10093.0867,2245.1684
34249,10115.3508,2563.9761
34250,10103.411,2130.6829
34251,10093.361,2103.1092
34252,10067.7558,2731.3438
34253,10113.0765,3214.1311
34254,10096.1599,2655.8119
34255,10078.5004,2553.1301
34256,10094.088,3001.4691
34257,10069.716,2606.1393
34258,10091.8566,2587.0768
34259,10087.6443,2754.5559
34260,10101.8145,2149.2161
34261,10105.4294,2244.4344
34262,10083.708,2091.7703
34263,10092.9254,3233.4677
34264,10082.7738,2481.9797
34265,10095.995,3291.5095
34266,10082.6361,3090.0856
34267,10088.8594,2776.6501
34268,10095.2975,2562.2066
34269,10109.4094,2762.7893
34270,10087.142,2397.5951
34271,10066.9369,2975.5486
34272,10075.0185,2647.6305
34273,10068.6728,2775.6831
34274,10111.5353,2056.575
34275,10112.6371,2168.8562
34276,10085.6177,2507.6223
34277,10115.0822,2097.1259
34278,10077.7174,2806.7199
34279,10102.1723,2972.5723
34280,10105.3456,3285.2868
34281,10093.0868,3231.1308
34282,10078.1741,2563.9967
34283,10069.4499,3050.6086
34284,10109.9681,2060.2728
34285,10065.9361,2855.7048
34286,10112.9084,2094.3392
34287,10077.1765,2871.9631
34288,10081.8581,3254.4061
34289,10095.1064,2836.497
34290,10108.2824,2888.2158
34291,10082.4585,3013.7417
34292,10110.7596,2952.8814
34293,10111.6245,2963.4321
34294,10089.2202,3086.1377
34295,10093.374,2291.2378
34296,10112.3542,2773.0958
34297,10081.7496,2805.6642
34298,10089.8948,3278.6669
34299,10112.2059,2188.7434
34300,10067.4738,3107.2787
34301,10078.9511,2665.9105
34302,10077.685,2577.0346
34303,10081.8604,3171.7558
34304,10066.0093,2590.2394
34305,10110.8448,2482.5588
34306,10083.5507,2401.3858
34307,10088.0773,2896.4194
34308,10087.4912,2345.4383
34309,10102.9663,3238.9646
34310,10106.8628,3273.8823
34311,10112.8776,3133.0183
34312,10085.0931,2116.8022
34313,10077.5385,2649.7647
34314,10076.7398,2967.9404
34315,10087.6777,2778.0302
34316,10109.9475,2308.7527
34317,10067.6326,3130.638
34318,10110.6813,3295.0158
34319,10114.8367,3128.8685
34320,10074.7151,2413.0242
34321,10070.3572,3020.9849
34322,10097.3506,3238.7804
34323,10096.8538,3177.6011
34324,10079.7722,2681.3549
34325,10086.0527,3177.8382
34326,10071.8359,3242.8894
34327,10070.5239,3156.9705
34328,10066.7863,3150.2194
34329,10094.6474,2973.2111
34330,10112.973,3136.1881
34331,10084.8864,3040.0657
34332,10070.4909,3181.6589
34333,10097.1497,3184.046
34334,10097.2292,2411.7931
34335,10085.9602,2801.2211
34336,10086.0328,3039.3571
34337,10095.6035,3032.6607
34338,10097.507,2256.5442
34339,10107.6968,2195.934
34340,10099.092,3304.8929
34341,10099.9779,2376.2749
34342,10110.6536,3084.1642
34343,10094.2848,3015.5259
34344,10096.5724,2760.1503
34345,10097.064,2689.1632
34346,10066.1923,3244.8503
34347,10073.8098,2395.2917
34348,10089.9057,2616.9292
34349,10108.3067,2277.6146
34350,10083.9686,3140.3776
34351,10071.295,2202.0842
34352,10076.67,2073.9699
34353,10102.388,3011.4591
34354,10110.425,2598.53
34355,10087.6874,2810.586
34356,10093.3177,3119.2944
34357,10103.6875,2524.0486
34358,10097.9261,2667.7867
34359,10084.6025,3143.1023
34360,10066.6086,3017.107
34361,10093.1704,2407.0957
34362,10088.8045,2771.0872
34363,10070.533,2931.6595
34364,10103.8579,2614.3638
34365,10098.4753,2688.4832
34366,10104.0145,2979.0297
34367,10111.2749,2971.6935
34368,10087.9145,2764.1368
34369,10096.2217,2293.1143
34370,10080.7474,2242.2664
34371,10089.3015,2991.4717
34372,10089.5728,2725.0264
34373,10085.4855,3308.6801
34374,10073.5633,2339.58
34375,10069.6716,2714.6075
34376,10082.4054,2245.4798
34377,10086.2266,2368.536
34378,10093.2977,3035.9871
34379,10117.1877,2473.3258
34380,10096.3826,2775.4205
34381,10087.138,2830.6136
34382,10111.9727,2984.701
34383,10080.4603,2386.5599
34384,10074.3113,2300.5773
34385,10093.677,2627.5968
34386,10111.8159,2309.6109
34387,10089.781,2550.2957
34388,10116.7017,2629.8846
34389,10099.1095,3090.6061
34390,10101.9512,3317.4328
34391,10099.5031,2825.9072
34392,10117.5862,2272.2877
34393,10070.2097,2314.4621
34394,10069.5207,2231.2864
34395,10107.3889,3303.6904
34396,10077.1839,2908.4211
34397,10072.3954,2531.6626
34398,10095.223,3103.5174
34399,10083.9323,2835.1234
34400,10091.9464,3277.1047
34401,10076.7674,3125.5318
34402,10078.4129,2917.5468
34403,10072.6725,3107.3849
34404,10087.1869,2882.1938
34405,10110.2821,3305.0987
34406,10115.5746,3222.8126
34407,10090.1473,2154.4469
34408,10075.7348,3020.2464
34409,10076.7138,2936.9536
34410,10107.5212,3285.451
34411,10080.387,2411.3896
34412,10096.3365,3219.3854
34413,10113.4687,3010.5513
34414,10078.2234,2693.5019
34415,10081.6541,2509.9381
34416,10090.9193,2290.4916
34417,10109.223,2621.8944
34418,10109.7615,2406.9107
34419,10095.9015,3016.1735
34420,10081.7053,3174.4057
34421,10079.6658,2356.5076
34422,10090.7129,2419.3333
34423,10089.7423,2545.8504
34424,10095.0689,2665.6214
34425,10074.853,2162.2171
34426,10108.6164,2502.2985
34427,10084.2512,2523.0019
34428,10088.8871,2691.3622
34429,10079.5124,2951.1582
34430,10114.2699,2858.1995
34431,10079.8683,2300.3617
34432,10088.9092,2750.5276
34433,10121.2787,2532.6963
34434,10073.4352,2336.9724
34435,10093.3854,3254.603
34436,10110.7468,3028.9016
34437,10072.6382,2210.3052
34438,10071.6735,2247.8998
34439,10092.6983,2894.0173
34440,10075.2609,3251.8411
34441,10105.3031,2991.5275
34442,10098.099,2414.8273
34443,10078.455,3068.516
34444,10074.2286,2200.7147
34445,10092.1718,3212.2173
34446,10077.0509,2924.6198
34447,10091.8766,2966.3841
34448,10106.0899,2756.5316
34449,10116.3627,2753.464
34450,10094.5633,2317.2519
34451,10103.9561,2498.7783
34452,10093.5239,2681.1473
34453,10083.3489,2830.8192
34454,10109.6061,2195.0817
34455,10076.8935,2614.1658
34456,10085.2902,2423.1232
34457,10110.4291,3188.694
34458,10100.0421,3049.9476
34459,10100.9416,2474.9643
34460,10110.9704,2848.5723
34461,10083.331,2510.6412
34462,10103.5739,2923.1823
34463,10118.3401,3154.7174
34464,10091.934,3062.1951
34465,10115.3856,2313.5269
34466,10113.9588,3304.3855
34467,10106.5176,2333.7778
34468,10087.953,2297.5369
34469,10091.0004,2690.5468
34470,10085.9341,2974.3417
34471,10075.1311,3129.979
34472,10077.5895,3240.3495
34473,10075.1997,3217.3899
34474,10090.1036,2747.4834
34475,10083.8443,2899.763
34476,10095.2931,2789.1833
34477,10125.7422,3156.1686
34478,10122.1902,3183.2096
34479,10112.1128,2800.8616
34480,10110.7079,2998.9515
34481,10124.6112,2931.3116
34482,10079.1411,2763.4307
34483,10091.5337,2797.2578
34484,10122.8529,2597.6401
34485,10101.6826,2299.5314
34486,10098.1767,2273.019
34487,10104.5768,3215.114
34488,10127.2424,3102.6197
34489,10089.1236,3035.519
34490,10120.3874,3033.578
34491,10122.2254,3318.0499
34492,10082.4838,2979.3509
34493,10112.3779,2753.8114
34494,10100.5728,3127.5538
34495,10124.9596,2110.1983
34496,10125.2558,2432.9526
34497,10102.4425,3128.1893
34498,10103.3729,2759.8112
34499,10095.1713,2329.586
34500,10102.3017,2695.1025
34501,10116.5015,2483.0755
34502,10113.1449,2204.3835
34503,10128.1649,3031.1234
34504,10115.34,2566.7951
34505,10115.1223,3038.5257
34506,10110.8114,3292.048
34507,10115.8259,2987.4834
34508,10082.0135,2357.3439
34509,10083.6573,2928.1654
34510,10086.2098,2857.2347
34511,10102.5871,2819.801
34512,10093.2399,3228.8776
34513,10092.1856,2362.2105
34514,10106.1929,2687.7067
34515,10117.3747,3087.0837
34516,10118.5252,2506.6975
34517,10126.2318,2058.233
34518,10116.659,3245.5508
34519,10099.9364,2110.1742
34520,10098.2944,2974.9771
34521,10104.1192,2616.0466
34522,10098.7121,2716.6538
34523,10111.13,2740.5189
34524,10091.1512,2111.2062
34525,10110.2381,2571.6914
34526,10082.3425,2986.388
34527,10106.376,2089.1738
34528,10120.1463,2522.7437
34529,10094.4199,2764.5023
34530,10099.848,2444.0915
34531,10091.1637,2337.8561
34532,10084.627,2976.3493
34533,10118.1099,2354.6534
34534,10101.7162,3063.6754
34535,10118.0262,2533.4827
34536,10113.289,2635.9899
34537,10093.9971,2426.8645
34538,10117.4309,2713.6957
34539,10122.751,3036.3238
34540,10123.2476,3317.2308
34541,10094.7103,2360.6318
34542,10111.8678,3185.6606
34543,10109.0173,3015.4594
34544,10091.2723,2321.1599
34545,10129.9102,2642.2816
34546,10106.7321,2982.5106
34547,10087.7011,2702.6562
34548,10108.6942,3072.6349
34549,10124.2588,2100.4025
34550,10090.1902,2459.7549
34551,10088.5695,3063.2108
34552,10095.4408,2116.4389
34553,10128.9091,2099.5269
34554,10128.46,2751.022
34555,10119.5433,2957.7782
34556,10131.2805,3235.6507
34557,10118.3019,2200.7669
34558,10086.2617,2321.5383
34559,10124.5265,2669.7156
34560,10126.3596,2170.8694
34561,10107.0155,3119.9392
34562,10122.8501,2743.0163
34563,10101.1818,2363.0238
34564,10107.8496,2460.4521
34565,10116.6757,3216.6029
34566,10092.6985,2734.7197
34567,10096.9627,2162.3666
34568,10105.7822,2320.7817
34569,10128.0342,3242.8438
34570,10101.2538,2114.6881
34571,10131.9181,2953.6432
34572,10127.9008,3228.364
34573,10126.0279,2850.9103
34574,10088.9945,2855.1647
34575,10128.2969,2496.7795
34576,10091.851,2330.4653
34577,10107.7619,3289.6138
34578,10105.4866,3203.3231
34579,10092.7489,3068.1668
34580,10138.864,2107.3634
34581,10106.986,3305.6622
34582,10136.0542,2490.1535
34583,10117.8242,2505.183
34584,10139.5821,2393.5573
34585,10130.7206,3249.6774
34586,10091.0017,3090.4283
34587,10107.7328,3226.6732
34588,10098.9395,3154.0006
34589,10126.5872,2327.7353
34590,10110.3819,2378.0253
34591,10107.3016,3182.5714
34592,10099.6708,2053.8449
34593,10101.3051,2298.7968
34594,10111.0162,3051.464
34595,10120.6271,3197.1353
34596,10092.9048,2312.0749
34597,10091.9969,2703.3
34598,10095.6004,2410.2022
34599,10112.2697,2515.7117
34600,10108.8885,3297.7625
34601,10122.7919,2062.8625
34602,10120.6447,2714.2039
34603,10114.4662,2596.5613
34604,10127.3557,3218.5686
34605,10116.3675,3286.9074
34606,10100.3938,3142.7071
34607,10127.8675,3249.2658
34608,10106.5566,2816.0982
34609,10129.0111,2675.1596
34610,10124.9518,2273.1479
34611,10131.9174,2589.6423
34612,10094.8594,2356.1614
34613,10104.3144,2907.0449
34614,10108.522,2465.8354
34615,10109.382,2145.231
34616,10141.6928,2680.4897
34617,10141.1004,2812.6161
34618,10117.1179,2739.7885
34619,10108.6137,2920.6447
34620,10133.4179,2415.0559
34621,10113.8304,2555.5174
34622,10145.3323,2388.3039
34623,10095.6651,2693.3616
34624,10096.017,2144.911
34625,10100.7793,2770.7444
34626,10110.726,2400.4
34627,10118.5555,2396.0572
34628,10130.8998,2469.2717
34629,10109.7431,2741.6431
34630,10144.9161,2296.8652
34631,10125.7315,3147.5529
34632,10102.3314,2278.5674
34633,10116.3938,2078.0654
34634,10096.5428,3037.7444
34635,10117.6412,2413.3866
34636,10114.9849,2816.7845
34637,10104.8465,3019.1289
34638,10097.8644,2529.0723
34639,10098.1777,2219.6488
34640,10117.8932,3071.6288
34641,10119.2148,2578.7092
34642,10133.1355,3321.1126
34643,10135.445,2817.4284
34644,10126.7134,2925.1554
34645,10119.2949,2587.8811
34646,10107.2621,2095.5005
34647,10130.9257,3105.5415
34648,10126.8032,3148.374
34649,10146.1688,3218.2753
34650,10142.0944,2288.6218
34651,10101.3411,2759.697
34652,10131.6105,2699.495
34653,10124.9842,2289.334
34654,10109.4205,2290.3368
34655,10130.7614,2395.4462
34656,10111.001,2570.1974
34657,10103.7075,2950.5597
34658,10102.3355,2386.4415
34659,10113.9605,2757.2785
34660,10111.1623,2674.3687
34661,10143.038,3329.0526
34662,10121.1949,2657.8591
34663,10118.7114,3235.4495
34664,10110.0892,3191.3896
34665,10130.1801,2244.7287
34666,10101.4109,2166.3218
34667,10119.4225,2819.7708
34668,10114.2076,2181.8935
34669,10109.4605,2226.6086
34670,10132.9775,2829.5822
34671,10119.0957,2235.0588
34672,10120.1537,3277.1737
34673,10130.1108,2761.3118
34674,10117.2472,3241.8524
34675,10136.1578,2082.5305
34676,10103.8999,2393.7254
34677,10147.1704,3206.5497
34678,10146.2838,2876.9081
34679,10115.6058,2495.1708
34680,10151.637,3106.8366
34681,10137.175,2943.4219
34682,10136.608,2649.7316
34683,10112.0811,2985.2163
34684,10138.7241,3124.5187
34685,10125.8519,2956.1364
34686,10127.252,3001.7164
34687,10126.5625,3122.2845
34688,10131.7772,2893.4971
34689,10136.0384,2808.4503
34690,10136.2692,2531.7184
34691,10121.8033,2695.2823
34692,10152.3901,2866.782
34693,10114.9203,3260.6507
34694,10121.258,3017.6587
34695,10139.396,2120.5856
34696,10121.9251,2400.2637
34697,10107.2567,3011.3313
34698,10153.8352,2537.118
34699,10108.4567,2329.5563
34700,10113.6538,2073.3397
34701,10118.4903,2084.6376
34702,10151.8967,2774.123
34703,10140.5176,2736.9571
34704,10129.5569,2971.9778
34705,10136.285,2731.4885
34706,10107.7191,2778.2078
34707,10134.1218,2799.4239
34708,10134.8719,2535.2385
34709,10108.8495,2254.619
34710,10152.6985,2297.4093
34711,10121.6322,2653.1593
34712,10128.4163,3060.9817
34713,10117.5513,3264.157
34714,10152.0594,2992.8145
34715,10143.6575,2675.3604
34716,10131.262,2282.3989
34717,10125.9254,2287.3711
34718,10123.2598,2173.2087
34719,10154.7875,2887.0876
34720,10115.2092,3073.5771
34721,10118.6075,2275.985
34722,10155.8133,2176.5966
34723,10138.8702,3015.7518
34724,10108.8388,3096.2946
34725,10116.3519,3056.2893
34726,10134.7234,2282.8945
34727,10131.8503,2154.835
34728,10132.0061,2837.4204
34729,10109.0883,3072.6322
34730,10130.0345,2387.8026
34731,10133.8152,2533.2493
34732,10134.8022,2986.0162
34733,10155.9478,2515.7937
34734,10129.6349,2583.8783
34735,10132.6231,2322.0334
34736,10145.4361,2783.1311
34737,10135.8468,2791.0634
34738,10135.6913,2072.1102
34739,10135.5688,3224.975
34740,10128.2951,2719.1526
34741,10147.8355,2164.2175
34742,10141.7277,2195.2656
34743,10128.1343,2415.886
34744,10149.5464,3165.2656
34745,10120.1196,3241.7871
34746,10142.2803,2593.6874
34747,10135.2902,2354.5106
34748,10152.0965,2844.0337
34749,10155.0086,2979.7238
34750,10143.7285,3256.6739
34751,10131.2256,2382.1892
34752,10124.5209,2492.3599
34753,10160.9351,3303.8149
34754,10156.075,2808.8266
34755,10146.5164,2919.2668
34756,10115.7948,2940.6514
34757,10139.7616,2664.5795
34758,10132.0552,2363.7126
34759,10151.2948,2294.8608
34760,10134.8158,3286.0127
34761,10150.2307,3288.5029
34762,10138.6907,2964.7344
34763,10117.8713,2567.6729
34764,10120.4677,2473.9613
34765,10141.8241,2951.7208
34766,10113.7217,3126.1767
34767,10118.4011,2104.1707
34768,10146.2254,3055.5922
34769,10132.7966,2654.6865
34770,10158.8252,2686.9135
34771,10130.8116,3224.8914
34772,10141.4458,3242.2433
34773,10145.4865,3227.7556
34774,10152.9982,3005.5744
34775,10116.6466,2252.5851
34776,10136.5878,2940.772
34777,10146.0032,2870.1067
34778,10146.1941,2938.3198
34779,10121.2155,2431.1865
34780,10122.3378,2884.4655
34781,10126.9053,2194.0398
34782,10150.4631,2962.0585
34783,10120.3069,2129.7015
34784,10119.9297,2203.5231
34785,10146.0526,3284.6617
34786,10131.0294,3254.808
34787,10115.3256,2747.5138
34788,10135.7131,2469.8437
34789,10121.489,2164.2214
34790,10137.3475,3017.8049
34791,10125.8376,3182.0419
34792,10140.2795,2829.1066
34793,10133.6622,2221.0893
34794,10115.1054,2555.0474
34795,10119.8442,2681.8275
34796,10139.95,2080.6846
34797,10146.714,3142.674
34798,10151.0194,2542.1899
34799,10129.7658,2119.2164
34800,10125.8883,3213.955
34801,10146.4432,2447.0941
34802,10160.3814,2717.8322
34803,10132.0503,2849.4881
34804,10114.5493,2435.0533
34805,10155.4514,3277.2311
34806,10120.8771,2373.3558
34807,10158.2934,2489.292
34808,10135.7374,2486.943
34809,10159.1589,2758.6422
34810,10162.7422,2687.3803
34811,10120.7447,2321.3577
34812,10125.312,3284.2704
34813,10158.485,2164.569
34814,10126.8842,3187.1802
34815,10135.4017,3249.6413
34816,10134.1642,3075.8836
34817,10115.1901,2236.6839
34818,10154.6176,2442.0766
34819,10159.9611,2726.8726
34820,10124.9715,2457.0062
34821,10156.3855,2416.797
34822,10144.713,2663.3971
34823,10132.2651,3323.5894
34824,10148.9371,2826.6369
34825,10130.5689,3240.2324
34826,10145.4801,2100.9554
34827,10133.5756,3328.3588
34828,10130.738,2860.1807
34829,10144.1992,3023.2203
34830,10161.6665,2816.2261
34831,10161.4845,2468.2622
34832,10155.6253,2982.1851
34833,10130.0366,2404.9317
34834,10126.2433,3237.4944
34835,10151.2775,3105.5151
34836,10124.0577,2726.8347
34837,10159.6698,2120.3566
34838,10119.5027,3304.3408
34839,10140.5129,2795.5208
34840,10158.0826,2358.2066
34841,10159.0498,3092.909
34842,10147.8012,2385.468
34843,10136.4562,2707.0796
34844,10119.2823,2219.5572
34845,10127.4056,2384.2429
34846,10147.7719,2902.6862
34847,10157.3858,3269.2286
34848,10129.1083,3060.3337
34849,10134.6935,3092.4049
34850,10124.3447,2292.0231
34851,10131.858,2499.8147
34852,10150.5792,3283.348
34853,10153.7701,2781.7424
34854,10165.7696,2600.7127
34855,10124.2112,2282.5434
34856,10147.3165,3316.2251
34857,10163.511,2228.0003
34858,10124.9816,2981.5243
34859,10156.1462,2383.7124
34860,10117.8645,3081.0138
34861,10149.2601,3279.4959
34862,10132.8022,2937.2447
34863,10152.3595,2718.8286
34864,10124.0875,2797.913
34865,10116.2856,3091.3332
34866,10150.2741,2555.746
34867,10155.4449,3245.0738
34868,10153.8981,2799.0487
34869,10123.4763,2360.5188
34870,10139.7159,3018.6557
34871,10157.2615,3226.7301
34872,10117.2384,2234.7938
34873,10166.2228,2779.5417
34874,10131.678,2058.4102
34875,10161.2039,3218.51
34876,10123.7954,2498.3584
34877,10151.4958,2090.8704
34878,10121.851,3295.8629
34879,10142.0516,2989.4733
34880,10142.5355,2264.2722
34881,10163.3541,2181.705
34882,10138.2752,2460.6355
34883,10128.7829,2179.9091
34884,10161.2353,3315.7923
34885,10163.6644,2326.5012
34886,10158.0535,2605.4936
34887,10160.5887,3050.1956
34888,10161.1294,2706.3885
34889,10121.3593,2255.6594
34890,10156.7516,3177.777
34891,10118.8389,2884.0482
34892,10141.0813,2128.6089
34893,10132.575,3326.1889
34894,10158.0535,3260.3287
34895,10158.3908,2134.1175
34896,10157.8299,2758.8766
34897,10164.4429,3011.7496
34898,10156.595,3239.0052
34899,10131.1956,3295.0752
34900,10137.7423,2962.2923
34901,10151.2505,3273.7245
34902,10152.5981,3186.0504
34903,10148.7926,2552.532
34904,10124.8551,3113.8293
34905,10123.0998,3197.3941
34906,10145.5601,2354.1998
34907,10148.1512,2303.1125
34908,10115.2465,2846.2851
34909,10140.241,3151.1831
34910,10121.9441,3153.6143
34911,10115.3946,2191.032
34912,10152.9185,2289.9049
34913,10151.2081,2716.4262
34914,10123.4679,2698.547
34915,10116.5583,2510.1601
34916,10129.0283,3238.402
34917,10155.4459,2392.0819
34918,10154.5459,3046.3615
34919,10135.9938,2387.8235
34920,10146.601,3192.6995
34921,10139.8996,2896.9007
34922,10156.661,2609.0752
34923,10158.4537,2508.4516
34924,10119.9572,2897.5991
34925,10127.1462,2600.2575
34926,10142.4601,2882.9073
34927,10155.785,2569.8148
34928,10162.1839,2698.3542
34929,10145.8307,2531.4591
34930,10125.231,3286.6673
34931,10160.9658,3071.2347
34932,10149.5888,3159.9391
34933,10128.224,2783.6113
34934,10123.6849,2926.2639
34935,10145.039,2132.2304
34936,10157.4378,3123.5043
34937,10133.7061,3253.032
34938,10127.2435,2420.7539
34939,10124.8915,3152.2595
34940,10119.1013,2374.4619
34941,10142.7979,2263.041
34942,10137.0525,2130.5319
34943,10123.1073,2601.1361
34944,10152.8346,2085.6525
34945,10115.5908,2757.7743
34946,10130.4358,2326.2365
34947,10150.6227,2931.1832
34948,10120.6066,3269.574
34949,10160.3144,3187.9244
34950,10122.0926,2509.2788
34951,10144.8703,2858.899
34952,10150.5035,3126.4764
34953,10112.5703,2189.768
34954,10115.9569,2663.7308
34955,10156.5986,2335.8021
34956,10112.0884,3302.4397
34957,10141.7052,2479.553
34958,10117.9036,2758.2975
34959,10122.7181,2911.4686
34960,10151.6272,2682.4558
34961,10125.3168,2474.9388
34962,10118.4575,2896.9075
34963,10110.5119,2078.3496
34964,10110.4082,3221.5324
34965,10146.9118,3150.485
34966,10124.3818,2365.0701
34967,10151.5407,3088.9957
34968,10123.8937,2889.7571
34969,10132.1101,2083.387
34970,10144.7884,3157.8315
34971,10117.1884,2478.4648
34972,10156.0056,2954.848
34973,10113.0666,2775.561
34974,10137.4026,2347.5729
34975,10143.2305,3101.3476
34976,10128.0323,2136.3404
34977,10142.5959,2208.087
34978,10131.6027,2670.3568
34979,10119.7707,3229.1222
34980,10122.217,2749.2342
34981,10154.922,2206.3963
34982,10127.265,2976.0432
34983,10146.1857,2293.6922
34984,10117.2065,3293.952
34985,10126.4342,3028.3281
34986,10136.4886,2255.8679
34987,10128.1261,2765.683
34988,10150.7345,2683.1106
34989,10141.5505,2325.6375
34990,10130.8752,2257.4839
34991,10107.8902,2411.8705
34992,10153.637,2958.1134
34993,10135.1239,2423.6387
34994,10114.505,2152.8535
34995,10125.3416,3045.5717
34996,10122.6739,2544.6935
34997,10115.211,3193.5381
34998,10154.7398,2687.4414
34999,10111.1845,3278.1959
35000,10149.3781,3063.2569
35001,10117.2709,3193.9736
35002,10108.9102,2330.1271
35003,10116.3261,3303.1578
35004,10146.7763,3249.6475
35005,10128.9458,2953.1245
35006,10137.4524,2307.3447
35007,10140.0035,3102.8263
35008,10147.0393,2831.2144
35009,10122.2803,2164.7995
35010,10107.9576,2629.9774
35011,10104.1132,2637.9611
35012,10135.5934,2664.5483
35013,10151.5983,2750.6164
35014,10110.0474,3279.1083
35015,10121.0515,3121.1528
35016,10143.5328,3029.9236
35017,10109.0248,2821.3425
35018,10139.707,3165.2222
35019,10111.1041,3222.1494
35020,10139.3217,2213.9053
35021,10130.2609,2155.0174
35022,10111.6249,2920.8947
35023,10120.5799,2548.9739
35024,10130.3122,3063.577
35025,10144.0307,3141.6779
35026,10143.2918,3043.6069
35027,10118.67,2162.415
35028,10102.9629,3286.4886
35029,10100.4868,2519.385
35030,10100.4728,2353.5917
35031,10135.3473,2735.7878
35032,10149.1495,2841.7288
35033,10109.6411,2497.6502
35034,10100.3539,3316.7288
35035,10103.0879,3210.5593
35036,10139.8798,2570.1606
35037,10118.0419,2825.1144
35038,10108.0059,2253.8578
35039,10105.8104,2875.9554
35040,10113.2981,2306.2436
35041,10103.9314,2637.8295
35042,10099.7689,2419.8815
35043,10137.1318,2629.5068
35044,10119.6797,2569.8173
35045,10104.4979,2830.1777
35046,10112.3466,2767.7332
35047,10131.5346,3061.7446
35048,10128.0929,3242.1832
35049,10141.3505,2648.8979
35050,10116.6367,3213.6234
35051,10111.1872,2259.0473
35052,10128.6764,2247.5444
35053,10143.4651,3301.0565
35054,10125.5714,2818.685
35055,10131.6227,2300.052
35056,10136.2856,2470.7461
35057,10139.7444,3296.1587
35058,10112.2534,2550.3695
35059,10114.5106,2983.9544
35060,10124.5677,2806.3168
35061,10119.3095,2535.561
35062,10130.4509,2769.092
35063,10106.6204,2465.563
35064,10096.4839,2342.645
35065,10097.1007,3197.5857
35066,10111.1436,3151.8437
35067,10107.1574,2091.3858
35068,10105.1465,3295.9509
35069,10098.4783,2489.4028
35070,10115.0175,2988.4684
35071,10102.0466,2544.9093
35072,10089.6137,3004.9042
35073,10098.1022,2321.2312
35074,10127.2657,3187.5655
35075,10111.1444,3316.9408
35076,10125.5796,2991.9531
35077,10135.3497,2985.8404
35078,10128.433,2140.7886
35079,10117.4555,3194.6903
35080,10132.5454,2344.3997
35081,10094.5208,2696.9097
35082,10128.631,2536.6547
35083,10103.3469,2438.8109
35084,10113.513,3022.7035
35085,10088.4353,2641.7965
35086,10128.5217,2813.8655
35087,10094.1976,2683.142
35088,10103.7961,2106.3081
35089,10118.7772,3207.0117
35090,10092.1745,2816.8035
35091,10132.2095,3079.9991
35092,10110.0553,2986.9729
35093,10084.4558,3241.8218
35094,10094.4516,2266.9091
35095,10105.231,2959.4075
35096,10103.0579,3283.4504
35097,10106.789,2382.1364
35098,10091.2979,2300.4929
35099,10111.7466,2617.949
35100,10119.7478,2927.8187
35101,10079.7069,2786.7849
35102,10114.4698,2566.3466
35103,10120.0238,3204.1469
35104,10091.9445,3195.5617
35105,10101.5522,2818.6706
35106,10122.1426,2812.8121
35107,10102.9426,2617.1114
35108,10087.9886,3085.3631
35109,10107.9445,3088.8901
35110,10114.2736,2769.6031
35111,10093.0513,2427.5854
35112,10110.1633,2966.7213
35113,10076.827,2807.0398
35114,10119.1456,3079.9242
35115,10110.3728,2171.7372
35116,10119.5094,2547.1472
35117,10117.9533,2736.1746
35118,10119.0949,3090.4429
35119,10076.8504,2498.9475
35120,10080.7682,2680.3128
35121,10117.8449,2558.6134
35122,10078.5801,2929.7527
35123,10072.1674,2598.322
35124,10096.3693,2933.2915
35125,10085.7746,2919.4407
35126,10098.4418,3014.1126
35127,10089.31,2830.725
35128,10074.7428,3245.9307
35129,10084.0705,3299.5967
35130,10104.0748,2059.1436
35131,10069.059,2302.1505
35132,10074.6471,3219.3635
35133,10072.398,3200.7502
35134,10077.6239,2416.5693
35135,10084.9013,2376.2419
35136,10090.7305,2072.6173
35137,10090.7054,2784.5791
35138,10111.0452,3072.1236
35139,10113.0038,2953.023
35140,10101.2014,3026.0071
35141,10101.6856,2467.8074
35142,10102.0779,2710.5534
35143,10111.8878,2428.2942
35144,10092.4956,2703.8982
35145,10073.6287,2366.6187
35146,10086.6041,2829.613
35147,10084.1218,2118.4039
35148,10089.4781,2630.759
35149,10061.6739,2232.9553
35150,10094.4877,3236.2109
35151,10068.7527,2120.7528
35152,10100.4977,3226.5718
35153,10089.1987,2677.4578
35154,10103.8442,2321.6693
35155,10084.8908,2690.2397
35156,10063.2611,2096.6747
35157,10070.6463,2436.7237
35158,10080.236,2874.1744
35159,10098.401,3168.4209
35160,10066.4757,3129.5894
35161,10079.6904,2618.2485
35162,10078.1056,3107.7186
35163,10059.4317,2187.1266
35164,10070.8429,2767.5698
35165,10070.1117,3138.8604
35166,10093.8076,2585.3833
35167,10097.4423,3304.9022
35168,10089.2104,2095.0879
35169,10089.3977,3084.442
35170,10058.5723,2262.2619
35171,10055.4909,3109.9586
35172,10062.4983,2705.135
35173,10055.849,3293.1561
35174,10059.1555,3232.1603
35175,10075.5646,2328.3867
35176,10091.565,2568.5886
35177,10066.12,2580.8011
35178,10093.8481,2291.1175
35179,10067.7718,3268.4863
35180,10090.7652,2385.2996
35181,10092.4612,2343.4472
35182,10071.0573,2324.2885
35183,10080.6069,2723.9098
35184,10094.1162,2330.8313
35185,10094.2898,2808.4585
35186,10080.6995,2794.4691
35187,10080.3001,2409.3312
35188,10068.5052,2451.3857
35189,10046.9437,2747.1794
35190,10042.203,2584.6128
35191,10085.5536,3087.4985
35192,10052.3479,2626.187
35193,10050.3035,2580.8415
35194,10080.7911,2267.2878
35195,10042.0713,2418.4052
35196,10061.8955,2827.4587
35197,10040.971,2047.0039
35198,10072.9973,2202.8815
35199,10071.8675,2099.1145
35200,10054.0637,2073.3059
35201,10054.7207,2862.8279
35202,10036.0169,3186.752
35203,10057.1674,2343.9337
35204,10056.8641,2206.9101
35205,10069.0648,3299.5747
35206,10037.6454,2884.7563
35207,10066.846,2579.1974
35208,10036.3884,2302.0334
35209,10054.0465,3030.4118
35210,10043.1033,2503.6153
35211,10036.4372,2865.9586
35212,10070.6022,2289.7165
35213,10038.5088,2748.2349
35214,10044.0122,2775.4374
35215,10055.2653,2796.7654
35216,10048.4532,3057.0168
35217,10036.9891,2494.5724
35218,10062.2335,3020.8068
35219,10055.7041,2182.4562
35220,10029.975,3220.3244
35221,10039.0895,3075.8973
35222,10064.6763,2520.4165
35223,10065.5106,2389.357
35224,10030.9646,2331.0819
35225,10029.7888,2207.5539
35226,10059.8674,2094.3671
35227,10061.9399,2743.8012
35228,10059.2693,3130.2769
35229,10024.9194,2321.7861
35230,10026.9882,3123.5271
35231,10037.5779,2846.7583
35232,10037.5744,2839.6156
35233,10044.8636,2077.8237
35234,10059.6502,3165.5921
35235,10039.0068,2498.5212
35236,10057.9521,2134.3551
35237,10040.7042,3151.1295
35238,10043.2864,2763.5377
35239,10037.221,2786.8877
35240,10044.3669,2046.4585
35241,10054.3231,3131.4084
35242,10030.0109,2599.0629
35243,10054.4647,2662.8745
35244,10056.8913,2532.7921
35245,10035.6197,3294.7714
35246,10022.9979,2278.1247
35247,10022.7764,2394.1141
35248,10021.7012,2490.8861
35249,10011.0002,3090.5535
35250,10032.2762,2821.9755
35251,10035.9745,2808.7319
35252,10023.4003,3025.8823
35253,10047.8437,2550.3817
35254,10020.0876,2923.5158
35255,10054.7334,2559.1725
35256,10032.3015,2933.5524
35257,10015.8202,2998.2902
35258,10047.4772,2620.3856
35259,10054.2931,2057.3008
35260,10039.6808,2943.9768
35261,10048.4249,2822.065
35262,10046.6085,3062.7263
35263,10040.8844,3166.3265
35264,10018.6185,2167.7221
35265,10048.8937,2937.1146
35266,10005.0342,2194.945
35267,10015.751,2449.5683
35268,10008.3523,2838.0979
35269,10012.3785,2919.3318
35270,10023.2837,2905.7399
35271,10042.9361,3208.8053
35272,10039.0435,2276.6378
35273,10005.246,2040.4414
35274,10008.9267,2423.2234
35275,10015.9814,2372.4437
35276,10023.6911,2785.4172
35277,10041.5636,2576.3022
35278,9998.6373,2402.5482
35279,9993.9173,2804.7333
35280,9994.9706,2374.6872
35281,10025.3941,2199.8276
35282,10025.3955,2679.0464
35283,10029.7123,2626.5313
35284,10038.3199,2899.5673
35285,10000.8229,3265.9544
35286,10027.0065,2058.1392
35287,10026.2664,2813.1799
35288,10011.3756,2668.0587
35289,10011.3666,2530.5784
35290,9996.8614,2957.2946
35291,10034.433,3130.8056
35292,10011.2244,2595.6973
35293,10013.4043,2637.2399
35294,10021.0599,2541.7014
35295,10030.6606,3155.952
35296,10017.4814,2261.0328
35297,10016.3865,3118.7065
35298,10008.2521,2351.5653
35299,10004.0561,3023.7052
35300,10010.5197,3111.0124
35301,10017.0728,2041.7628
35302,10008.1388,2618.2582
35303,10001.5673,2580.4157
35304,10024.8487,2114.8747
35305,10016.5049,3138.2966
35306,9980.953,2482.8121
35307,10017.7426,2307.4611
35308,9982.7485,2639.0573
35309,9990.9584,2471.5947
35310,9976.9211,3192.2924
35311,10016.4829,2394.3408
35312,9989.0241,2942.157
35313,10008.5185,2064.2668
35314,10008.3543,3247.244
35315,9997.7975,2701.2877
35316,10004.6222,3030.7124
35317,10012.0579,2940.833
35318,10014.139,2648.6672
35319,9967.9823,2277.5559
35320,9999.6139,2650.7624
35321,10005.5023,2420.3191
35322,9982.8217,2753.547
35323,10010.7951,2035.4937
35324,9967.1772,2885.3863
35325,9989.1931,3080.635
35326,9999.2793,2078.9302
35327,9976.4177,2568.8883
35328,9967.2247,2964.1323
35329,9998.7169,2952.4928
35330,9975.0653,3016.1232
35331,9995.5165,2790.1009
35332,9962.9518,2196.4687
35333,9959.3116,2101.2469
35334,9964.7273,2412.5422
35335,10005.735,2071.1474
35336,9994.6353,2950.3684
35337,9982.9003,3067.8346
35338,9966.8755,3260.1042
35339,9957.986,3205.0234
35340,9980.8027,2904.0341
35341,9989.6863,3129.1186
35342,9968.5369,2909.6347
35343,9957.3862,3073.0036
35344,9959.1717,3122.8109
35345,9995.8258,2407.5659
35346,9972.1272,3238.4381
35347,9972.572,3024.6959
35348,9976.7316,2395.3123
35349,9958.244,2323.2456
35350,9979.2424,2696.3318
35351,9965.8489,2029.7777
35352,9969.5991,2225.8646
35353,9961.9347,2146.2857
35354,9974.5586,2716.1136
35355,9962.7939,2559.5711
35356,9957.0409,2885.1095
35357,9980.3058,2505.3539
35358,9978.2529,3057.8977
35359,9960.7472,2069.7998
35360,9947.5047,3228.2211
35361,9950.3158,2404.211
35362,9967.0626,2230.7201
35363,9951.6592,3214.0705
35364,9981.1427,3058.2606
35365,9974.8438,2891.8448
35366,9952.9888,2523.9047
35367,9955.8044,2282.499
35368,9978.3445,3065.5892
35369,9977.3396,3206.3144
35370,9939.4404,2030.8861
35371,9954.6469,2460.3679
35372,9960.5343,2372.0064
35373,9945.4589,3078.4013
35374,9971.9464,2898.0696
35375,9954.7467,2850.1225
35376,9975.0531,2802.5415
35377,9959.5953,2802.4737
35378,9954.23,2442.9584
35379,9960.0663,2461.4186
35380,9945.8156,3184.5189
35381,9963.3248,3162.7804
35382,9927.8036,3117.7235
35383,9954.6038,2754.3666
35384,9935.1705,3174.0734
35385,9964.1153,2559.7882
35386,9956.9252,2785.7814
35387,9946.2426,2177.5187
35388,9949.5138,2331.4115
35389,9932.5445,2736.6492
35390,9953.6044,2936.3743
35391,9933.7246,2945.3792
35392,9960.6957,2852.3979
35393,9962.5362,3053.882
35394,9944.0821,2340.5233
35395,9920.6065,2149.483
35396,9927.9782,2689.202
35397,9935.3218,2551.009
35398,9947.6468,2778.4732
35399,9918.4073,2441.4496
35400,9955.7124,3130.4464
35401,9938.0494,2490.097
35402,9935.7645,2312.1413
35403,9937.7257,2594.4277
35404,9934.8041,2405.9719
35405,9922.8079,2407.7655
35406,9921.3166,2081.2129
35407,9948.807,2330.5369
35408,9928.9561,2036.3192
35409,9927.5231,2624.929
35410,9945.9911,3154.9282
35411,9914.9111,2345.7343
35412,9929.8217,3063.5269
35413,9917.9815,2651.0227
35414,9920.546,2871.2675
35415,9920.8756,2370.3002
35416,9911.8276,2365.1401
35417,9933.1672,3083.998
35418,9902.3456,2417.1767
35419,9942.4717,3263.0959
35420,9904.4822,2401.5398
35421,9938.4544,2127.1468
35422,9925.7456,3168.0886
35423,9908.963,2940.4099
35424,9935.3668,2756.1253
35425,9933.163,2494.1549
35426,9929.8795,2785.968
35427,9933.278,3115.3004
35428,9911.0765,2820.3987
35429,9905.7738,3084.474
35430,9905.0352,2892.9834
35431,9899.5151,3174.2678
35432,9927.5387,2820.6573
35433,9910.5248,2325.6364
35434,9889.7776,2602.4028
35435,9934.743,2631.5064
35436,9901.6978,3158.9564
35437,9895.4212,2734.9605
35438,9918.068,2901.9784
35439,9895.626,2888.5135
35440,9910.4214,2931.8769
35441,9928.5076,2895.8729
35442,9887.8876,3142.1185
35443,9906.8878,2997.2591
35444,9924.1995,2949.3586
35445,9907.9007,2808.1137
35446,9918.6253,2274.1912
35447,9886.5153,3103.3049
35448,9918.6526,2562.0998
35449,9917.815,2368.3654
35450,9911.7765,2565.7375
35451,9917.5596,2320.1779
35452,9911.2089,3158.177
35453,9901.1083,2259.0415
35454,9917.2756,2540.6458
35455,9916.562,2023.3982
35456,9917.2131,3211.0585
35457,9888.147,3124.8342
35458,9918.2148,2804.8077
35459,9893.5691,2049.9886
35460,9911.9996,2132.1754
35461,9879.8625,2342.8541
35462,9906.08,2454.5762
35463,9878.2844,3070.9512
35464,9882.9385,2340.7322
35465,9911.7969,2872.423
35466,9905.3406,2466.7195
35467,9910.0374,2353.3502
35468,9907.4674,2035.0355
35469,9902.8817,2506.88
35470,9887.5542,3228.3995
35471,9908.3765,2596.6779
35472,9892.6959,3007.6149
35473,9893.7096,2647.6358
35474,9905.4474,2654.4659
35475,9889.9497,3024.4167
35476,9878.3881,2391.8641
35477,9876.8679,2904.2243
35478,9882.2692,2551.3215
35479,9896.6279,2116.9666
35480,9896.1765,2216.0901
35481,9899.0317,2070.8904
35482,9854.334,3114.5383
35483,9886.0472,2474.8548
35484,9872.8712,2930.6162
35485,9896.8846,2520.4294
35486,9889.2659,2130.251
35487,9865.1869,3199.4288
35488,9891.6307,2181.2347
35489,9848.5298,2585.5093
35490,9893.5565,2835.9991
35491,9889.9578,3084.4183
35492,9863.9602,2955.7593
35493,9882.9609,3100.2034
35494,9874.8811,3183.5883
35495,9871.1423,2860.598
35496,9845.723,2393.5028
35497,9859.5901,2326.5355
35498,9885.951,3007.3222
35499,9886.8085,3034.1475
35500,9871.7183,2260.6018
35501,9848.1973,3193.5856
35502,9876.2922,3079.2769
35503,9868.0711,2583.0098
35504,9869.4459,3169.0524
35505,9856.2517,2422.9206
35506,9845.1304,2654.7493
35507,9873.8178,2428.1122
35508,9869.5374,2556.9915
35509,9859.6318,2741.1198
35510,9844.9753,2963.8664
35511,9862.5342,2006.2541
35512,9840.5453,2544.7247
35513,9857.3814,2991.3409
35514,9829.2188,2996.5638
35515,9867.3543,2401.4374
35516,9846.4178,2825.9176
35517,9853.93,3071.9704
35518,9869.8372,3180.7372
35519,9823.508,2214.4978
35520,9868.9386,2699.2737
35521,9828.5716,3078.7151
35522,9857.9498,2866.438
35523,9828.6161,3147.5776
35524,9834.7086,2663.1393
35525,9829.243,2133.0566
35526,9821.0237,3134.1941
35527,9854.2642,2406.2359
35528,9823.4729,3145.2818
35529,9850.9726,3114.8173
35530,9824.5945,2899.948
35531,9853.4585,2641.0822
35532,9832.4045,2924.8805
35533,9854.2597,2819.6861
35534,9818.2213,2902.7709
35535,9838.6962,2384.7806
35536,9830.2227,2186.079
35537,9822.0768,2157.7198
35538,9851.9183,2989.0994
35539,9827.5518,2677.3806
35540,9814.597,2760.0107
35541,9855.4114,2961.3363
35542,9819.9639,2213.2137
35543,9807.4754,2884.8499
35544,9837.7263,2490.9243
35545,9814.5829,2219.0959
35546,9806.8974,2828.8126
35547,9848.8289,3207.3579
35548,9845.8476,2008.4282
35549,9813.0415,2000.9672
35550,9840.5036,2570.8771
35551,9826.6547,2619.5997
35552,9820.3521,2828.6193
35553,9822.9905,2157.0732
35554,9830.7292,2996.1043
35555,9827.5707,2345.7044
35556,9844.2126,2295.1514
35557,9827.5973,2157.5388
35558,9812.089,2106.8996
35559,9802.1815,3058.5135
35560,9813.8528,2772.8278
35561,9826.2615,2789.3745
35562,9824.2992,2460.1888
35563,9802.9278,2211.3025
35564,9797.4505,3037.7364
35565,9789.228,2347.2018
35566,9806.2607,3041.7558
35567,9807.5673,2979.7827
35568,9787.8885,2954.2934
35569,9824.4023,2542.9794
35570,9801.7347,2522.1707
35571,9796.8366,2964.7237
35572,9818.7684,2268.7634
35573,9803.9764,2531.7335
35574,9828.7637,2463.4978
35575,9788.9041,2577.6563
35576,9799.2614,2290.8952
35577,9806.4142,2135.3073
35578,9792.9023,2764.4275
35579,9822.1396,2649.4976
35580,9780.7682,3170.3589
35581,9822.8434,2753.0494
35582,9798.128,2714.6893
35583,9822.5825,3190.0681
35584,9803.4723,2376.7824
35585,9800.2074,2388.6356
35586,9811.8941,3005.0289
35587,9785.9469,3109.5739
35588,9772.982,2185.3531
35589,9772.5477,3139.5433
35590,9793.9471,2273.6732
35591,9777.5536,2001.0479
35592,9778.4414,2625.5383
35593,9769.4386,2361.1527
35594,9782.1943,3088.4996
35595,9801.4552,3044.0262
35596,9778.544,2989.6293
35597,9800.4082,3052.8628
35598,9775.6271,2846.0694
35599,9763.3479,2134.6942
35600,9789.7417,2469.3853
35601,9782.2839,2658.281
35602,9806.6719,3006.2109
35603,9796.5093,2201.3069
35604,9805.1761,2248.4845
35605,9769.9127,3173.7897
35606,9794.3688,2988.949
35607,9788.1279,2974.3235
35608,9802.1554,2967.031
35609,9784.6796,3134.8293
35610,9783.8901,2480.5277
35611,9783.3714,2611.1541
35612,9761.5222,2965.7951
35613,9754.9441,2991.5388
35614,9754.3074,3094.0952
35615,9774.6672,2119.5823
35616,9752.6089,3190.7897
35617,9755.376,2147.8096
35618,9795.9245,2863.3569
35619,9751.6911,2851.9798
35620,9782.1387,1993.6957
35621,9786.509,2868.7712
35622,9774.3107,2890.9139
35623,9756.8304,2650.1315
35624,9788.1386,2955.8239
35625,9773.7697,2584.2934
35626,9769.3527,2910.9723
35627,9770.4701,2464.0304
35628,9764.9551,2709.1628
35629,9750.4674,2867.3826
35630,9763.7938,2857.087
35631,9762.0326,3122.9749
35632,9768.2826,2756.9245
35633,9753.6167,2901.8623
35634,9768.7537,2355.4063
35635,9763.0989,2339.4052
35636,9772.8997,2446.2743
35637,9753.3728,2202.5998
35638,9777.7785,1997.935
35639,9771.9286,2960.3288
35640,9761.7153,2812.403
35641,9771.3196,3172.9909
35642,9745.8968,2787.3091
35643,9770.3141,2785.7774
35644,9749.9324,3190.2024
35645,9763.1068,2507.9878
35646,9772.0012,2472.5042
35647,9772.019,2728.4112
35648,9770.4182,2162.4036
35649,9764.5303,2155.2188
35650,9754.0302,2170.6922
35651,9735.6421,2296.268
35652,9760.3573,3151.7504
35653,9755.98,2682.1157
35654,9750.1451,2965.4466
35655,9751.2029,2977.4554
35656,9723.4988,3001.9889
35657,9720.1371,2173.3571
35658,9749.5444,2265.4618
35659,9759.9689,2001.6882
35660,9724.8565,2990.0762
35661,9756.6943,3131.7322
35662,9733.0121,2554.1805
35663,9728.7572,2334.833
35664,9735.4767,2761.4684
35665,9722.5404,2085.389
35666,9731.1047,2712.3894
35667,9724.9598,2168.9267
35668,9742.2338,2682.5897
35669,9748.0588,2258.4001
35670,9719.0065,2816.506
35671,9724.0141,3072.6218
35672,9720.9732,2622.4693
35673,9718.2464,2267.2994
35674,9752.0193,2439.0814
35675,9739.5018,2618.9234
35676,9713.364,2482.4838
35677,9738.5289,2200.3278
35678,9724.1975,3194.9679
35679,9749.1531,2557.2442
35680,9704.6613,3140.3412
35681,9713.97,3129.1728
35682,9749.4573,2297.2723
35683,9720.3492,2686.2958
35684,9713.3494,3047.6727
35685,9747.319,2827.8512
35686,9745.0625,2454.4525
35687,9724.1428,3194.9922
35688,9703.3492,2405.416
35689,9736.392,2467.239
35690,9730.5865,3020.6171
35691,9708.1713,2521.4543
35692,9740.561,2560.6209
35693,9737.2973,2777.4605
35694,9741.8838,2055.4441
35695,9699.8816,2248.8057
35696,9699.5249,2616.3695
35697,9696.9563,2344.9438
35698,9696.0968,2965.9819
35699,9693.4416,3070.6193
35700,9727.9071,2806.8315
35701,9736.5501,2633.0995
35702,9696.4251,3103.5129
35703,9709.197,2779.0806
35704,9693.0903,2962.2783
35705,9692.2125,2255.377
35706,9696.4721,2849.1064
35707,9685.0236,3156.5777
35708,9686.347,3011.0289
35709,9726.7492,2060.3094
35710,9703.9875,3146.7087
35711,9712.5176,2610.5919
35712,9682.021,2250.109
35713,9717.6401,2109.062
35714,9716.4885,2593.9396
35715,9692.7578,2936.904
35716,9694.4798,2271.3728
35717,9719.6418,2011.6732
35718,9681.368,3010.2481
35719,9719.0653,2974.4586
35720,9675.9262,2103.1019
35721,9720.5716,3023.384
35722,9707.3254,2804.8431
35723,9686.1696,3167.2433
35724,9684.5178,3136.6527
35725,9688.3495,2147.1756
35726,9672.9238,3114.622
35727,9690.4939,2763.1936
35728,9707.7421,3016.3848
35729,9693.1702,2720.7469
35730,9671.7185,2582.9843
35731,9712.9988,2452.8554
35732,9673.2051,2573.22
35733,9677.2971,2366.3582
35734,9665.5844,2737.6457
35735,9673.8516,2392.6163
35736,9694.5099,2457.6233
35737,9677.4462,2022.2404
35738,9687.8652,2646.8777
35739,9667.8512,2529.608
35740,9697.5214,2613.7781
35741,9678.7163,3039.1123
35742,9667.5625,2394.9577
35743,9691.1626,3027.4136
35744,9665.6866,2293.8998
35745,9684.7623,2877.0737
35746,9663.9249,2947.5092
35747,9675.3675,3092.1962
35748,9691.7367,3134.0135
35749,9661.7129,2285.2428
35750,9671.8647,2270.4894
35751,9671.903,2482.7724
35752,9672.6456,2215.0946
35753,9683.4279,2499.5262
35754,9675.0885,2444.8633
35755,9662.6681,2454.431
35756,9678.9262,2326.7452
35757,9660.6178,3003.537
35758,9658.4203,2595.2129
35759,9666.7466,2606.1161
35760,9649.5721,3157.7502
35761,9665.4921,2864.403
35762,9655.0158,2872.3809
35763,9691.2305,2445.8756
35764,9645.9744,3151.5017
35765,9692.3524,3084.3336
35766,9645.641,2477.3749
35767,9675.5065,2496.0275
35768,9646.2658,2186.3744
35769,9647.092,2697.0242
35770,9660.0768,2949.5848
35771,9662.0522,2543.1677
35772,9666.3173,2993.1868
35773,9667.4254,2088.4724
35774,9641.3936,2315.2274
35775,9660.6005,2111.2276
35776,9685.8471,2933.3507
35777,9671.1728,2439.9316
35778,9642.0957,2651.6467
35779,9664.1432,2783.9278
35780,9638.4331,2125.1513
35781,9665.8539,3140.9364
35782,9666.3219,2538.245
35783,9641.1163,2723.4016
35784,9635.8622,2283.6003
35785,9674.5115,2145.0355
35786,9633.1849,2489.0874
35787,9632.3576,3135.8497
35788,9674.1955,2644.891
35789,9644.8867,2428.1114
35790,9641.1028,1978.7713
35791,9644.7244,2600.4658
35792,9651.784,2871.4213
35793,9630.0015,1973.4643
35794,9649.0986,2419.9945
35795,9635.3052,2887.2357
35796,9628.0818,2616.1737
35797,9667.0469,2607.233
35798,9631.0723,3027.0963
35799,9652.3964,3136.7374
35800,9628.2272,3006.4307
35801,9631.7218,2016.5382
35802,9655.9696,2810.2086
35803,9624.3579,2999.9408
35804,9629.4075,2514.6027
35805,9626.1445,3005.344
35806,9634.5052,2680.0193
35807,9634.1254,2788.6385
35808,9627.6604,2745.4795
35809,9637.2246,2000.8967
35810,9621.7507,2664.1791
35811,9629.653,2860.714
35812,9643.9125,2748.4271
35813,9619.5999,2081.5783
35814,9662.0444,2333.6513
35815,9629.7306,2856.216
35816,9631.93,2793.1111
35817,9615.7296,2766.6524
35818,9639.1363,2657.326
35819,9628.3711,2415.7584
35820,9639.2057,2388.7903
35821,9640.606,2669.9473
35822,9627.8229,2357.4044
35823,9632.9238,2852.2662
35824,9622.4929,3099.9923
35825,9626.4642,2340.8664
35826,9633.1272,2026.6052
35827,9613.1232,3089.4826
35828,9619.2627,2870.7558
35829,9639.0799,2455.6698
35830,9621.7199,2364.897
35831,9638.5637,2154.7883
35832,9610.3341,2159.9401
35833,9612.0106,2133.381
35834,9650.2592,2761.3404
35835,9630.33,2848.9112
35836,9644.0067,2906.6805
35837,9610.7459,2683.0253
35838,9633.444,2822.1673
35839,9636.3687,2894.5917
35840,9603.3485,2968.6376
35841,9635.8902,2125.3526
35842,9611.9172,2455.1768
35843,9629.0145,2985.2581
35844,9638.3831,2924.2562
35845,9619.6791,2836.3893
35846,9632.6864,2371.7106
35847,9631.7956,2460.9017
35848,9595.8975,2877.6363
35849,9613.8605,2314.0198
35850,9603.6392,1968.2165
35851,9633.1445,2611.0062
35852,9633.4826,3057.6753
35853,9626.6447,2699.5093
35854,9594.3212,3141.7854
35855,9625.0071,2503.3288
35856,9607.0995,3094.1567
35857,9609.9202,1953.6238
35858,9607.1984,2781.5558
35859,9627.0345,3039.8275
35860,9635.0932,2698.1636
35861,9612.6245,2306.62
35862,9603.9192,2878.436
35863,9622.065,2654.8336
35864,9589.0589,2888.4035
35865,9619.3515,2590.707
35866,9613.9044,2465.7797
35867,9618.8052,3046.61
35868,9594.4242,2297.7544
35869,9623.5553,2507.3964
35870,9609.0169,2941.8508
35871,9582.0509,2458.5673
35872,9622.6863,2707.276
35873,9582.5515,2592.5743
35874,9602.6076,2151.4593
35875,9595.5185,2836.3909
35876,9605.4975,2808.9756
35877,9620.3726,1954.7924
35878,9600.4238,2272.9818
35879,9613.5623,2037.6106
35880,9607.413,2088.8386
35881,9620.0788,2697.8994
35882,9619.2787,2137.3513
35883,9600.2623,2157.3754
35884,9589.7107,2587.0059
35885,9614.2554,2578.0151
35886,9597.8164,2710.3103
35887,9594.1187,2696.0712
35888,9619.5641,2571.7216
35889,9577.8051,3116.9301
35890,9609.3579,3067.5693
35891,9597.3839,2435.0765
35892,9601.5609,3105.5168
35893,9591.7027,3057.4256
35894,9596.858,2445.1519
35895,9588.8498,2173.7135
35896,9580.8553,2318.4673
35897,9569.487,2306.891
35898,9610.6192,2415.6659
35899,9577.8658,3031.2945
35900,9607.1791,2703.2339
35901,9591.1241,2863.4383
35902,9592.559,2138.4181
35903,9591.8696,2858.4443
35904,9594.3658,3146.1131
35905,9583.2375,2155.2419
35906,9572.2332,2430.757
35907,9564.4697,2295.6296
35908,9565.8977,2287.9517
35909,9582.2539,2736.4923
35910,9580.9333,2434.1607
35911,9602.5394,2526.7175
35912,9579.2078,2434.5702
35913,9563.2382,2306.3558
35914,9569.1429,2615.7836
35915,9579.2547,2172.0398
35916,9567.5484,3078.0587
35917,9570.4437,2721.3174
35918,9601.8183,2472.4349
35919,9586.39,2262.8335
35920,9592.3071,2357.8066
35921,9568.2172,2075.3401
35922,9561.6773,2028.2794
35923,9579.9305,2897.1116
35924,9561.05,2526.3193
35925,9563.7892,2273.8046
35926,9556.8932,2255.0179
35927,9561.6684,2048.1347
35928,9564.1954,3108.0987
35929,9557.0742,2876.901
35930,9558.3623,3122.9471
35931,9587.5292,2477.4568
35932,9585.7523,3054.1262
35933,9585.0304,2904.0173
35934,9554.9482,2557.253
35935,9561.8426,2760.7742
35936,9579.9706,2237.0166
35937,9551.8683,2977.9319
35938,9581.989,2758.1162
35939,9580.7343,2154.847
35940,9593.3184,2903.558
35941,9583.5829,2685.0475
35942,9555.377,2117.9826
35943,9573.471,3131.7893
35944,9566.4201,2230.9747
35945,9574.3158,2759.0117
35946,9553.5027,2788.9516
35947,9572.3354,2855.5123
35948,9563.5104,2453.7084
35949,9580.1948,2383.7092
35950,9548.403,2398.5142
35951,9549.017,2984.3926
35952,9558.724,3121.2754
35953,9550.0266,2582.9079
35954,9572.9288,2565.696
35955,9567.4016,2752.9851
35956,9558.8006,3111.8845
35957,9572.6192,3008.9549
35958,9576.5859,2062.4937
35959,9573.8162,2515.5897
35960,9568.1336,2155.3198
35961,9567.424,2994.6283
35962,9549.4187,2121.8096
35963,9587.421,1978.1866
35964,9578.2802,2588.4885
35965,9565.7457,3038.6368
35966,9544.9503,2144.2556
35967,9583.1018,3015.7783
35968,9542.3624,2191.413
35969,9551.8191,2166.688
35970,9540.6055,3074.9781
35971,9564.0454,3039.1781
35972,9577.5189,2199.4039
35973,9575.1715,2962.497
35974,9555.4993,2064.7206
35975,9538.345,2054.548
35976,9547.0243,2782.3898
35977,9541.1121,2557.9516
35978,9579.8463,2107.9306
35979,9578.2474,2677.7246
35980,9578.9679,2111.6691
35981,9569.296,2206.8646
35982,9558.4841,3050.4752
35983,9541.0657,2965.9506
35984,9539.5671,2657.4176
35985,9570.8934,2849.2025
35986,9545.5109,2653.2875
35987,9556.7357,2561.7845
35988,9535.0441,3008.3219
35989,9574.9218,2603.3723
35990,9545.3371,2822.9766
35991,9540.3712,2624.1239
35992,9557.3086,2441.346
35993,9534.6644,2479.9063
35994,9543.5833,2709.2765
35995,9532.5114,2959.7098
35996,9532.3881,2818.5856
35997,9552.0535,2384.1207
35998,9549.7986,2869.7368
35999,9570.556,2555.1788
36000,9571.1372,2247.9612
36001,9533.5105,2219.8007
36002,9544.9601,3100.2236
36003,9563.9238,2747.8083
36004,9560.3799,2961.7185
36005,9534.8166,2750.3011
36006,9543.1184,3036.2596
36007,9543.4684,1960.5703
36008,9545.6597,3064.8269
36009,9569.9964,2718.4947
36010,9566.3561,2510.3973
36011,9562.0557,2434.1612
36012,9557.7051,2426.9588
36013,9567.5109,2101.05
36014,9546.8354,2210.0278
36015,9556.0458,2743.1176
36016,9559.758,2483.9864
36017,9527.7822,2729.2787
36018,9566.9992,2188.8614
36019,9557.9026,2402.1892
36020,9528.5901,2337.0424
36021,9559.6256,2345.6588
36022,9540.6818,2731.5568
36023,9545.022,2336.1292
36024,9525.8543,2535.03
36025,9560.802,2386.7779
36026,9547.9232,2921.0771
36027,9534.1968,2665.4324
36028,9529.6643,3030.6115
36029,9532.7531,2932.3059
36030,9535.6301,2507.2334
36031,9553.8301,3004.1492
36032,9537.8177,2617.679
36033,9529.801,2883.3733
36034,9536.821,2531.7656
36035,9518.7401,2416.852
36036,9563.5046,3142.367
36037,9552.6829,2223.8803
36038,9519.4774,2115.9713
36039,9538.6507,3042.9349
36040,9538.2735,2458.489
36041,9533.7609,2051.3205
36042,9527.5925,2310.5118
36043,9559.2879,2927.3184
36044,9552.1649,2404.8949
36045,9554.7085,2556.8533
36046,9524.2593,2054.0263
36047,9538.9614,2732.7548
36048,9546.2554,2813.4713
36049,9519.4223,2783.1169
36050,9537.594,2099.4945
36051,9555.6748,2395.5075
36052,9520.2724,2077.1112
36053,9533.4714,2765.1811
36054,9552.1215,3023.4021
36055,9536.638,2858.6886
36056,9514.9651,2829.3806
36057,9544.3163,3012.9599
36058,9528.6405,2370.8086
36059,9547.1013,2052.8633
36060,9526.9381,2818.2318
36061,9543.4665,2986.1741
36062,9519.8943,2429.3993
36063,9535.3746,2905.8395
36064,9550.9495,2186.8506
36065,9543.1413,3104.9124
36066,9544.6902,2730.3617
36067,9557.5249,2666.7156
36068,9550.8005,2658.9005
36069,9540.0585,2008.5223
36070,9519.5907,2326.9614
36071,9546.458,2606.613
36072,9539.2011,2480.6818
36073,9518.2392,2533.0193
36074,9543.5478,2223.0794
36075,9537.2756,2060.4815
36076,9519.3502,2066.3736
36077,9531.0805,3118.4491
36078,9522.1234,2726.9823
36079,9529.3808,3126.893
36080,9540.1765,2276.4909
36081,9514.0792,2068.6319
36082,9532.3636,1984.313
36083,9538.1442,2566.7846
36084,9550.9741,3086.4884
36085,9540.0184,2329.4042
36086,9521.1268,3030.9104
36087,9550.4144,2956.9654
36088,9511.3603,2848.7311
36089,9512.5882,2430.4935
36090,9550.9195,2245.2903
36091,9522.906,2755.0224
36092,9532.5775,2853.3247
36093,9513.9927,2537.7528
36094,9516.6641,2042.8689
36095,9534.0602,2375.506
36096,9508.1731,2927.9959
36097,9513.0943,2336.6564
36098,9512.4122,2983.8072
36099,9514.9208,1978.9141
36100,9541.1719,2448.9676
36101,9529.2668,2892.3803
36102,9544.4177,2979.8831
36103,9510.8097,3008.3383
36104,9506.2827,3096.2915
36105,9528.4811,3115.189
36106,9532.3729,2616.4088
36107,9524.6523,2376.8046
36108,9525.0612,2144.0064
36109,9525.6832,2089.8949
36110,9523.837,2782.4775
36111,9533.5132,2053.134
36112,9520.9459,2405.4591
36113,9545.3795,2494.6106
36114,9524.7739,2805.7205
36115,9540.7097,2377.5583
36116,9533.8892,2849.8078
36117,9521.4806,2022.6356
36118,9530.5128,2245.7315
36119,9545.5978,2621.7428
36120,9521.6372,2232.2123
36121,9531.0595,2630.2568
36122,9504.8526,2953.6549
36123,9548.2299,2707.1074
36124,9508.2304,3087.9618
36125,9525.5296,2907.3086
36126,9542.0288,2479.9021
36127,9510.8475,2564.7446
36128,9519.8942,2993.9999
36129,9527.1167,2510.4114
36130,9548.6309,2128.1485
36131,9517.3747,2319.2596
36132,9517.2254,2790.9964
36133,9547.1169,2723.5509
36134,9525.3855,2028.1329
36135,9525.8711,3099.2565
36136,9526.3202,2137.327
36137,9537.5281,3074.7598
36138,9510.2311,2231.0012
36139,9526.0294,2261.6787
36140,9526.3365,2699.0548
36141,9542.4774,2710.8984
36142,9511.7976,2618.4325
36143,9523.5469,2174.035
36144,9514.5291,2959.6718
36145,9504.259,2935.0266
36146,9526.5948,2662.4536
36147,9543.4111,2737.0717
36148,9507.1487,2315.8164
36149,9535.4449,2056.6968
36150,9536.6281,2502.6256
36151,9523.8702,2829.4471
36152,9526.2856,2577.9286
36153,9501.6468,2343.845
36154,9540.2088,2068.9826
36155,9532.841,3089.9687
36156,9508.2971,2876.3727
36157,9538.4402,2785.2711
36158,9531.6031,2179.1067
36159,9532.102,2151.3913
36160,9502.9027,3057.4516
36161,9527.9461,1989.474
36162,9525.4265,2233.3637
36163,9539.1616,2023.3915
36164,9507.3922,2850.0222
36165,9520.3595,2576.3348
36166,9518.2704,3001.1195
36167,9544.1182,3030.6281
36168,9505.0901,2624.7467
36169,9519.6327,2748.5047
36170,9543.6599,2329.8391
36171,9523.8792,2514.4097
36172,9517.6851,2867.13
36173,9532.1294,2377.8622
36174,9538.0691,2816.5858
36175,9510.7774,2666.0286
36176,9541.1436,2706.4738
36177,9506.9322,3035.7894
36178,9534.4717,2142.8992
36179,9533.4984,2926.2366
36180,9520.2999,2033.1357
36181,9500.3187,2457.9957
36182,9534.7704,2891.7517
36183,9531.6454,3069.5171
36184,9511.7531,2047.3343
36185,9531.7048,2171.1763
36186,9512.7636,2034.974
36187,9542.4876,2151.0009
36188,9511.2835,3049.294
36189,9508.3761,2415.0755
36190,9512.4527,1954.709
36191,9538.334,2278.2399
36192,9532.3181,2216.1753
36193,9520.0406,2570.284
36194,9538.3636,1956.7754
36195,9500.1913,2375.296
36196,9535.5798,2663.8654
36197,9522.3351,2652.8895
36198,9528.4727,1959.2898
36199,9544.1215,2790.014
36200,9534.1142,2447.1808
36201,9537.9284,2010.5025
36202,9545.3382,1969.1226
36203,9534.8729,2427.045
36204,9527.7907,3123.6162
36205,9506.9589,3011.0669
36206,9507.1441,2536.9395
36207,9532.0354,2422.95
36208,9516.0836,2011.4921
36209,9541.664,2599.5212
36210,9501.379,2962.5074
36211,9512.8146,2015.239
36212,9502.9428,2710.0295
36213,9510.65,2921.5794
36214,9508.733,1931.4365
36215,9544.7173,2495.5647
36216,9500.2431,2018.5093
36217,9510.1856,2603.0186
36218,9522.1742,2912.6682
36219,9524.6098,2067.8772
36220,9546.1424,2500.2925
36221,9538.1214,3029.3008
36222,9545.4542,2160.8892
36223,9527.342,2064.2651
36224,9519.9902,2118.6535
36225,9501.962,2329.5303
36226,9504.0353,3081.399
36227,9543.5228,2108.8381
36228,9515.2469,2390.5394
36229,9536.9008,2564.5892
36230,9544.2648,2726.9652
36231,9511.8805,2927.1061
36232,9535.6132,1960.2402
36233,9532.6327,2216.5115
36234,9500.3428,2516.2934
36235,9515.4784,2159.4321
36236,9542.9465,2465.9839
36237,9508.9022,1953.9841
36238,9537.95,2542.2352
36239,9517.0972,2404.0574
36240,9499.4825,2760.3913
36241,9511.2228,3011.0054
36242,9513.1026,2286.9897
36243,9517.4624,2333.2137
36244,9523.2931,2601.6467
36245,9539.9363,2709.7779
36246,9501.3314,2254.5979
36247,9535.9283,2080.3619
36248,9540.685,2902.9418
36249,9522.109,3012.4997
36250,9513.5801,2174.8155
36251,9506.1912,2495.9898
36252,9511.0384,2558.8498
36253,9529.101,3107.7937
36254,9514.1576,3036.7994
36255,9522.4469,2508.6151
36256,9501.1716,3037.3629
36257,9533.2772,2066.2222
36258,9525.0634,2693.1523
36259,9523.1919,2005.7516
36260,9532.9558,2551.207
36261,9506.0399,2063.6806
36262,9514.8602,2929.9375
36263,9519.9408,2862.4586
36264,9529.5312,2196.2115
36265,9504.4388,3079.6751
36266,9522.7569,2527.7456
36267,9502.1991,1994.0096
36268,9539.0279,2636.6013
36269,9502.0767,3118.6162
36270,9517.1056,3025.3767
36271,9536.6307,3117.9192
36272,9520.013,2640.0383
36273,9521.7373,2547.7028
36274,9545.6497,2558.4272
36275,9517.7214,2985.8614
36276,9530.5809,2719.0516
36277,9539.3393,2447.1417
36278,9527.3986,2369.0329
36279,9508.9845,2139.4205
36280,9548.0124,2663.5455
36281,9547.8856,2781.2346
36282,9535.2088,3069.1335
36283,9540.295,2236.614
36284,9521.9645,2144.7126
36285,9546.6739,3040.6429
36286,9511.2277,2381.8904
36287,9524.111,2955.8516
36288,9509.868,2235.7831
36289,9503.1484,2411.7835
36290,9515.3988,2279.3742
36291,9524.7293,3055.9646
36292,9522.4869,2255.3701
36293,9511.8511,2654.082
36294,9536.5359,3041.905
36295,9523.8586,3072.6836
36296,9511.1378,2985.5281
36297,9514.0885,2864.1645
36298,9508.2803,2296.1213
36299,9514.0988,2363.4436
36300,9542.921,2621.7124
36301,9504.6284,2798.7807
36302,9530.9596,2466.5902
36303,9519.6851,3033.8437
36304,9548.6192,2661.5367
36305,9513.0492,2234.4797
36306,9506.1741,2083.0469
36307,9514.9878,2231.4251
36308,9535.1155,2903.3044
36309,9508.5703,3090.6769
36310,9504.1873,2387.3023
36311,9527.2484,3128.0989
36312,9541.532,2558.0263
36313,9538.4986,2174.4883
36314,9514.3334,2097.2781
36315,9516.2891,1933.2993
36316,9518.1704,3013.3373
36317,9544.1825,2067.7413
36318,9534.6891,2418.537
36319,9537.6413,2198.4206
36320,9521.6192,1970.5588
36321,9508.845,2151.609
36322,9540.1125,2585.3157
36323,9540.3282,2714.8896
36324,9509.7468,2623.1134
36325,9545.247,2823.385
36326,9514.6306,2688.9526
36327,9536.1167,2350.4544
36328,9523.5037,2873.215
36329,9545.4562,3087.2091
36330,9515.0467,3001.074
36331,9513.771,2784.553
36332,9516.3847,2734.3887
36333,9541.7226,2934.9595
36334,9543.6221,2613.4242
36335,9541.9592,3028.3731
36336,9519.5103,2899.4349
36337,9551.5492,2767.6284
36338,9534.7619,2462.4882
36339,9552.489,2250.8149
36340,9530.7873,2322.7216
36341,9523.1242,2747.0741
36342,9543.957,2722.5796
36343,9508.3583,2009.9013
36344,9553.0872,2235.882
36345,9534.9238,2911.3855
36346,9525.8369,3000.1104
36347,9554.5431,3117.2673
36348,9549.2864,2532.4104
36349,9528.788,2696.813
36350,9513.8528,3052.5839
36351,9509.8079,2859.24
36352,9531.3818,2461.4677
36353,9519.9869,2596.1667
36354,9509.2862,3009.534
36355,9540.6922,2781.6763
36356,9527.6163,2569.2761
36357,9527.2434,2386.8046
36358,9525.8812,2876.4049
36359,9529.5678,2205.3899
36360,9543.8737,3084.4159
36361,9541.0885,3060.0054
36362,9510.0983,2650.5948
36363,9527.2802,2021.4949
36364,9530.04,2409.2515
36365,9546.3346,2838.6643
36366,9557.1864,3137.5792
36367,9513.5625,2415.6858
36368,9539.1815,2064.7537
36369,9535.477,2682.7551
36370,9531.9409,2479.1498
36371,9517.6013,2770.0188
36372,9556.2498,3016.032
36373,9524.313,2264.9003
36374,9551.2373,2542.5188
36375,9548.332,2588.5125
36376,9557.4912,2146.0869
36377,9518.3351,2797.5135
36378,9552.1899,2284.9653
36379,9516.5613,2622.8332
36380,9512.0617,2242.191
36381,9550.4717,2839.7225
36382,9553.9549,2393.9663
36383,9524.2641,2232.6025
36384,9552.0667,2255.9154
36385,9531.7007,2930.3312
36386,9521.7616,2017.9592
36387,9536.8749,2339.8875
36388,9525.1879,2281.9689
36389,9528.4415,1945.0904
36390,9525.8405,2456.6347
36391,9521.3874,2195.1687
36392,9536.5146,2282.293
36393,9527.3006,3088.0247
36394,9530.5469,2475.4832
36395,9546.5253,2275.9213
36396,9529.0036,2761.2781
36397,9550.7545,2763.1693
36398,9547.4388,3035.6192
36399,9515.4653,2661.8489
36400,9519.8385,2922.2556
36401,9536.4809,2082.7175
36402,9540.6516,2202.2466
36403,9552.4798,2927.5852
36404,9530.4238,2722.0342
36405,9555.4538,2522.6895
36406,9536.7425,2999.8465
36407,9533.9591,2396.3787
36408,9554.3762,2628.6555
36409,9517.5891,2232.1891
36410,9528.3202,2238.3905
36411,9548.2558,1967.6705
36412,9560.2379,2255.0711
36413,9547.8733,2127.5851
36414,9541.4737,2469.0865
36415,9528.3567,2319.6945
36416,9558.4057,2514.6237
36417,9529.8878,3087.665
36418,9522.018,2734.9507
36419,9556.2209,2955.435
36420,9543.6382,2912.4004
36421,9562.7071,3079.8415
36422,9545.5448,2107.9773
36423,9521.2747,2901.7177
36424,9534.849,3057.2699
36425,9558.7779,3137.8792
36426,9535.6042,2839.6254
36427,9543.3349,1952.4406
36428,9532.9822,2941.2379
36429,9536.227,2439.8978
36430,9544.7943,2237.1883
36431,9534.1263,2587.1103
36432,9533.1288,2512.0123
36433,9529.9879,2870.7672
36434,9521.3707,2491.2921
36435,9564.4068,2268.08
36436,9543.7228,3077.736
36437,9555.6788,3116.8414
36438,9562.2675,2310.6457
36439,9530.0232,2303.0184
36440,9549.9974,2353.7351
36441,9525.4955,2481.5221
36442,9566.0283,2587.6239
36443,9549.2928,2157.6305
36444,9545.3644,2263.5393
36445,9558.9307,3033.3109
36446,9563.0947,2261.6035
36447,9554.283,3031.0776
36448,9549.08,2570.396
36449,9564.7898,2320.9512
36450,9540.5022,2709.7748
36451,9549.2044,2711.1222
36452,9530.0188,2655.9093
36453,9556.8911,2262.3006
36454,9550.888,2446.8957
36455,9569.0885,2973.2033
36456,9541.1993,2806.4258
36457,9538.1837,2046.943
36458,9533.1788,3085.8367
36459,9547.8124,2813.9983
36460,9557.7713,2000.2955
36461,9542.4612,2135.312
36462,9546.417,3128.8804
36463,9525.6702,3107.0768
36464,9533.3841,2783.5005
36465,9532.788,3089.6424
36466,9542.3655,2293.9215
36467,9565.8636,2529.6766
36468,9546.9276,2686.2487
36469,9547.8059,3015.9845
36470,9529.3426,2975.2941
36471,9545.3833,2640.2853
36472,9528.3268,2951.7592
36473,9571.5951,2730.565
36474,9557.5017,2182.7108
36475,9568.2274,3013.8081
36476,9540.1888,2917.1299
36477,9572.212,2004.7464
36478,9531.5578,2475.115
36479,9561.193,2888.1802
36480,9536.5821,2950.3747
36481,9544.4674,2985.1966
36482,9545.5536,2720.2114
36483,9541.7916,2311.4149
36484,9526.3454,2900.7609
36485,9527.8788,2472.5421
36486,9528.1157,2829.5615
36487,9556.063,2985.0131
36488,9526.5041,2674.6109
36489,9538.7685,2302.7947
36490,9557.0716,3109.8103
36491,9534.8615,2889.9614
36492,9563.9371,2974.5599
36493,9548.62,2612.1689
36494,9532.3726,2637.3977
36495,9567.03,2516.4217
36496,9528.5195,3116.3746
36497,9569.2671,2994.9834
36498,9562.4439,2345.3182
36499,9569.1166,2865.1472
36500,9544.4123,2909.6764
36501,9567.7864,2973.3645
36502,9568.5535,2001.6934
36503,9558.6675,1990.0401
36504,9562.05,2426.9463
36505,9568.9235,2504.7265
36506,9570.1828,3062.7071
36507,9539.2188,2600.8064
36508,9557.3477,1993.5396
36509,9575.2816,2459.2699
36510,9560.1843,2023.1881
36511,9538.8135,2952.0273
36512,9568.5847,2116.3627
36513,9542.6444,1949.2335
36514,9559.3618,2442.4426
36515,9543.1206,2792.4282
36516,9576.3334,3110.9134
36517,9538.8337,3034.9839
36518,9575.9233,3111.4564
36519,9557.6099,2679.0906
36520,9547.7731,1963.0571
36521,9573.5357,2663.0902
36522,9544.8634,2665.6106
36523,9568.4956,2975.7925
36524,9549.7546,3037.9853
36525,9548.1067,2538.9667
36526,9561.8637,2134.3387
36527,9572.9962,2649.5431
36528,9563.0494,2112.0447
36529,9549.2976,3136.4578
36530,9568.6917,2947.3358
36531,9551.2944,2268.3967
36532,9543.7254,2190.035
36533,9568.1338,2063.3783
36534,9559.921,1975.1491
36535,9577.1879,2194.0819
36536,9540.9029,2670.8149
36537,9566.5821,2108.9331
36538,9560.4494,2919.0707
36539,9569.2808,2530.3425
36540,9555.5239,2010.0777
36541,9569.105,2449.1122
36542,9544.2556,2752.7101
36543,9565.4357,3109.4847
36544,9575.0134,3140.0946
36545,9572.0368,2575.1805
36546,9553.9257,2726.8596
36547,9578.6949,2437.3386
36548,9571.1124,2052.7167
36549,9554.5348,2076.5675
36550,9576.9164,2204.0325
36551,9549.1677,2882.3607
36552,9557.1877,2654.6387
36553,9554.2265,2590.2475
36554,9548.9298,2404.9459
36555,9551.9546,2105.8647
36556,9563.8556,2711.5562
36557,9550.0033,1986.7544
36558,9541.3703,2137.61
36559,9551.3533,2049.1229
36560,9552.3842,2355.0462
36561,9578.0759,3017.9239
36562,9554.2081,2429.9719
36563,9535.9534,2083.9658
36564,9536.2172,2388.659
36565,9559.4306,3057.3137
36566,9567.8609,2950.8808
36567,9556.7877,3102.1988
36568,9556.1898,2879.196
36569,9546.8146,2017.3909
36570,9556.7945,3096.2791
36571,9567.2708,2703.878
36572,9560.2969,2835.8838
36573,9551.7913,2163.6214
36574,9562.8208,2505.6293
36575,9546.6053,3105.2787
36576,9566.7388,2989.2507
36577,9565.6475,1961.5614
36578,9559.6073,2307.9497
36579,9544.3678,3082.2448
36580,9574.3477,2969.8099
36581,9584.6448,2946.7834
36582,9580.608,2574.2636
36583,9571.9185,1951.6858
36584,9573.7128,2428.332
36585,9540.7997,2730.4576
36586,9558.7754,2085.2236
36587,9549.0308,2206.9541
36588,9539.3052,2683.6247
36589,9559.5035,2750.8536
36590,9554.3671,2909.8085
36591,9563.9891,3033.9763
36592,9539.872,2359.0288
36593,9546.7219,2441.3374
36594,9544.6437,3000.7701
36595,9573.7962,2776.29
36596,9543.4493,2084.3221
36597,9560.3372,2213.9134
36598,9568.0261,2619.2842
36599,9584.3701,2838.1504
36600,9560.7465,2389.6378
36601,9551.9939,2130.5582
36602,9566.3463,2413.651
36603,9545.8248,2414.1248
36604,9585.2358,2444.5021
36605,9557.2277,2375.9796
36606,9542.2223,2058.0656
36607,9568.1711,2979.5263
36608,9557.4028,2040.6846
36609,9550.9031,2866.4282
36610,9576.4827,2284.9046
36611,9562.4111,3081.8318
36612,9551.3365,3085.4151
36613,9575.7824,2706.4621
36614,9565.8926,2159.511
36615,9548.6343,2816.0151
36616,9548.1436,2217.9297
36617,9559.8488,2351.4104
36618,9551.3583,2863.0304
36619,9571.1414,2857.7308
36620,9559.0018,2945.9748
36621,9567.8063,2006.8746
36622,9580.8938,2019.7804
36623,9565.3612,2615.5739
36624,9574.8526,2715.8984
36625,9581.0087,3017.7035
36626,9542.0487,2249.7434
36627,9562.2863,3059.4357
36628,9588.6974,2431.9903
36629,9546.2762,2724.0255
36630,9564.4131,3084.178
36631,9588.2715,2803.322
36632,9567.8278,1986.2835
36633,9574.2572,2606.8632
36634,9549.705,2238.8317
36635,9563.3955,2011.4674
36636,9585.8762,2487.8624
36637,9557.5427,3140.9335
36638,9545.2463,2940.4112
36639,9570.1538,3022.72
36640,9572.2355,2831.4357
36641,9566.8391,2499.9291
36642,9558.5568,2853.5359
36643,9585.2003,2331.2942
36644,9545.045,2535.4927
36645,9570.4259,2792.5794
36646,9544.1093,2235.5988
36647,9579.7971,2175.1245
36648,9559.2827,2007.9188
36649,9560.8815,2426.9821
36650,9578.1809,2807.4363
36651,9568.9879,2400.4472
36652,9553.1696,2053.6594
36653,9559.236,2663.2412
36654,9582.9051,2861.8216
36655,9545.5374,2808.506
36656,9557.4372,3047.8498
36657,9566.2382,2726.4323
36658,9574.6321,2670.0484
36659,9582.5465,2849.2976
36660,9571.9413,2520.3436
36661,9575.1624,2539.1103
36662,9550.4443,3110.0378
36663,9572.5019,2693.1195
36664,9576.3488,3033.9948
36665,9574.0399,2638.3912
36666,9560.8982,2457.2429
36667,9582.9592,2036.9553
36668,9546.1959,2897.5065
36669,9566.4049,3044.2929
36670,9573.817,2257.6101
36671,9568.2511,2391.1135
36672,9556.9677,2403.9995
36673,9581.1471,2890.6644
36674,9567.2639,2789.1117
36675,9584.6413,3018.7828
36676,9586.6121,2619.341
36677,9563.6848,3032.5547
36678,9589.5525,3036.1189
36679,9588.0645,2083.2335
36680,9579.2805,2872.3199
36681,9557.1795,2747.4644
36682,9572.2336,2147.0939
36683,9569.9571,2171.4036
36684,9551.9677,2628.3502
36685,9562.3978,1996.4446
36686,9557.6097,1950.2246
36687,9549.7111,2857.2565
36688,9559.434,3125.4541
36689,9558.7442,2327.8255
36690,9546.3067,2938.1847
36691,9565.4776,2331.5458
36692,9562.9616,2051.2162
36693,9562.4322,3049.8394
36694,9585.8261,2763.8037
36695,9558.2344,2836.1848
36696,9571.3147,2214.7814
36697,9547.9388,2540.981
36698,9574.9217,2640.0728
36699,9547.242,2458.023
36700,9554.1978,3090.3738
36701,9549.9167,2702.4589
36702,9592.6047,2639.8644
36703,9564.3105,2713.8778
36704,9584.2978,1965.9368
36705,9554.3711,2927.1713
36706,9575.4191,3093.9192
36707,9547.084,3137.3075
36708,9554.6749,2553.0223
36709,9560.3447,2297.6825
36710,9588.1262,2280.7366
36711,9579.0577,2519.9648
36712,9578.2729,2895.2807
36713,9550.4894,1994.1099
36714,9560.1159,2226.73
36715,9584.8884,2462.2725
36716,9553.0016,2111.6179
36717,9560.0455,2271.2468
36718,9589.2117,3101.2556
36719,9552.6986,3069.0819
36720,9569.8563,2899.5172
36721,9583.2205,3137.9184
36722,9576.4418,3049.1001
36723,9570.0985,2781.0649
36724,9560.8936,3020.7674
36725,9567.5817,2485.5162
36726,9548.9132,2891.7227
36727,9552.6771,2131.4471
36728,9573.1349,3008.802
36729,9546.2843,2896.4409
36730,9574.1656,2261.8487
36731,9584.6989,2378.5594
36732,9563.8723,2572.7885
36733,9557.8374,2192.0289
36734,9581.2006,2290.6262
36735,9581.7545,2025.1552
36736,9546.4496,2109.9431
36737,9563.6999,1958.0929
36738,9582.9183,2255.3403
36739,9579.5746,2210.0537
36740,9576.6102,2307.5804
36741,9563.8215,2406.2075
36742,9566.0068,2574.0996
36743,9587.4423,2147.1603
36744,9584.8812,2425.1553
36745,9547.5048,3104.9707
36746,9568.7767,2215.1581
36747,9587.2057,2931.7474
36748,9560.6478,1968.084
36749,9590.9067,3144.2706
36750,9557.7257,2490.5184
36751,9568.4462,3105.9627
36752,9581.4041,2366.7762
36753,9568.5275,2117.7067
36754,9570.5277,2810.5953
36755,9560.1621,2760.3351
36756,9547.6172,2253.1117
36757,9571.9025,2507.8713
36758,9589.5525,3014.8091
36759,9560.088,2014.7875
36760,9571.3802,2901.1607
36761,9567.5596,2018.5806
36762,9558.4219,3127.2255
36763,9554.5926,2794.9959
36764,9585.0949,2812.7212
36765,9584.0727,3089.0072
36766,9587.5635,2180.4682
36767,9590.4753,2246.4918
36768,9582.5533,1994.9911
36769,9555.2632,2611.606
36770,9555.7584,2419.7134
36771,9562.2212,2454.741
36772,9557.8831,2933.9556
36773,9574.2807,2136.7021
36774,9583.5549,2733.4454
36775,9586.2692,2429.2127
36776,9589.561,2648.3213
36777,9571.622,2625.7106
36778,9575.8931,2282.532
36779,9584.6155,2215.6083
36780,9560.6785,2645.0699
36781,9575.3994,2247.3604
36782,9585.2957,3040.154
36783,9580.184,2084.3426
36784,9569.6899,2929.6475
36785,9556.7076,2865.6294
36786,9565.8118,2608.7026
36787,9573.2323,2942.3213
36788,9585.1916,2193.6115
36789,9566.0521,2420.0538
36790,9566.238,2765.0478
36791,9551.9564,2992.2477
36792,9562.8101,2571.9379
36793,9589.0762,2170.6292
36794,9576.3706,2634.8507
36795,9579.3144,2911.4663
36796,9554.3155,3043.7725
36797,9548.8573,2339.5939
36798,9568.5232,2595.4994
36799,9582.0352,2078.889
36800,9559.7251,2422.9778
36801,9564.1769,3100.828
36802,9553.4928,3048.2425
36803,9558.2155,2501.3421
36804,9554.8465,3027.9343
36805,9542.8833,2373.8258
36806,9566.7024,2894.262
36807,9560.7499,2874.7484
36808,9544.2668,2909.9857
36809,9556.1543,2242.6911
36810,9587.2831,2970.8772
36811,9556.5173,2561.4818
36812,9563.9476,2494.8554
36813,9582.4228,2331.8298
36814,9569.8016,2965.0745
36815,9567.6886,2659.5632
36816,9558.1919,2892.9203
36817,9562.2326,2398.5513
36818,9543.3007,3119.9623
36819,9548.9222,2162.8242
36820,9553.8403,2329.7927
36821,9539.1486,2384.2749
36822,9564.9883,2136.0894
36823,9558.0033,1994.9278
36824,9572.2979,2456.4366
36825,9539.1285,2175.1936
36826,9563.4992,2235.0481
36827,9566.093,2703.2824
36828,9584.027,1952.5167
36829,9550.7953,2664.2251
36830,9539.3383,2979.8765
36831,9569.5553,3045.7254
36832,9539.0693,2684.6866
36833,9577.7981,2499.0865
36834,9582.9889,2295.1231
36835,9561.9929,2731.2273
36836,9560.7593,2367.5507
36837,9581.8421,2939.7496
36838,9583.1921,2263.8783
36839,9559.7709,2201.461
36840,9572.327,2335.6361
36841,9574.4744,2043.8161
36842,9565.4292,2385.4426
36843,9552.9097,1940.0111
36844,9546.5473,2498.4207
36845,9581.2673,2919.9539
36846,9538.9456,1972.8613
36847,9541.5295,2365.2844
36848,9562.7928,2462.7568
36849,9550.8712,2156.5523
36850,9569.9844,2223.3864
36851,9573.8476,3134.9738
36852,9569.3823,2826.8594
36853,9561.4112,2053.2428
36854,9563.785,2691.6757
36855,9546.424,2234.8958
36856,9549.3895,2616.4742
36857,9571.8917,3142.9012
36858,9557.9936,2822.7258
36859,9550.0178,2900.3225
36860,9546.6514,2777.6826
36861,9577.0616,2638.5877
36862,9555.6814,2501.2446
36863,9559.3562,2344.2079
36864,9547.9361,2015.3578
36865,9568.5574,2649.1629
36866,9572.0301,3021.1737
36867,9533.6098,2454.0643
36868,9558.5032,2123.4262
36869,9561.7678,2672.1506
36870,9567.4179,2413.4585
36871,9559.3395,2765.1509
36872,9565.3095,2742.0888
36873,9571.3664,2712.0265
36874,9539.7192,2284.2083
36875,9547.5,2711.4312
36876,9566.8011,2509.1408
36877,9546.5079,2599.7022
36878,9552.4556,2849.6739
36879,9567.1538,2237.511
36880,9528.4716,2855.4266
36881,9558.6039,2832.7764
36882,9539.6831,2667.7102
36883,9573.7398,2999.3179
36884,9543.4896,2790.1929
36885,9552.455,2595.572
36886,9556.3125,2791.2099
36887,9560.2651,2098.1752
36888,9571.9371,2327.2639
36889,9547.6474,2928.5556
36890,9563.1068,2291.7792
36891,9528.4295,2534.7341
36892,9560.8873,2361.412
36893,9557.9203,2718.3717
36894,9542.5815,2554.9366
36895,9538.5386,2630.3224
36896,9531.094,3129.0132
36897,9528.1707,2960.2735
36898,9547.7521,2517.3247
36899,9541.5425,3133.7325
36900,9531.9965,3011.5422
36901,9531.6279,3011.6225
36902,9529.3181,2762.5577
36903,9557.2637,2070.3704
36904,9567.2179,2916.4317
36905,9525.4303,2079.947
36906,9547.7464,1939.7874
36907,9541.5138,2141.7791
36908,9530.6672,2583.3947
36909,9540.6534,2215.5742
36910,9532.5168,2714.7549
36911,9542.9391,2619.4683
36912,9536.0076,2541.2225
36913,9523.4816,2092.771
36914,9546.6965,2072.4675
36915,9555.9677,2788.9946
36916,9559.9177,3079.9305
36917,9548.1267,2766.7246
36918,9544.7919,1994.1331
36919,9550.7598,2439.1426
36920,9519.8555,2657.6051
36921,9519.6481,2159.2687
36922,9533.8633,2960.9621
36923,9545.6588,2373.3411
36924,9553.6012,2632.4977
36925,9522.4926,2210.7008
36926,9551.412,2904.5516
36927,9548.5358,2833.679
36928,9546.9763,3082.583
36929,9541.2088,2155.9617
36930,9555.3257,2812.127
36931,9514.8842,2276.3472
36932,9526.0364,2759.1472
36933,9559.096,2807.5936
36934,9552.8571,2317.6522
36935,9522.211,1938.0379
36936,9558.9917,2339.1828
36937,9523.2022,2702.6446
36938,9526.5373,2432.0023
36939,9531.9165,3020.3485
36940,9556.7516,2851.3511
36941,9550.1478,2394.6325
36942,9523.6035,2398.4313
36943,9512.4153,2045.8516
36944,9518.6455,2758.1661
36945,9542.3257,2623.0036
36946,9518.6323,3050.9883
36947,9526.162,2175.155
36948,9537.7828,1984.7717
36949,9545.1297,2985.9829
36950,9537.015,2709.3197
36951,9513.2286,2699.4688
36952,9521.8834,2736.7463
36953,9526.2472,2907.5759
36954,9519.757,2017.2732
36955,9532.3078,2413.5231
36956,9517.5011,2235.7665
36957,9533.9356,2257.0966
36958,9522.167,2604.9737
36959,9546.3758,3134.6236
36960,9545.4401,2418.2888
36961,9549.8311,3130.8141
36962,9546.7947,2988.5089
36963,9519.5681,2489.0612
36964,9538.845,2589.8621
36965,9506.6838,2903.4291
36966,9515.7175,2435.9279
36967,9532.6571,2582.5712
36968,9514.7939,3112.9416
36969,9518.8602,2790.2872
36970,9526.5016,2221.0068
36971,9505.2352,1991.9307
36972,9513.7168,2316.7525
36973,9531.8184,2802.7434
36974,9542.0566,2590.7258
36975,9540.6243,2564.2797
36976,9509.2619,2455.9569
36977,9497.137,2683.1758
36978,9522.5087,2488.3253
36979,9499.8926,2901.8985
36980,9526.7666,3103.6598
36981,9508.8533,1991.4952
36982,9541.2416,2368.7127
36983,9514.9935,2328.7267
36984,9527.1438,1965.9029
36985,9524.391,1960.2567
36986,9508.3364,2049.5761
36987,9500.3983,2682.9221
36988,9518.2192,2754.2774
36989,9524.5854,2255.289
36990,9511.1967,2332.5928
36991,9491.0754,2508.4812
36992,9513.0632,2761.3738
36993,9514.1827,2701.3742
36994,9525.3512,2992.1655
36995,9495.4837,2294.5074
36996,9503.566,2375.8385
36997,9526.6518,2238.6871
36998,9518.9829,2632.9754
36999,9500.5106,2597.0631
37000,9529.9587,2855.617
37001,9512.3702,2504.7586
37002,9514.5239,2648.8171
37003,9494.2161,2289.5443
37004,9514.0453,2034.2205
37005,9507.0352,2162.3931
37006,9512.5411,2099.0853
37007,9486.4551,3034.5735
37008,9523.1967,2412.4085
37009,9507.8235,2483.2763
37010,9494.6514,3053.4112
37011,9498.2619,2859.9626
37012,9502.5353,3034.4045
37013,9519.9572,2817.2892
37014,9482.4891,2952.2425
37015,9512.5942,2265.0659
37016,9483.9241,2795.5748
37017,9491.8325,2583.7304
37018,9521.0743,2925.8194
37019,9478.6441,3072.7477
37020,9510.3262,2721.7964
37021,9477.934,2796.6753
37022,9512.1171,2029.2908
37023,9509.1749,3060.2421
37024,9492.5772,2240.5524
37025,9520.4399,2357.2496
37026,9493.5507,2807.0963
37027,9515.8808,2096.7086
37028,9500.8226,2993.7941
37029,9485.8952,2874.658
37030,9477.056,3020.9786
37031,9519.2446,2200.5257
37032,9478.0837,2685.5896
37033,9486.98,2982.3536
37034,9479.2847,2202.6422
37035,9499.7357,3050.8945
37036,9476.1694,2394.9393
37037,9474.7067,1948.4277
37038,9477.1461,2426.3725
37039,9479.4902,2026.1219
37040,9490.8126,2855.6969
37041,9492.2235,2696.5964
37042,9509.4742,2815.3149
37043,9486.2279,2984.6438
37044,9510.1597,2581.2553
37045,9505.799,3068.7611
37046,9475.2453,3035.6051
37047,9510.5028,2853.4375
37048,9486.5409,2023.2732
37049,9468.2081,2700.1393
37050,9476.4524,2954.1796
37051,9466.411,2837.4522
37052,9465.3726,2233.0182
37053,9481.4883,2937.6971
37054,9464.3527,2213.3654
37055,9473.9133,2268.558
37056,9461.9657,3100.7245
37057,9497.7896,2585.2003
37058,9464.0645,2141.9521
37059,9505.2116,3062.3169
37060,9471.2502,2817.0123
37061,9487.0113,2273.831
37062,9463.4875,2946.4152
37063,9476.6463,2785.8173
37064,9501.2717,2876.1951
37065,9491.5945,2536.9908
37066,9462.3508,2506.3993
37067,9491.7526,2559.1758
37068,9459.8726,2335.2625
37069,9494.4819,2871.8848
37070,9455.0491,2578.2756
37071,9469.6456,2080.2383
37072,9470.3728,2818.798
37073,9484.3432,2109.8172
37074,9495.0517,2419.8303
37075,9453.314,1957.2242
37076,9477.4626,2427.3857
37077,9483.0474,2600.8619
37078,9451.517,2831.8815
37079,9459.6876,2442.8089
37080,9457.7329,2010.9433
37081,9461.8773,2299.6119
37082,9478.3145,2989.1822
37083,9450.4057,2154.2585
37084,9481.7248,2105.5795
37085,9489.1235,2526.846
37086,9490.997,2836.4217
37087,9475.0458,2771.7932
37088,9471.7364,1996.4831
37089,9478.7987,3078.7519
37090,9445.5095,3029.4905
37091,9483.4329,2404.1343
37092,9472.6177,2733.124
37093,9444.6538,2177.2066
37094,9476.4594,2406.4068
37095,9481.6533,2888.9589
37096,9448.0312,2483.0995
37097,9453.3314,2622.4905
37098,9467.4721,2821.53
37099,9439.361,2792.888
37100,9476.4554,2593.5219
37101,9482.0395,2929.6603
37102,9471.0567,2168.3971
37103,9438.1443,2623.0062
37104,9476.7349,2621.2172
37105,9447.3982,2796.8346
37106,9466.0992,2184.5559
37107,9443.7564,3025.4159
37108,9442.9425,3018.3605
37109,9474.0582,2812.7001
37110,9477.2764,2290.2609
37111,9447.3746,2753.717
37112,9453.4595,1950.079
37113,9450.2895,1961.5943
37114,9442.9352,2270.0699
37115,9436.9349,2476.8945
37116,9448.3681,2850.12
37117,9471.154,2862.8709
37118,9457.5474,1952.2288
37119,9468.2756,2853.6856
37120,9449.7022,2412.0451
37121,9465.1605,2159.8056
37122,9439.6982,2966.1283
37123,9455.5566,2446.3927
37124,9429.6053,1918.5399
37125,9441.9953,2708.5114
37126,9422.4426,2055.1555
37127,9439.2782,2569.5785
37128,9421.0538,2293.901
37129,9458.5188,3000.0446
37130,9435.4827,2080.541
37131,9431.0339,2495.0765
37132,9436.5382,2542.5102
37133,9417.4297,2221.5957
37134,9444.75,2173.8123
37135,9419.9939,2483.1625
37136,9452.3051,2910.2867
37137,9432.6952,2806.538
37138,9420.8239,2307.7105
37139,9458.5181,3020.515
37140,9432.2257,2925.2017
37141,9441.2458,2851.7919
37142,9429.0766,2428.997
37143,9418.1052,2219.91
37144,9435.0241,1919.6899
37145,9427.6809,2355.3616
37146,9437.7725,2463.6814
37147,9455.1576,2655.7822
37148,9424.0244,3015.3659
37149,9432.2794,2979.3059
37150,9449.6939,2871.2867
37151,9428.3624,2694.0547
37152,9419.1095,2160.5801
37153,9419.3825,2464.9454
37154,9434.3378,2875.2696
37155,9429.8931,2708.4504
37156,9429.9972,2406.3135
37157,9442.6949,2148.4429
37158,9423.5356,3080.2366
37159,9415.0849,1922.6879
37160,9428.6536,1966.6608
37161,9417.8532,2914.2708
37162,9406.4692,3045.5676
37163,9404.3336,1960.8137
37164,9402.2534,3033.5087
37165,9432.5075,2137.1393
37166,9443.858,2668.4816
37167,9439.8438,1927.5059
37168,9403.5166,2708.0265
37169,9410.8164,2833.2683
37170,9399.9314,3070.9263
37171,9401.4316,2597.2502
37172,9416.0318,2733.3074
37173,9435.1523,2725.1998
37174,9427.3327,2409.7571
37175,9397.3057,2035.1155
37176,9394.0898,2626.9222
37177,9416.0334,2431.5882
37178,9403.6807,2716.3477
37179,9393.072,2039.0633
37180,9432.5944,2815.6522
37181,9416.5398,2463.0884
37182,9417.9059,2509.1747
37183,9394.0253,2211.8161
37184,9418.9815,2142.4981
37185,9411.7316,1999.061
37186,9391.0973,2865.1776
37187,9414.3411,2475.2873
37188,9389.1978,2105.7793
37189,9393.9607,2352.4221
37190,9421.7158,2596.7555
37191,9418.6068,2301.8093
37192,9384.136,2517.4754
37193,9392.6095,2719.3373
37194,9422.841,2466.1113
37195,9412.5455,2491.9016
37196,9394.1793,2967.1887
37197,9422.1228,2905.8829
37198,9392.6283,2695.8352
37199,9412.8442,2562.2353
37200,9377.8866,1950.8949
37201,9401.7873,2935.5593
37202,9411.8983,2475.0262
37203,9412.9849,2791.6613
37204,9373.0816,2236.7719
37205,9392.0772,2370.9622
37206,9397.5847,2268.4609
37207,9394.3233,2930.3994
37208,9396.6359,2288.5271
37209,9408.271,3089.3746
37210,9393.4975,2600.2133
37211,9393.3944,2309.6084
37212,9382.9094,2425.6145
37213,9376.0262,2852.7136
37214,9398.3038,2846.4141
37215,9375.6628,2191.8376
37216,9401.246,2850.1454
37217,9406.108,2724.5948
37218,9363.6373,2551.3707
37219,9396.3206,2828.3487
37220,9378.3205,2356.9712
37221,9367.8015,2285.4892
37222,9363.3617,3019.8719
37223,9401.2252,2300.1941
37224,9366.7977,2140.5044
37225,9383.5216,2713.2234
37226,9366.1271,2918.907
37227,9385.4647,2891.0617
37228,9385.2704,2387.1106
37229,9364.5129,2178.2265
37230,9372.0251,2140.9845
37231,9397.1815,2087.0336
37232,9356.3941,2144.4035
37233,9357.1412,2526.1697
37234,9394.0189,2500.0921
37235,9398.1541,3084.4806
37236,9373.988,2998.828
37237,9362.8124,2846.9551
37238,9354.476,2592.0614
37239,9371.0432,2024.0484
37240,9370.3733,2572.8526
37241,9352.6338,2203.7331
37242,9374.2573,2742.2014
37243,9386.4588,1972.874
37244,9358.6121,2342.4025
37245,9379.5125,2951.5185
37246,9374.8323,2264.0215
37247,9371.7085,2960.6219
37248,9343.6674,2201.2727
37249,9361.1297,2931.1779
37250,9376.5665,2780.2094
37251,9388.0731,2024.263
37252,9369.5618,2868.0485
37253,9382.9557,2283.2298
37254,9366.1895,2163.6976
37255,9350.6321,2693.3868
37256,9352.9641,2762.2512
37257,9377.5801,2453.2123
37258,9350.0523,2869.4876
37259,9350.7998,3003.9594
37260,9360.3783,3058.9909
37261,9368.3446,1959.9938
37262,9365.9991,2068.6316
37263,9358.6099,2387.9218
37264,9363.2402,2983.0631
37265,9351.2075,2165.3272
37266,9338.5983,2878.9361
37267,9340.0705,2023.3409
37268,9366.7246,2250.4352
37269,9352.7175,3024.2341
37270,9354.8423,2075.1624
37271,9367.9433,2284.7975
37272,9370.6984,2297.2752
37273,9365.7249,2730.271
37274,9353.6016,2178.617
37275,9328.6995,3045.4824
37276,9347.8866,2123.5506
37277,9329.994,2567.6407
37278,9366.0655,2260.4374
37279,9349.7107,2548.2565
37280,9342.4492,2759.2195
37281,9361.7776,2834.3443
37282,9352.3723,2321.7626
37283,9338.4177,2922.8072
37284,9357.6744,2749.5701
37285,9357.0409,2186.8126
37286,9323.3632,2537.259
37287,9320.7645,2840.0586
37288,9360.6895,2708.8282
37289,9361.3713,2358.1594
37290,9319.0649,3056.7514
37291,9325.6261,2600.0822
37292,9350.9326,3045.8981
37293,9313.0522,2835.3993
37294,9326.5153,2118.5309
37295,9341.1196,2656.1521
37296,9341.8571,2998.5982
37297,9329.9162,2539.677
37298,9311.6287,2273.073
37299,9340.4397,2737.4332
37300,9337.6828,2307.6041
37301,9339.9484,2941.3225
37302,9333.4326,2819.6135
37303,9325.2786,2773.3244
37304,9325.0583,2457.7636
37305,9322.3665,1939.3183
37306,9345.8424,2811.8029
37307,9303.8579,2741.037
37308,9315.6015,2278.1707
37309,9329.3154,1896.8218
37310,9321.8985,2565.357
37311,9308.0792,3050.1199
37312,9344.3652,2716.8597
37313,9325.705,2112.0166
37314,9340.4824,2147.4475
37315,9298.0161,2429.8312
37316,9330.2324,2935.8132
37317,9342.4689,2238.5273
37318,9337.5454,2543.3433
37319,9322.9076,2362.1063
37320,9334.3605,2167.3607
37321,9316.5126,2562.4035
37322,9333.0131,2135.4882
37323,9327.6318,2496.8159
37324,9331.1553,2203.9349
37325,9326.312,2256.6635
37326,9334.2893,2598.1267
37327,9304.2655,2615.9257
37328,9291.5082,2392.4348
37329,9312.8273,2731.0653
37330,9305.0103,2049.0139
37331,9291.6094,2033.5444
37332,9327.3704,1991.428
37333,9316.6815,2628.5766
37334,9307.95,2893.8449
37335,9284.4736,2736.4856
37336,9317.9014,2577.0681
37337,9327.4323,2287.4328
37338,9290.1991,2535.2691
37339,9299.2494,2934.2914
37340,9323.8311,2895.0169
37341,9320.3395,2451.5803
37342,9307.7385,1977.6846
37343,9321.2963,2955.9114
37344,9314.4526,2027.9449
37345,9279.1828,2866.5225
37346,9284.8516,1926.0232
37347,9292.1024,2636.518
37348,9314.7632,2205.4185
37349,9307.5535,2823.8612
37350,9306.9144,2811.5861
37351,9302.3783,2654.051
37352,9307.6611,2826.3275
37353,9273.201,2887.4874
37354,9301.3559,3033.837
37355,9275.2816,2250.7388
37356,9277.5902,2865.5437
37357,9275.146,2212.3305
37358,9283.122,2779.6166
37359,9311.7259,2180.7444
37360,9275.9633,2478.9406
37361,9278.8773,2292.9992
37362,9269.0334,1958.7079
37363,9266.5328,1970.4129
37364,9266.6363,2528.8519
37365,9281.8205,2538.5057
37366,9304.1179,2972.6806
37367,9288.8179,2533.7348
37368,9294.4353,2200.0874
37369,9302.6728,2460.1963
37370,9301.7796,3054.1232
37371,9266.5306,2976.3745
37372,9277.7736,2773.5302
37373,9261.225,2249.4919
37374,9285.2984,2974.9301
37375,9278.9452,1974.5853
37376,9260.8775,2504.2926
37377,9296.0881,2487.2405
37378,9262.372,2091.4045
37379,9285.3111,2056.4306
37380,9274.629,2898.7115
37381,9260.7873,2421.2188
37382,9257.0308,2305.7223
37383,9254.6834,2927.3301
37384,9286.1672,2955.8438
37385,9255.223,2028.3359
37386,9263.1228,2441.4186
37387,9265.5113,2647.0265
37388,9263.9777,2998.8566
37389,9283.9693,2330.6332
37390,9251.9129,2349.5767
37391,9266.8139,2536.652
37392,9284.9324,2165.1118
37393,9261.7652,2787.909
37394,9270.6318,2460.9751
37395,9281.374,2269.1785
37396,9246.6472,2454.7926
37397,9241.0688,2327.8743
37398,9247.3689,2240.7076
37399,9284.6647,2375.2536
37400,9240.2694,2921.2962
37401,9256.9349,2159.4497
37402,9263.1061,2206.5802
37403,9257.2224,3036.8877
37404,9263.3513,2205.47
37405,9275.8913,2873.1102
37406,9268.3898,2144.5319
37407,9264.714,2078.6743
37408,9256.9057,2239.767
37409,9254.4134,2726.8668
37410,9264.0599,2409.0224
37411,9251.7557,1949.8018
37412,9268.4123,2259.353
37413,9263.4688,2487.4919
37414,9260.8987,2842.8178
37415,9254.0851,2419.4585
37416,9254.2537,2326.7143
37417,9233.0853,2603.9209
37418,9240.1624,2476.4401
37419,9227.58,2414.5662
37420,9226.0461,2716.5672
37421,9244.632,2239.5406
37422,9258.2125,2663.5021
37423,9232.4591,2584.2721
37424,9263.0833,2686.2639
37425,9257.0907,2544.4279
37426,9232.2622,1927.5338
37427,9232.6918,2661.3402
37428,9219.9147,2543.3636
37429,9220.2942,2139.8627
37430,9229.5654,2411.4528
37431,9232.5717,2204.1035
37432,9254.636,1970.0441
37433,9233.5283,2899.6849
37434,9229.4944,3003.0933
37435,9224.458,2144.021
37436,9244.7734,2019.4154
37437,9247.2283,2953.571
37438,9246.152,2345.0928
37439,9229.3116,2922.1996
37440,9236.9871,2188.0359
37441,9235.7033,2450.6741
37442,9247.7384,2671.4599
37443,9250.7717,2606.4727
37444,9211.2913,2636.0946
37445,9249.2158,2262.321
37446,9245.4086,2989.8951
37447,9236.498,2226.6731
37448,9212.0159,2845.7955
37449,9231.6764,1998.4071
37450,9205.7045,1960.162
37451,9218.9779,3003.1418
37452,9237.2352,2476.9509
37453,9246.4302,2033.5561
37454,9239.8234,2128.849
37455,9230.6011,2203.6162
37456,9218.9833,2721.4998
37457,9219.5779,2094.2904
37458,9242.2635,2738.7096
37459,9238.3865,2567.8052
37460,9205.7333,2292.1072
37461,9198.4788,2640.5191
37462,9215.3067,2699.6292
37463,9232.6083,2735.8719
37464,9202.1836,2505.5678
37465,9207.6191,2010.6645
37466,9223.6902,2392.1293
37467,9224.4141,2909.4402
37468,9209.2768,2602.5
37469,9198.7952,2705.2088
37470,9220.2317,2550.5377
37471,9209.2989,2157.0242
37472,9216.8062,1934.1552
37473,9211.3266,2316.5714
37474,9212.2972,2128.3183
37475,9220.4933,2193.14
37476,9185.4582,2976.3995
37477,9213.4083,2735.8181
37478,9207.2941,2058.301
37479,9196.0511,2693.9893
37480,9191.387,2710.3989
37481,9203.7192,2976.185
37482,9203.0775,1871.7602
37483,9207.9416,2985.71
37484,9224.8534,2584.7968
37485,9217.921,2488.199
37486,9205.1379,2428.3027
37487,9203.4803,2053.4794
37488,9217.5577,2099.0536
37489,9190.197,2762.492
37490,9215.744,2851.1448
37491,9199.7153,2365.265
37492,9177.8203,2411.0851
37493,9217.1374,2292.2223
37494,9174.028,2970.3528
37495,9179.8397,2566.2559
37496,9176.7262,1869.4103
37497,9207.6354,2828.2462
37498,9207.8843,2721.1272
37499,9174.9985,2331.4707
37500,9193.822,2601.559
37501,9190.0748,1944.7733
37502,9185.3924,2093.3408
37503,9196.7727,2858.2201
37504,9198.598,2861.0301
37505,9170.9759,2949.4063
37506,9165.768,2924.5553
37507,9206.37,2227.646
37508,9194.4262,1993.6152
37509,9197.2706,2234.7883
37510,9183.4124,2807.7327
37511,9180.6466,2876.0331
37512,9162.3429,2304.7916
37513,9195.6089,2725.2443
37514,9180.0464,2802.4171
37515,9185.7803,2900.9737
37516,9181.1732,2353.7812
37517,9199.4402,2377.7769
37518,9200.6299,2432.6222
37519,9168.8473,2955.3926
37520,9162.9395,2769.7474
37521,9195.9723,2042.7138
37522,9181.3859,1921.776
37523,9164.0436,2732.0044
37524,9157.0948,2105.456
37525,9180.6109,2170.4396
37526,9196.6339,2102.0369
37527,9170.5955,3013.2722
37528,9157.6481,2180.1101
37529,9182.3644,2994.6045
37530,9181.2019,2363.5867
37531,9156.4042,2814.2733
37532,9172.2939,2705.879
37533,9160.4032,2601.6452
37534,9162.2555,2597.172
37535,9158.1411,2166.1085
37536,9189.1924,2929.5758
37537,9165.6003,2573.3669
37538,9164.9895,2858.4308
37539,9179.4389,2749.4043
37540,9180.0187,2907.7468
37541,9152.8722,2564.0088
37542,9154.2574,1982.1016
37543,9171.2451,2948.3785
37544,9154.3055,2450.0294
37545,9155.2404,2639.1885
37546,9160.4355,2123.8378
37547,9143.0159,2232.9292
37548,9180.6379,2917.844
37549,9182.5444,2107.057
37550,9175.1153,2414.805
37551,9155.1093,2418.6404
37552,9138.242,2484.729
37553,9179.1913,2976.3207
37554,9153.4744,2610.0627
37555,9163.3679,2457.9789
37556,9172.0786,2420.9025
37557,9162.1758,2521.9434
37558,9133.6671,2792.5665
37559,9145.6965,2135.3321
37560,9161.683,2054.0566
37561,9163.2657,2352.6971
37562,9156.0888,2167.8025
37563,9132.1952,2033.9633
37564,9155.1112,2897.817
37565,9162.1884,2614.915
37566,9157.1873,2927.0545
37567,9127.8297,2159.0668
37568,9168.11,2061.8458
37569,9133.4801,2995.9657
37570,9153.7404,2299.7631
37571,9146.5936,2943.022
37572,9166.348,2711.941
37573,9152.0848,2392.2809
37574,9165.7316,1873.2674
37575,9125.1146,2179.553
37576,9151.7285,2362.6235
37577,9133.8321,2841.6502
37578,9123.8071,2275.79
37579,9137.0155,2606.9341
37580,9153.5313,2444.5443
37581,9154.6632,2271.4548
37582,9152.5991,2235.5183
37583,9121.8214,2673.4924
37584,9150.3537,2925.5449
37585,9155.8733,2113.8145
37586,9129.011,2798.5901
37587,9136.6073,1868.6211
37588,9136.6192,2885.2808
37589,9141.7317,2841.8581
37590,9141.959,2918.3292
37591,9137.5452,2375.4289
37592,9116.2798,1918.647
37593,9135.7168,2830.0358
37594,9132.6852,2484.8002
37595,9144.2867,2521.3358
37596,9144.8591,2874.163
37597,9117.8141,2770.2692
37598,9138.6582,2065.737
37599,9141.2908,2453.8417
37600,9120.0186,2181.1023
37601,9107.6786,2137.8411
37602,9113.9369,2591.6196
37603,9111.0237,2747.8447
37604,9140.0554,2896.6312
37605,9108.5455,2063.8318
37606,9114.9719,2472.9413
37607,9142.7104,2288.462
37608,9140.1965,2201.6808
37609,9129.6567,1924.6975
37610,9127.0344,2266.9153
37611,9134.8093,2356.0402
37612,9136.0076,2444.5587
37613,9106.7561,1855.4602
37614,9116.211,2011.1905
37615,9127.2454,2425.0681
37616,9098.8396,2965.5357
37617,9131.2623,2068.1399
37618,9113.613,1969.5797
37619,9110.3126,2443.4487
37620,9128.9248,2915.5837
37621,9099.4914,2836.2757
37622,9108.4681,2532.351
37623,9125.3406,2379.0302
37624,9119.7849,2199.7418
37625,9107.5837,2004.7844
37626,9134.5645,2333.322
37627,9117.9258,2702.8144
37628,9120.4299,2346.0656
37629,9108.8196,2745.2986
37630,9128.8203,2037.5242
37631,9096.539,1960.52
37632,9090.9498,2012.1084
37633,9108.3757,2030.6668
37634,9100.3486,2893.3482
37635,9098.8412,2184.1536
37636,9103.9974,2117.4687
37637,9120.896,2438.7433
37638,9085.5732,2251.1321
37639,9091.4822,1913.6594
37640,9112.9411,2636.5666
37641,9115.8386,2949.7142
37642,9085.0177,2910.311
37643,9098.4282,2494.7628
37644,9082.4155,2584.5063
37645,9099.4053,1937.1016
37646,9108.6305,2427.3421
37647,9097.2703,2934.0279
37648,9093.2974,2454.1628
37649,9087.4879,2917.3871
37650,9086.1813,2029.7202
37651,9107.1847,2458.8547
37652,9119.1895,2395.4226
37653,9082.7463,2747.6755
37654,9115.3144,2917.9864
37655,9118.1646,2005.5241
37656,9081.2485,2151.932
37657,9075.4578,1886.3838
37658,9101.2845,2368.1835
37659,9104.9738,2499.5102
37660,9098.9373,2852.2585
37661,9091.2278,2678.6671
37662,9109.6005,2600.5393
37663,9079.1849,2926.2011
37664,9091.5661,2957.6212
37665,9087.1269,2442.0748
37666,9081.7748,2325.9154
37667,9079.5692,2573.3242
37668,9080.7849,2966.7122
37669,9080.161,2614.7469
37670,9110.1537,2811.9357
37671,9091.1514,2820.8659
37672,9093.6156,2845.0382
37673,9094.3124,1888.8618
37674,9108.5211,2977.2697
37675,9094.5049,2237.5472
37676,9101.9017,2841.0385
37677,9106.0889,2244.9094
37678,9065.1515,2484.8396
37679,9104.773,1962.2885
37680,9083.7306,2684.1563
37681,9093.7627,2408.7171
37682,9070.9427,2510.4516
37683,9078.6322,2041.321
37684,9076.391,2013.5858
37685,9098.805,2257.196
37686,9091.9732,2323.0398
37687,9097.6023,2686.0885
37688,9065.6582,2703.2991
37689,9091.2498,2782.4485
37690,9083.8542,2600.4955
37691,9100.7989,2146.0356
37692,9089.7217,2983.8345
37693,9069.845,2966.2574
37694,9090.9722,2237.2262
37695,9064.3394,2276.031
37696,9096.5142,1980.0912
37697,9085.6242,2116.4446
37698,9074.7561,1995.5643
37699,9063.0594,2418.2386
37700,9092.9266,2526.8982
37701,9078.3073,2738.9908
37702,9064.5064,2659.408
37703,9082.7484,2072.7848
37704,9065.0015,2462.7422
37705,9051.8464,2809.5524
37706,9055.709,1858.2028
37707,9064.0151,2891.448
37708,9067.1673,2124.8416
37709,9086.9017,2130.139
37710,9075.1103,2965.3069
37711,9073.7897,2974.0385
37712,9066.7919,2601.9111
37713,9053.8746,2598.1695
37714,9049.6995,1909.1139
37715,9052.2849,2649.2006
37716,9072.1005,2207.7571
37717,9083.5653,2754.2165
37718,9066.6537,1958.2617
37719,9072.3794,2767.5299
37720,9074.3393,1947.9481
37721,9052.7389,1988.8794
37722,9066.2293,2253.352
37723,9056.6574,2344.1202
37724,9054.5477,2868.206
37725,9051.5682,2238.0819
37726,9086.5048,2044.1223
37727,9070.8228,2073.0641
37728,9053.1649,2319.8039
37729,9049.6299,2926.4784
37730,9041.2474,2739.1135
37731,9072.9864,2924.0619
37732,9056.1458,2096.3512
37733,9082.8937,1941.1762
37734,9073.4074,2317.3348
37735,9057.3013,2202.1843
37736,9071.3032,2410.5754
37737,9072.2439,1885.3724
37738,9071.8664,2938.1204
37739,9060.2524,2590.2843
37740,9074.282,2855.4935
37741,9066.424,2770.0188
37742,9074.6614,2454.065
37743,9066.3907,2683.9212
37744,9047.972,2836.3973
37745,9057.4555,1885.055
37746,9055.3528,2583.5903
37747,9064.1315,2102.4613
37748,9051.103,2017.0722
37749,9073.9516,2313.2474
37750,9051.1326,1979.2679
37751,9033.847,2335.4228
37752,9069.0128,1915.5017
37753,9056.8594,2327.4075
37754,9051.2221,2249.6666
37755,9053.2922,2056.7074
37756,9071.066,2659.7986
37757,9034.323,1852.6043
37758,9068.1835,2673.9307
37759,9074.0188,2045.3714
37760,9040.5202,2266.0764
37761,9041.4725,2134.8643
37762,9063.7831,1981.9857
37763,9061.1584,2897.7507
37764,9042.9924,2171.4413
37765,9036.5777,1970.4581
37766,9034.055,2314.0505
37767,9067.1978,2276.4547
37768,9040.2481,2417.9532
37769,9029.6131,2429.0596
37770,9045.4013,2424.0479
37771,9047.8918,2401.1188
37772,9039.2452,2639.4747
37773,9024.6461,2906.9383
37774,9063.4398,2224.8977
37775,9045.181,2288.6733
37776,9061.5272,2576.6495
37777,9055.3227,2127.2438
37778,9045.0014,2927.6197
37779,9050.4344,2370.3301
37780,9030.3536,2048.1936
37781,9026.4203,2710.5754
37782,9045.6302,2370.1917
37783,9058.2782,2754.3126
37784,9042.4407,2682.7759
37785,9050.5204,2024.5898
37786,9056.1358,2855.0159
37787,9048.1328,2348.4236
37788,9044.4923,2211.9156
37789,9041.099,2302.863
37790,9052.0821,2116.7056
37791,9050.7959,1968.7208
37792,9046.4891,2966.7593
37793,9021.4624,2907.6242
37794,9047.7959,2133.1552
37795,9039.2769,2464.2319
37796,9048.2446,2644.2691
37797,9058.731,2147.1169
37798,9035.4795,2340.5107
37799,9022.973,2848.2775
37800,9048.7532,2159.6583
37801,9052.8148,2618.8313
37802,9048.3337,2559.55
37803,9055.7884,2303.2936
37804,9047.5008,2741.084
37805,9022.6518,2476.9737
37806,9052.6011,2081.8367
37807,9040.9925,2859.727
37808,9044.6177,2278.7638
37809,9038.2082,2931.698
37810,9025.7079,2611.6985
37811,9018.2103,2084.0407
37812,9043.4139,2462.8052
37813,9041.3155,2306.6053
37814,9051.8956,2593.4654
37815,9022.2151,2653.3161
37816,9040.6629,2517.2824
37817,9021.2534,2474.9795
37818,9041.6654,2874.3512
37819,9044.6474,1848.0583
37820,9033.7181,2775.2148
37821,9042.4876,2483.4005
37822,9049.5634,2495.7278
37823,9046.3221,2548.0033
37824,9037.2031,2489.9455
37825,9052.9052,2933.3443
37826,9016.6885,2694.4205
37827,9010.2694,2843.3549
37828,9012.2492,1849.6558
37829,9041.7008,2696.1274
37830,9032.8709,2289.9531
37831,9023.8511,2239.1587
37832,9030.8517,2890.6383
37833,9017.5717,2961.8897
37834,9034.2786,2450.6407
37835,9022.5772,2044.4012
37836,9032.386,2817.7464
37837,9012.7791,2424.7952
37838,9025.8193,2194.6965
37839,9025.3695,2625.5331
37840,9030.8283,2029.2999
37841,9008.4786,2361.8322
37842,9049.0815,1860.7678
37843,9009.6181,2822.4942
37844,9019.3119,1901.2433
37845,9045.0627,2772.363
37846,9006.3035,2929.37
37847,9046.2534,2726.709
37848,9023.1409,1945.438
37849,9017.6746,2357.7043
37850,9021.049,2921.0726
37851,9037.4997,2613.3204
37852,9005.3011,2324.3664
37853,9006.1141,2574.6658
37854,9006.1972,2792.4334
37855,9029.6205,1939.9355
37856,9012.2727,2180.8736
37857,9012.5941,2594.1803
37858,9014.0319,2523.223
37859,9005.3809,2670.7642
37860,9037.759,1997.0705
37861,9036.1954,2928.9894
37862,9002.8174,2374.6246
37863,9037.3017,2540.4138
37864,9012.8162,2743.0473
37865,9024.3467,2345.5133
37866,9015.3616,2484.3631
37867,9008.299,2905.9717
37868,9036.9069,1922.2831
37869,9013.594,2060.526
37870,9034.9383,2890.1814
37871,9004.7518,2343.5062
37872,9042.2813,2067.7879
37873,9034.7469,2889.6363
37874,9026.8115,2850.8066
37875,9003.3485,2379.5185
37876,9010.8631,2430.7786
37877,9019.0226,2712.5851
37878,9004.595,2660.9909
37879,9017.056,2798.7862
37880,9024.6839,2846.4552
37881,9019.1539,2296.2084
37882,9001.6233,2880.4141
37883,9018.219,1889.9452
37884,9012.3817,2243.0421
37885,9033.1628,2484.2974
37886,9010.4883,2432.5477
37887,9020.4876,2795.223
37888,9012.1974,2937.2927
37889,9013.1831,2511.9426
37890,9028.4333,2957.0986
37891,9031.4881,2887.925
37892,9033.8886,1940.5729
37893,9001.5652,2162.6818
37894,9020.0663,2535.0776
37895,9039.0264,2670.9262
37896,9014.9806,1955.4465
37897,9000.546,2301.4598
37898,9024.1416,2747.8655
37899,9002.0711,2775.6728
37900,9001.8913,2616.3806
37901,9004.1892,2223.6924
37902,9035.8157,2552.9837
37903,9022.8635,2799.3946
37904,8999.3134,2591.7806
37905,9002.1085,2878.1194
37906,8999.7076,2234.3565
37907,9005.0717,2903.3554
37908,9000.5593,2416.1143
37909,8999.5475,2828.4912
37910,8993.3405,2292.366
37911,9024.4106,1877.8187
37912,9016.7783,1943.195
37913,9017.3779,1918.7777
37914,9035.9702,2604.9424
37915,9002.6545,2779.6111
37916,9028.1311,2627.568
37917,9015.7554,2885.9034
37918,9030.1093,2662.0477
37919,9026.6088,2308.6817
37920,8999.9331,2127.7717
37921,9020.2525,2314.1061
37922,9023.7609,2756.4246
37923,9021.6972,2393.8433
37924,8991.8845,2496.3303
37925,9021.2456,2563.8149
37926,9003.3682,2856.6082
37927,9009.3476,2701.1816
37928,8996.6908,2587.0007
37929,9012.0773,2923.7692
37930,9010.2885,2098.0983
37931,9002.9345,2416.4489
37932,9005.054,2031.7411
37933,9005.3661,2616.798
37934,9009.7252,2946.1404
37935,9005.629,2316.0243
37936,9008.3743,2605.9017
37937,9007.4724,2922.2388
37938,9000.8338,2395.9906
37939,9001.2316,1848.288
37940,9014.2227,2802.6551
37941,9012.7741,1866.3633
37942,8998.6372,2395.8287
37943,8991.1377,1848.3377
37944,9022.6061,2846.785
37945,9031.6886,2520.6773
37946,9013.2477,2323.947
37947,9020.3786,2160.3629
37948,8989.2884,2463.1811
37949,8995.686,1859.468
37950,9008.1292,2693.7828
37951,9008.6353,2422.2293
37952,9024.7064,2160.817
37953,9027.7747,2641.1228
37954,9019.3556,2861.8411
37955,9026.8072,2147.024
37956,9021.4381,2175.0285
37957,9008.6286,2039.759
37958,9001.5727,2672.4134
37959,9021.8187,2398.6595
37960,9007.4684,2862.3685
37961,9010.4489,2236.2677
37962,8997.4889,2074.2839
37963,8996.0077,2351.625
37964,8990.7689,2361.5018
37965,9012.3448,2152.686
37966,8991.7415,1983.2762
37967,9010.8806,2479.8031
37968,9026.3464,2485.602
37969,9020.8935,2757.8292
37970,9022.2759,2088.3512
37971,9017.375,2729.1802
37972,9025.9072,2274.2552
37973,8996.6073,2292.0989
37974,9020.6437,2541.9963
37975,9000.7124,2239.7462
37976,9012.3723,1997.9002
37977,9010.7325,2099.7897
37978,9011.0856,2490.6967
37979,8992.9296,2544.9904
37980,8999.3679,2936.0536
37981,8992.7555,2155.5944
37982,9023.0105,2677.4552
37983,9010.6012,2623.6627
37984,8995.9734,1914.2757
37985,8994.1653,2234.7215
37986,9017.3034,2113.2133
37987,9006.1228,2876.108
37988,9007.4298,2551.6587
37989,9031.4013,2574.9252
37990,8990.2725,2755.8355
37991,9024.9734,2379.4171
37992,9012.286,2717.4337
37993,9006.3933,1964.7325
37994,9015.7845,2597.3793
37995,9029.5413,1886.4733
37996,9008.2878,2363.16
37997,9030.9062,2474.142
37998,9004.871,2299.8165
37999,8990.0426,2376.0154
38000,9020.7738,2573.3647
38001,9010.2311,2295.0698
38002,9019.6241,2099.5325
38003,9027.5314,2223.1177
38004,8987.4057,2826.4369
38005,8997.5564,2472.4009
38006,9031.2905,2167.5217
38007,8996.8775,2453.8097
38008,9003.9792,2885.0916
38009,9024.8174,2891.2599
38010,9030.0884,2159.8381
38011,9015.7303,2913.4357
38012,9012.6394,1933.8123
38013,8997.6169,2731.1172
38014,9030.8497,1917.5228
38015,9014.3494,2538.3839
38016,9022.1737,2390.8153
38017,9031.6461,1996.0278
38018,8998.4311,1998.6176
38019,9002.0765,2368.6006
38020,9029.9665,1939.4374
38021,9001.2116,2751.6513
38022,8996.2627,2120.8165
38023,8998.7918,2820.3296
38024,9021.8901,2300.9562
38025,8987.6352,1960.6382
38026,9031.6456,2686.6744
38027,9022.6336,2938.1046
38028,9017.0385,2735.1297
38029,9008.0826,1984.6407
38030,9021.1839,2725.7818
38031,9026.6158,2736.5159
38032,9004.8337,2634.8376
38033,9031.9357,2086.7001
38034,8997.0945,2557.4633
38035,8995.0943,2355.9981
38036,9014.1249,2954.2993
38037,8999.513,2178.1077
38038,9032.7032,2340.8917
38039,8987.9045,2743.9599
38040,9021.4118,2389.3898
38041,9022.6697,2431.9428
38042,9002.1027,2120.0465
38043,9027.0893,2738.6029
38044,9011.0785,2889.2135
38045,9024.2586,2041.7958
38046,8992.7463,1942.3055
38047,8994.6559,2879.3956
38048,9031.7907,1937.7486
38049,9026.103,2767.961
38050,9010.1534,2124.4844
38051,9008.2644,2851.5656
38052,8993.4095,1936.1525
38053,9002.7837,2611.8633
38054,9033.3268,2374.0486
38055,9010.1734,1972.376
38056,9012.7845,2468.9678
38057,9032.1913,2577.0592
38058,9001.1536,2734.0511
38059,9033.6567,2908.7288
38060,9006.2892,2243.6538
38061,8991.029,2407.0025
38062,9033.083,2512.8897
38063,9024.5681,2889.1385
38064,9010.3303,2168.1836
38065,9016.2915,2189.5383
38066,9006.7441,2815.0943
38067,9025.2699,2897.2544
38068,8999.7284,2013.4124
38069,8999.4431,2569.8135
38070,9013.4242,2338.7884
38071,9024.3544,2948.4339
38072,9017.8027,2262.9991
38073,9002.4553,2855.5565
38074,9007.4908,2273.1561
38075,9011.949,1857.6969
38076,8990.9355,2719.6465
38077,8998.8418,2153.5929
38078,9011.1823,2706.3344
38079,8997.6795,1846.3135
38080,8999.7293,2596.4717
38081,9001.0336,2935.0886
38082,8991.6972,2845.6886
38083,9026.0354,2510.1795
38084,8997.6976,2799.5936
38085,8993.4099,2338.0678
38086,8991.3862,2456.1527
38087,9035.4431,2563.7994
38088,9017.7318,2497.0776
38089,9004.6414,2862.075
38090,9023.0628,2362.1174
38091,8998.779,2072.6607
38092,9018.5242,2266.0766
38093,8999.818,2082.5133
38094,9023.9212,2233.5903
38095,8996.052,2468.1596
38096,9009.2328,2858.9432
38097,9032.5597,2734.7963
38098,9001.2171,2824.9392
38099,8993.4229,2235.8724
38100,9028.204,2387.725
38101,9012.5083,2677.2142
38102,9010.0614,2346.9471
38103,9007.5936,2586.6017
38104,9002.0015,2078.5285
38105,8997.3259,2423.5008
38106,9038.3352,1951.352
38107,8994.9835,2431.6017
38108,9037.6285,1937.7663
38109,9019.8212,2013.6927
38110,9015.9679,2764.7431
38111,9000.8889,2927.2189
38112,9008.3628,2930.9198
38113,9030.1372,2472.6623
38114,9027.5589,2777.6986
38115,9019.4146,2957.1934
38116,9026.2165,2333.5478
38117,9026.3435,2722.6392
38118,9035.2127,2963.5332
38119,9018.8547,2253.3914
38120,9007.119,2730.2211
38121,9008.2176,2928.7037
38122,9038.9591,2734.9612
38123,9015.9405,1935.2321
38124,9018.3409,2932.9589
38125,9001.5624,1965.8756
38126,9037.811,2736.9824
38127,9033.9973,2348.1449
38128,9005.7246,2767.2115
38129,9018.8608,2369.8694
38130,9022.4544,1844.0226
38131,9007.0752,2816.6385
38132,9022.603,2092.1068
38133,9018.4735,2290.3731
38134,9034.2902,2737.748
38135,9024.5387,2896.3963
38136,9019.1083,2784.5519
38137,9018.0321,2197.8713
38138,9009.3413,2064.2737
38139,9014.1039,2049.8626
38140,9016.9659,2618.3968
38141,9006.1099,2687.4179
38142,9034.6782,2914.1249
38143,9001.7375,2167.1732
38144,9026.6285,2654.1054
38145,9006.496,1959.989
38146,9038.6799,2198.8566
38147,9006.2398,1867.7256
38148,9028.1684,2709.8624
38149,9036.3152,2688.0707
38150,9015.9433,2453.398
38151,9013.5474,2192.0891
38152,9018.4504,1973.0718
38153,9005.5204,2694.2106
38154,9013.586,2331.1405
38155,9042.0567,1949.4873
38156,9009.4207,2616.7137
38157,9044.1432,2086.0198
38158,9012.0138,2208.8824
38159,9033.0726,2137.9812
38160,9012.186,1868.4264
38161,9025.137,2137.42
38162,9014.2536,1927.0446
38163,9020.3471,2666.4774
38164,9024.3388,2705.456
38165,9003.8628,2444.094
38166,9042.4511,2287.2249
38167,9014.9886,2335.6358
38168,9018.0123,2791.0643
38169,9023.0102,2398.5263
38170,9036.9351,2757.0371
38171,9017.1139,2125.4088
38172,9044.1019,2083.385
38173,9033.849,2577.4676
38174,9040.8868,2680.7428
38175,9016.8023,2814.1354
38176,9037.3189,2756.9704
38177,9023.949,2901.173
38178,9039.6256,2527.907
38179,9036.299,2581.9007
38180,9021.3668,2125.3026
38181,9034.8461,2207.6768
38182,9006.5675,2670.2808
38183,9036.0775,2617.9809
38184,9040.8725,1846.8264
38185,9049.0619,2463.8083
38186,9008.8869,1897.6081
38187,9033.0548,2015.4455
38188,9050.1123,2663.0478
38189,9034.538,1997.16
38190,9022.157,2105.2887
38191,9008.7373,1908.765
38192,9038.01,2574.2102
38193,9040.3356,2551.6008
38194,9041.7122,2562.7937
38195,9046.7532,2202.8835
38196,9021.4867,2490.4834
38197,9020.1819,2936.2094
38198,9024.9191,1851.0597
38199,9009.1361,2946.2264
38200,9051.3758,2409.4526
38201,9035.828,2524.88
38202,9053.8006,2418.9933
38203,9034.7351,2460.7262
38204,9018.9604,2675.4148
38205,9025.2548,2392.5171
38206,9015.4647,2363.9037
38207,9032.0741,2910.3361
38208,9045.1393,1925.2704
38209,9026.3888,2368.0156
38210,9048.4701,2204.3742
38211,9037.8942,2733.3712
38212,9016.6526,2486.997
38213,9038.039,2446.8383
38214,9054.3311,2966.6411
38215,9020.5528,2335.7989
38216,9014.5427,2829.6702
38217,9041.3917,1842.874
38218,9019.8153,2824.8802
38219,9043.7856,2400.2494
38220,9026.8085,2236.2049
38221,9018.132,2753.0541
38222,9037.4757,2404.9801
38223,9024.9578,2322.8111
38224,9015.7219,2132.2616
38225,9051.4524,2505.7945
38226,9018.9316,1895.7985
38227,9057.2533,2041.3824
38228,9045.8751,2709.6057
38229,9046.611,2642.9029
38230,9024.963,2762.6361
38231,9059.8481,2563.3803
38232,9047.6813,1860.1299
38233,9031.6718,1937.6073
38234,9057.0957,2673.4355
38235,9021.2361,2793.8947
38236,9049.3359,2731.0071
38237,9034.2669,2084.8557
38238,9018.2738,2005.341
38239,9044.2127,1969.6199
38240,9038.9636,2881.731
38241,9050.7807,2669.8526
38242,9055.2284,2421.5584
38243,9039.095,2372.6585
38244,9056.8535,1857.7494
38245,9063.0715,2085.2878
38246,9056.6156,2035.5442
38247,9031.5612,2180.9743
38248,9052.8604,2737.9409
38249,9051.1642,2471.859
38250,9056.5971,2709.1325
38251,9062.7215,2442.1938
38252,9044.6491,2845.8014
38253,9021.384,2877.8369
38254,9055.1698,2574.1613
38255,9056.261,2780.2126
38256,9046.293,1964.8483
38257,9029.2533,1990.5607
38258,9036.1079,2070.2545
38259,9064.445,2492.1371
38260,9060.1493,2566.4914
38261,9061.6829,2738.3944
38262,9057.8293,2463.8611
38263,9034.5411,2665.1086
38264,9052.2963,2006.9322
38265,9054.0511,1868.5254
38266,9024.3183,2680.1913
38267,9024.6217,2083.8736
38268,9028.901,2892.281
38269,9065.5335,2460.8111
38270,9042.0645,2687.5183
38271,9041.178,2298.0103
38272,9064.453,2881.0299
38273,9051.2324,2905.6473
38274,9027.5708,2551.5048
38275,9062.7798,2876.7043
38276,9048.8994,2738.2691
38277,9062.4268,2804.9888
38278,9065.8839,2787.6849
38279,9071.6427,2120.5996
38280,9041.0443,2259.05
38281,9066.3817,2657.8848
38282,9050.9587,2432.6978
38283,9055.038,2571.5168
38284,9049.9671,2554.468
38285,9031.8298,2712.7836
38286,9070.3845,2919.4301
38287,9056.1214,2208.2589
38288,9035.6977,2446.5698
38289,9042.3916,2459.3626
38290,9061.5634,2799.8607
38291,9036.8839,2122.5067
38292,9046.1153,2175.3279
38293,9069.7361,2226.2009
38294,9054.0154,1863.2358
38295,9061.545,2976.9999
38296,9067.4433,2344.622
38297,9052.5954,2961.9941
38298,9033.7152,2848.8817
38299,9049.228,2642.5539
38300,9045.9212,2166.4873
38301,9063.5976,2118.131
38302,9058.1051,2028.5622
38303,9069.4327,2258.0575
38304,9077.9462,2474.0391
38305,9076.3138,1890.5067
38306,9060.7414,2263.7473
38307,9051.2288,1949.0126
38308,9074.791,1852.0381
38309,9051.239,2203.3771
38310,9079.2821,2593.7395
38311,9055.8539,2958.8821
38312,9046.7756,2043.9536
38313,9059.8773,2273.0669
38314,9046.6845,2631.9193
38315,9071.9389,1885.9217
38316,9042.8446,2567.4253
38317,9072.7125,2932.2476
38318,9073.6223,2913.7363
38319,9059.6697,2858.5419
38320,9041.6255,2097.3478
38321,9071.6877,2252.9605
38322,9048.0286,2658.6913
38323,9054.4765,2726.5705
38324,9064.3096,2615.7631
38325,9066.9419,1899.4968
38326,9057.9036,2597.6581
38327,9077.0078,2864.5879
38328,9056.0111,2253.7605
38329,9056.6952,2972.8234
38330,9061.4313,2825.0157
38331,9050.478,2790.3078
38332,9060.827,2682.3608
38333,9048.3237,2007.9424
38334,9081.5311,2886.8602
38335,9058.835,2223.8423
38336,9082.1868,2150.2853
38337,9075.1713,1949.5806
38338,9043.5387,1967.6524
38339,9060.9723,2410.4478
38340,9073.0867,2978.1037
38341,9047.5216,2381.0504
38342,9078.3682,2668.5487
38343,9056.0554,2314.0346
38344,9060.9131,2787.2818
38345,9077.2894,2342.6986
38346,9075.0165,2038.7911
38347,9075.5132,2367.1266
38348,9087.1094,2842.5687
38349,9066.8182,2404.8255
38350,9079.123,2434.699
38351,9089.55,2769.4826
38352,9051.0758,2724.435
38353,9055.3764,2736.8716
38354,9063.3086,2175.0624
38355,9073.8284,2589.1425
38356,9065.7838,2102.2803
38357,9061.778,2651.6686
38358,9053.7464,1972.9164
38359,9093.2588,2617.2869
38360,9074.0585,2092.5578
38361,9092.0197,2625.5979
38362,9085.7075,2100.8085
38363,9088.1569,2630.906
38364,9088.0716,2019.5572
38365,9089.1426,1857.1068
38366,9080.1322,2101.5165
38367,9085.3704,1988.1614
38368,9054.7674,2187.4857
38369,9053.2172,2403.0295
38370,9074.0225,2940.0489
38371,9077.2118,2619.2147
38372,9054.0686,2720.3822
38373,9072.7269,2826.7574
38374,9060.6536,2134.2062
38375,9055.6017,2258.6633
38376,9071.1199,2402.5326
38377,9084.3857,2880.2177
38378,9077.3652,2970.3109
38379,9055.4346,2581.8977
38380,9064.1397,2846.7041
38381,9079.5447,2707.1438
38382,9070.8112,2934.5178
38383,9073.2041,2857.0196
38384,9085.4927,2942.0776
38385,9067.9728,2879.8299
38386,9060.7663,2024.0815
38387,9063.3768,2941.4048
38388,9097.6451,1925.1147
38389,9064.7056,1857.3335
38390,9060.529,1945.171
38391,9103.0787,2590.9684
38392,9079.6329,2553.6468
38393,9065.2199,2499.4579
38394,9093.724,1912.7033
38395,9100.7615,2545.3286
38396,9064.0621,2885.6624
38397,9071.8831,2168.524
38398,9093.843,2228.2567
38399,9079.4575,2896.2381
38400,9068.4908,2405.6762
38401,9062.7154,1892.8555
38402,9083.7872,2616.6915
38403,9102.8872,2359.6235
38404,9075.5778,2845.1062
38405,9078.4769,2544.5634
38406,9089.6661,2426.391
38407,9068.1392,1892.5678
38408,9064.8861,2925.0384
38409,9101.1943,2882.4801
38410,9079.512,2040.758
38411,9093.3958,2643.0286
38412,9100.6618,2128.9874
38413,9082.7466,2836.06
38414,9092.6829,2688.4595
38415,9107.5477,2419.0976
38416,9093.2393,2656.0114
38417,9100.3429,2989.726
38418,9088.0133,2594.2965
38419,9092.022,2010.9071
38420,9091.0677,2002.53
38421,9104.1112,2437.721
38422,9104.7863,1849.3127
38423,9097.4417,2140.604
38424,9092.6135,2260.8762
38425,9070.4855,2626.4858
38426,9112.0316,2967.2136
38427,9075.6819,2294.7726
38428,9107.9712,2984.7883
38429,9079.8691,2960.247
38430,9074.3818,2034.3222
38431,9093.0768,2490.7927
38432,9088.497,2427.0402
38433,9081.3984,2774.5119
38434,9113.3621,2318.6094
38435,9111.7039,2022.5705
38436,9098.5411,2104.7285
38437,9100.4923,2819.8025
38438,9094.652,2928.0119
38439,9081.4219,2128.2666
38440,9092.6664,2419.8346
38441,9117.7561,2178.1795
38442,9091.8987,2647.5897
38443,9113.1002,2118.1733
38444,9113.0804,2733.7364
38445,9106.2733,2477.3103
38446,9103.2107,2776.6741
38447,9115.9056,2720.8872
38448,9082.2027,1880.0178
38449,9082.3006,2342.3201
38450,9089.4082,2667.3469
38451,9117.1537,2085.1324
38452,9120.7735,2223.5096
38453,9106.2497,2617.7927
38454,9115.0216,2021.7174
38455,9091.6617,2884.4099
38456,9113.3419,2604.125
38457,9084.4859,2560.2288
38458,9098.4423,2959.7591
38459,9089.4146,2972.4621
38460,9102.8371,2519.8058
38461,9107.8957,2385.9983
38462,9109.8333,2588.2496
38463,9082.6174,1903.7349
38464,9085.7133,2324.3873
38465,9085.7507,2321.4262
38466,9091.2481,2800.006
38467,9082.9602,2447.9702
38468,9117.0844,1903.0972
38469,9126.0189,2617.2236
38470,9118.305,2020.9369
38471,9099.3739,2925.5706
38472,9109.8562,2055.815
38473,9127.5446,2936.9225
38474,9116.3564,2969.7735
38475,9099.0469,2857.1251
38476,9099.9764,2257.808
38477,9105.9191,2912.452
38478,9122.8853,2581.624
38479,9109.4624,2128.8651
38480,9109.8559,2870.677
38481,9113.7286,2214.775
38482,9087.4032,2350.7167
38483,9112.4397,2993.2339
38484,9123.5658,2212.0109
38485,9113.3511,2594.5054
38486,9131.5452,2532.3986
38487,9095.2762,2751.1409
38488,9124.1766,2267.5992
38489,9123.2449,2087.8803
38490,9128.9441,2505.5376
38491,9096.9697,2959.4633
38492,9095.4775,2838.9422
38493,9097.864,2496.1381
38494,9094.0745,1924.9059
38495,9115.189,2723.2941
38496,9101.6104,2384.222
38497,9135.5272,2666.5943
38498,9115.2666,2090.6581
38499,9092.5884,2450.4504
38500,9126.2407,2462.5482
38501,9105.5731,2416.2379
38502,9125.2516,2919.7391
38503,9107.4813,2405.8777
38504,9099.1696,2357.5293
38505,9119.6052,2904.1263
38506,9102.5829,2137.2874
38507,9131.0651,2425.163
38508,9111.3228,2628.128
38509,9137.7038,2849.5518
38510,9122.2679,2689.0157
38511,9103.8203,2561.1774
38512,9096.4266,2729.4176
38513,9107.9168,2089.1108
38514,9130.5627,2631.7634
38515,9109.7725,2096.5194
38516,9120.1791,2182.3546
38517,9100.778,2404.7409
38518,9103.867,1860.6459
38519,9100.0716,2387.7049
38520,9136.1086,2999.6213
38521,9120.7887,1862.1436
38522,9106.3715,2097.0145
38523,9126.6411,2972.9205
38524,9141.6276,2621.8314
38525,9123.9136,2951.9433
38526,9100.538,2695.173
38527,9101.2356,2174.0242
38528,9125.9116,2666.9273
38529,9103.6704,2919.4752
38530,9101.6893,2927.2865
38531,9136.9544,2143.2032
38532,9113.2538,2781.4029
38533,9142.9492,2198.4372
38534,9124.4174,2561.0545
38535,9129.6851,2799.4235
38536,9122.3045,2965.0651
38537,9140.7414,2847.1473
38538,9131.4247,2568.5368
38539,9104.7731,2495.0633
38540,9145.0437,2765.8754
38541,9147.8351,2493.6873
38542,9143.3094,2267.1933
38543,9150.2002,2796.7763
38544,9133.1017,2938.6464
38545,9129.4068,2368.3509
38546,9126.6143,1853.4358
38547,9141.9548,2696.1141
38548,9114.6816,2465.1194
38549,9148.2123,2071.7818
38550,9144.8198,2794.747
38551,9130.431,2201.9132
38552,9136.3683,2534.6656
38553,9148.593,2739.6237
38554,9135.0006,2939.9072
38555,9130.7455,2565.9459
38556,9153.8022,2162.2251
38557,9150.4584,2818.0802
38558,9125.1667,2121.3794
38559,9150.0803,2451.1976
38560,9144.1184,2978.6869
38561,9131.6488,2580.2509
38562,9141.792,2016.176
38563,9140.8021,2233.4812
38564,9147.0224,2973.8835
38565,9137.6215,2618.5831
38566,9114.316,1934.3315
38567,9120.833,2640.7754
38568,9125.3363,2175.1312
38569,9153.9411,2894.0212
38570,9126.8802,2562.9483
38571,9137.2683,2891.7175
38572,9156.6011,2490.2877
38573,9129.1474,1938.9947
38574,9158.502,2513.6683
38575,9121.301,2884.7619
38576,9156.3986,2790.2582
38577,9132.5481,2170.1289
38578,9128.3504,2961.0917
38579,9117.2557,2359.2743
38580,9139.1095,2922.7297
38581,9130.8944,2700.8462
38582,9141.2139,2569.7867
38583,9142.7598,2235.3289
38584,9122.416,2462.5757
38585,9123.6891,2340.7808
38586,9142.7316,1945.7631
38587,9157.7449,2083.4503
38588,9158.8803,2320.3186
38589,9148.0275,2101.9676
38590,9123.3721,1966.1845
38591,9136.8678,2236.5131
38592,9124.5009,1860.6153
38593,9153.1615,2847.7398
38594,9148.6596,2944.7879
38595,9151.9417,2441.9231
38596,9139.3,2814.5862
38597,9139.0012,2025.7038
38598,9135.1686,2137.7267
38599,9129.7926,2987.8221
38600,9134.9766,1888.6539
38601,9153.9743,2495.6317
38602,9139.9287,2992.6134
38603,9162.8746,1883.0736
38604,9144.6779,2167.0235
38605,9167.269,2117.5633
38606,9160.3207,2867.574
38607,9149.5577,2665.2695
38608,9157.5757,2906.2867
38609,9134.6782,1922.7816
38610,9155.7356,2208.0319
38611,9161.3587,2614.5168
38612,9129.545,2540.342
38613,9152.2923,2536.0119
38614,9149.6275,2024.0239
38615,9150.4565,2352.4748
38616,9162.0549,2986.7484
38617,9162.4929,2584.6003
38618,9158.8681,2767.1101
38619,9169.9139,2637.319
38620,9137.1986,2818.765
38621,9148.2006,2649.9376
38622,9148.5369,2675.5114
38623,9165.6127,2456.9853
38624,9153.0881,2990.2199
38625,9166.487,2033.0694
38626,9155.5276,2947.9181
38627,9157.4594,1979.711
38628,9134.867,2462.8704
38629,9139.4019,2068.0143
38630,9139.5892,2173.3069
38631,9151.5781,2473.2335
38632,9131.9991,2914.7956
38633,9174.5413,2170.1949
38634,9140.1057,2951.6968
38635,9167.7335,2905.6304
38636,9168.8521,2908.0475
38637,9143.2598,2924.2729
38638,9143.5374,2708.4136
38639,9139.2958,2058.4621
38640,9178.2073,2261.3759
38641,9149.7165,2806.831
38642,9167.3939,2299.7267
38643,9178.5107,2596.1227
38644,9135.0034,2814.2771
38645,9163.4331,2477.3876
38646,9155.4186,2996.1005
38647,9141.4161,2699.1063
38648,9177.9896,2593.6127
38649,9156.2193,2269.1208
38650,9149.3836,2422.5479
38651,9142.8634,2481.6696
38652,9163.531,2467.9062
38653,9182.2903,2224.9743
38654,9173.8294,2774.4696
38655,9169.7762,1897.3982
38656,9183.6672,2128.857
38657,9141.6116,2026.1236
38658,9179.2665,2666.4571
38659,9172.4107,2693.9275
38660,9170.6774,1934.2677
38661,9174.6149,2962.2655
38662,9165.4335,2817.8177
38663,9151.2933,2834.6579
38664,9143.5394,2246.2836
38665,9165.8538,2423.406
38666,9147.0202,1901.8158
38667,9185.1468,2037.8191
38668,9148.2028,2594.7972
38669,9161.992,2979.479
38670,9172.2695,2556.7327
38671,9183.1457,2091.088
38672,9144.9885,2044.4313
38673,9188.3475,2770.952
38674,9153.1468,2558.8674
38675,9181.1171,2145.8511
38676,9146.7902,2514.5376
38677,9148.4734,2993.904
38678,9173.8418,2649.8742
38679,9163.1819,2715.4633
38680,9149.2232,2456.4502
38681,9161.3761,2307.4685
38682,9175.6357,2554.218
38683,9166.7585,1987.4976
38684,9149.2486,2304.9528
38685,9149.5281,2601.33
38686,9172.2223,2117.7901
38687,9164.0932,2321.6714
38688,9169.6404,2189.905
38689,9158.8275,2471.6109
38690,9179.4641,2757.4489
38691,9154.1143,2894.236
38692,9191.5654,2497.9483
38693,9168.1126,2030.342
38694,9159.1346,2785.5234
38695,9188.1834,2837.9925
38696,9191.6381,3003.6836
38697,9160.94,2679.9083
38698,9163.4846,2828.3088
38699,9180.841,1879.4702
38700,9157.9736,2297.893
38701,9168.4438,2483.9157
38702,9151.601,2946.0042
38703,9173.1521,2661.6885
38704,9189.3551,2752.7665
38705,9193.8393,2920.5077
38706,9192.7255,2642.3391
38707,9184.9594,2717.6605
38708,9157.8391,2679.0659
38709,9181.7015,2664.755
38710,9176.0448,2327.4091
38711,9167.929,2256.1995
38712,9197.9022,2487.841
38713,9162.9261,2501.5524
38714,9166.5009,2270.732
38715,9186.5551,2655.4659
38716,9194.0584,2807.1277
38717,9180.541,2244.0876
38718,9196.7359,2234.3122
38719,9191.9798,2220.5628
38720,9158.8197,2267.8033
38721,9171.4169,2603.184
38722,9177.1963,2494.9492
38723,9187.714,2865.1023
38724,9201.0488,2755.545
38725,9189.4372,2890.4343
38726,9194.7449,1973.456
38727,9176.8165,2880.7978
38728,9189.933,2679.1496
38729,9197.6141,2613.9143
38730,9200.4396,2696.0376
38731,9184.4973,2617.4407
38732,9181.4872,2818.0722
38733,9164.7956,2766.3433
38734,9176.3394,2153.6226
38735,9180.9473,2892.7096
38736,9169.6959,2525.0337
38737,9198.9801,2365.0504
38738,9195.7459,2674.17
38739,9170.4479,2169.2051
38740,9176.979,2690.6613
38741,9178.2123,1912.3139
38742,9181.5004,2053.5396
38743,9175.9204,2590.1189
38744,9172.1184,2833.9277
38745,9173.1138,2284.8515
38746,9192.9425,2470.6964
38747,9179.6985,1989.0164
38748,9171.6343,2081.9447
38749,9199.5931,2451.1166
38750,9169.4932,1983.0038
38751,9169.502,2888.1536
38752,9192.1666,2791.8416
38753,9198.4241,2090.3607
38754,9185.1397,1974.8323
38755,9202.9501,2920.4881
38756,9177.2788,2808.0199
38757,9190.6827,2068.3163
38758,9179.6236,2189.8762
38759,9193.2238,2086.9145
38760,9166.3105,2348.285
38761,9187.9427,2437.6845
38762,9170.3805,2847.3142
38763,9166.6993,2852.3722
38764,9208.878,2471.3463
38765,9202.7552,2456.4641
38766,9180.0185,2183.959
38767,9171.9812,1869.27
38768,9166.057,1991.5743
38769,9197.9136,1929.8086
38770,9169.3714,2408.145
38771,9172.1456,2811.6909
38772,9182.2565,2230.4875
38773,9209.0042,2826.4558
38774,9171.445,2393.9343
38775,9211.215,2317.783
38776,9189.038,2157.0025
38777,9204.6223,2281.1583
38778,9202.5891,3006.231
38779,9195.9131,2412.4728
38780,9193.262,2887.4195
38781,9190.3927,2877.6861
38782,9207.9881,2442.9652
38783,9211.8485,2247.4893
38784,9172.1106,2766.6991
38785,9200.2605,2555.9829
38786,9199.5633,2674.6708
38787,9198.7019,2860.6058
38788,9197.5837,2098.076
38789,9186.6812,2358.5059
38790,9174.8072,1936.9475
38791,9184.0469,2510.7202
38792,9203.9143,1938.4907
38793,9181.6163,2903.1824
38794,9192.4335,2771.0473
38795,9172.1655,2367.3419
38796,9205.558,2203.5044
38797,9208.8906,2647.349
38798,9192.1221,2482.7398
38799,9206.0319,2797.8708
38800,9210.8367,2690.6544
38801,9190.7719,2768.9664
38802,9217.6478,2316.0491
38803,9188.6043,2402.9375
38804,9216.6493,2559.503
38805,9198.2724,2513.7995
38806,9214.5511,2905.625
38807,9196.2083,2369.4736
38808,9200.1968,2024.6855
38809,9210.0307,2050.3644
38810,9184.9482,2502.3256
38811,9182.6437,1984.4932
38812,9188.9122,2134.8821
38813,9213.8024,1912.3274
38814,9177.7976,2454.792
38815,9220.1822,2158.6898
38816,9221.0864,2962.119
38817,9193.8573,2115.8697
38818,9182.6031,2349.951
38819,9191.8245,2776.9814
38820,9214.2204,2621.9887
38821,9189.3567,2710.7355
38822,9180.4082,2564.0283
38823,9185.7169,2384.4704
38824,9215.1897,2887.0371
38825,9192.7949,2445.6542
38826,9197.5849,2202.1709
38827,9200.7607,2357.2315
38828,9188.29,2308.339
38829,9205.7955,2242.399
38830,9200.7227,2244.6539
38831,9200.5342,2538.1897
38832,9189.0338,2056.2759
38833,9209.3848,2702.5602
38834,9178.6678,1920.2866
38835,9224.7484,2991.5619
38836,9202.8966,2321.1429
38837,9216.1054,2533.2814
38838,9187.7309,2630.544
38839,9182.9826,2876.3558
38840,9204.0408,2181.6567
38841,9214.4258,2189.3496
38842,9180.2743,2659.5168
38843,9224.6973,2309.7972
38844,9190.4204,1925.1643
38845,9206.0023,2175.0128
38846,9200.9984,2923.0852
38847,9207.6101,2840.9887
38848,9222.3767,2916.8076
38849,9188.9892,2835.6485
38850,9206.7915,2812.3168
38851,9189.7564,2124.6833
38852,9202.0184,2811.6829
38853,9207.8147,2446.9347
38854,9221.4597,2777.5105
38855,9191.2372,2489.3938
38856,9188.1219,2671.6357
38857,9194.8133,2853.9569
38858,9226.5555,2936.4181
38859,9185.3441,2256.5951
38860,9215.3348,2202.551
38861,9201.8579,2584.116
38862,9196.3062,2898.2755
38863,9226.0054,2221.4258
38864,9217.7822,2107.051
38865,9224.0334,2963.3574
38866,9200.4034,2367.8155
38867,9212.5545,2955.6278
38868,9202.0843,2376.5204
38869,9229.009,2266.0981
38870,9215.8482,2460.0377
38871,9220.4934,2111.4342
38872,9225.2771,2988.633
38873,9227.4084,2258.5942
38874,9211.115,2655.7908
38875,9219.3168,2177.8953
38876,9222.2103,2733.6921
38877,9189.3582,2675.7558
38878,9217.2068,2332.0242
38879,9226.027,2122.0455
38880,9205.5863,2619.7074
38881,9202.2334,2961.5904
38882,9195.6594,1875.203
38883,9208.5016,2873.8062
38884,9216.8847,2400.1912
38885,9213.544,2160.0728
38886,9213.2167,2242.7723
38887,9216.925,2626.1845
38888,9201.7823,2954.0327
38889,9200.0585,2904.773
38890,9220.1707,2959.3002
38891,9197.0467,2686.7829
38892,9202.6162,2388.2282
38893,9224.8954,2576.0481
38894,9195.0853,2224.7676
38895,9228.4113,3017.4014
38896,9234.1789,2912.6274
38897,9230.2387,2826.9424
38898,9225.5534,2777.8961
38899,9197.419,2611.4074
38900,9194.1161,3007.8233
38901,9206.1901,2167.0228
38902,9231.771,2763.9002
38903,9221.132,2640.6222
38904,9205.9929,1970.9236
38905,9233.3799,2903.4612
38906,9229.7174,2941.1958
38907,9235.375,2482.7191
38908,9198.888,2962.0903
38909,9234.9069,2294.3174
38910,9200.5685,1897.1853
38911,9207.7081,2841.1102
38912,9208.4076,2985.5129
38913,9214.0076,2430.4791
38914,9234.5281,2789.9141
38915,9196.6105,2934.503
38916,9217.053,2961.2453
38917,9226.9932,2243.8889
38918,9217.4643,2282.1702
38919,9200.0467,2526.1702
38920,9199.9836,2790.8704
38921,9209.9534,2904.2653
38922,9224.7904,2897.9827
38923,9218.2624,2975.8817
38924,9198.2842,2956.7303
38925,9234.8006,2352.0704
38926,9218.6608,1919.3165
38927,9215.3214,2848.2459
38928,9239.4078,2411.5239
38929,9223.3511,2151.7188
38930,9240.9337,2718.3427
38931,9236.7471,2259.0967
38932,9231.2135,2017.1872
38933,9208.8658,1891.6349
38934,9237.0595,2494.9328
38935,9235.9364,2806.3842
38936,9231.3312,2263.0313
38937,9234.0356,2631.1723
38938,9236.27,2474.3987
38939,9218.4664,2889.7492
38940,9217.7571,2115.4831
38941,9238.6738,2109.5463
38942,9213.5635,1924.0813
38943,9203.5849,2244.3525
38944,9223.0326,2020.2798
38945,9214.0155,1954.5072
38946,9198.5834,2881.007
38947,9225.6478,2324.3206
38948,9235.861,2541.6782
38949,9204.4102,2240.9086
38950,9201.9954,2357.3465
38951,9234.3031,2839.9423
38952,9209.5678,2161.5797
38953,9213.4333,1944.1987
38954,9234.6614,2717.1841
38955,9221.1206,2430.1158
38956,9228.6241,2212.8967
38957,9227.3356,1882.6814
38958,9206.3366,2253.5378
38959,9225.2269,2105.4015
38960,9214.9762,2411.5354
38961,9201.5859,2866.3809
38962,9207.6979,1987.8027
38963,9232.063,1987.7648
38964,9208.3754,2493.8698
38965,9228.3646,2144.8075
38966,9230.1753,2822.8486
38967,9235.3475,2502.0055
38968,9220.7835,2095.9395
38969,9202.7426,2841.8813
38970,9223.1024,2638.4298
38971,9235.3803,2980.6762
38972,9237.3792,2877.453
38973,9209.2362,2814.4342
38974,9214.6297,2598.5582
38975,9228.1605,2422.5898
38976,9209.5206,2762.3866
38977,9233.5831,2418.553
38978,9218.9194,2188.4848
38979,9225.5831,2848.3411
38980,9217.8569,2791.2235
38981,9212.2888,2958.6817
38982,9233.0925,2244.0618
38983,9231.051,2514.5986
38984,9208.4128,2694.9871
38985,9231.4868,2383.7566
38986,9211.9886,2441.3844
38987,9224.0667,2547.3968
38988,9243.8697,2836.267
38989,9212.046,2194.6454
38990,9229.343,2627.8442
38991,9238.5839,2437.8261
38992,9248.6495,2757.2562
38993,9230.615,2717.5385
38994,9236.732,2415.3885
38995,9249.6719,1934.6486
38996,9218.1045,2099.6666
38997,9243.3182,2227.9888
38998,9219.4951,1959.5733
38999,9246.544,2777.3059
39000,9232.387,2652.3707
39001,9234.5611,2047.9348
39002,9238.8708,2964.5253
39003,9241.7487,2328.9533
39004,9241.7826,2033.1587
39005,9239.0441,2315.6837
39006,9214.6952,2172.271
39007,9230.1718,2902.1178
39008,9216.8003,2066.3421
39009,9241.4255,2600.1918
39010,9243.0045,2266.7345
39011,9248.1668,2962.2581
39012,9244.0307,2592.4916
39013,9214.1727,2559.8997
39014,9236.5853,1926.9189
39015,9218.9007,2757.0439
39016,9250.9856,2108.0045
39017,9240.8582,2439.0256
39018,9248.1698,2705.6792
39019,9210.2875,2798.7606
39020,9235.633,2261.5187
39021,9247.374,2067.3124
39022,9222.1354,2949.4959
39023,9219.1304,1958.6744
39024,9211.3425,2028.976
39025,9227.6345,2066.6356
39026,9250.7584,2187.205
39027,9210.7831,1968.5155
39028,9229.7552,2887.1718
39029,9233.2644,2057.2936
39030,9215.7321,1902.018
39031,9251.6546,2524.8437
39032,9254.7789,2495.3242
39033,9253.8199,2456.4461
39034,9216.1402,2029.063
39035,9243.6235,2228.988
39036,9229.3852,2272.2066
39037,9252.2245,2938.3528
39038,9244.4368,2894.0456
39039,9217.8951,2621.8833
39040,9237.9819,2848.9138
39041,9236.3854,2889.2705
39042,9245.5327,2125.4512
39043,9236.0656,3014.6066
39044,9234.0743,2663.2539
39045,9230.1756,2170.7624
39046,9236.6413,2805.1825
39047,9219.5314,2974.3688
39048,9215.7451,2396.0065
39049,9230.2763,2335.147
39050,9258.7813,2442.8892
39051,9225.359,2428.6115
39052,9226.9118,2603.5964
39053,9244.0138,2627.8684
39054,9248.6218,2604.9497
39055,9219.8268,2462.9136
39056,9249.5023,2951.8914
39057,9216.5113,2561.2837
39058,9249.8612,3008.614
39059,9239.9995,1906.8447
39060,9233.7423,2448.3961
39061,9216.651,2040.8729
39062,9252.2336,2274.0966
39063,9250.8162,2359.8043
39064,9226.4858,1907.9329
39065,9223.8019,2809.3236
39066,9232.8284,2432.8061
39067,9235.1492,2238.9209
39068,9217.1,2302.9937
39069,9257.1627,2790.702
39070,9233.4884,2977.9284
39071,9225.1437,2200.375
39072,9246.9507,2020.9977
39073,9235.5856,2472.6605
39074,9231.8842,2453.8181
39075,9258.3414,2637.3415
39076,9221.3964,2099.9498
39077,9263.8009,2433.8822
39078,9232.8524,2853.8841
39079,9258.6096,2735.0203
39080,9231.6992,2268.8871
39081,9234.6909,1900.3276
39082,9262.3338,2942.1983
39083,9259.5238,2200.344
39084,9257.4286,2562.395
39085,9264.6249,2143.1441
39086,9246.8863,2703.7228
39087,9223.408,2145.3399
39088,9240.6502,2662.3043
39089,9244.3597,2396.9763
39090,9242.8165,1992.2153
39091,9260.133,2458.5099
39092,9221.8868,2779.0931
39093,9254.6901,1944.5431
39094,9253.053,2841.9233
39095,9225.9604,2675.7172
39096,9260.9809,2284.7122
39097,9260.0447,1924.8629
39098,9261.6638,2033.226
39099,9246.8163,2142.3639
39100,9240.3716,2733.4884
39101,9259.9767,2037.0825
39102,9259.5414,2521.9341
39103,9266.793,2262.6622
39104,9254.3886,2147.7209
39105,9263.3691,2710.2385
39106,9260.3623,2841.9908
39107,9234.6767,2336.6379
39108,9238.8541,2699.5022
39109,9254.7721,2730.2818
39110,9259.7975,2934.8583
39111,9225.3103,1986.8196
39112,9264.0385,2045.5313
39113,9257.4241,2567.3581
39114,9223.2074,2453.5736
39115,9239.861,2455.4682
39116,9256.9543,2663.7833
39117,9225.8082,1963.182
39118,9239.361,2172.6234
39119,9246.9245,2585.7134
39120,9246.4176,2471.8543
39121,9231.3206,2554.2207
39122,9234.3602,2875.0705
39123,9253.0756,3014.7254
39124,9245.0371,1894.7777
39125,9252.8539,2886.758
39126,9249.3975,2339.2168
39127,9249.917,2645.3869
39128,9248.2805,2742.6336
39129,9226.7586,2239.6216
39130,9260.097,2748.3784
39131,9257.5575,2699.3738
39132,9255.4023,2465.6711
39133,9249.2183,2271.3742
39134,9239.3659,1880.4453
39135,9251.1555,2801.2699
39136,9226.9174,2112.8783
39137,9231.4917,2959.5646
39138,9269.0174,2454.4619
39139,9258.2165,3021.2898
39140,9237.8586,2526.7675
39141,9239.0511,2978.8492
39142,9230.4572,2811.4973
39143,9265.2511,2230.8987
39144,9259.3861,3013.3312
39145,9244.0475,2406.6942
39146,9262.263,2529.3626
39147,9260.7712,2836.329
39148,9246.1373,2593.5058
39149,9261.3355,1969.4508
39150,9243.6269,2790.0278
39151,9262.1515,3031.6934
39152,9259.8569,1933.3197
39153,9231.0714,2298.9212
39154,9243.8312,2212.1144
39155,9244.1863,2923.1087
39156,9263.2618,2480.7378
39157,9266.0345,2741.5181
39158,9273.1038,2986.4912
39159,9256.9524,2490.708
39160,9264.9024,1932.4718
39161,9241.8794,2646.2186
39162,9240.0759,2596.7419
39163,9248.1493,2474.509
39164,9246.5706,3037.2896
39165,9242.7029,2640.5155
39166,9246.8556,2031.4754
39167,9237.6706,2225.7378
39168,9246.5936,1906.5818
39169,9264.0446,2826.8136
39170,9247.1629,2562.169
39171,9262.7622,2740.8987
39172,9259.2622,2034.2759
39173,9245.0644,2160.1477
39174,9240.0432,2488.98
39175,9273.9524,2910.3354
39176,9274.7724,2929.3108
39177,9266.2715,2912.0459
39178,9265.9059,2837.294
39179,9265.8262,2269.3349
39180,9266.7469,2290.5987
39181,9256.0441,2664.951
39182,9256.2084,2615.7694
39183,9271.2927,2421.235
39184,9269.751,2292.2087
39185,9263.4067,2833.6508
39186,9258.4244,2240.5185
39187,9256.8324,2633.1955
39188,9244.5205,1882.9711
39189,9238.0639,2868.8611
39190,9246.8064,2452.6919
39191,9252.1679,2401.2927
39192,9256.9885,2030.1078
39193,9236.5465,1968.6954
39194,9268.0816,2699.7405
39195,9256.033,1963.0605
39196,9260.3186,2354.4725
39197,9273.2645,2132.3642
39198,9264.9032,2293.9444
39199,9269.7063,2913.1244
39200,9273.532,2936.1796
39201,9253.036,2313.9449
39202,9278.3596,2391.8041
39203,9258.1637,2598.4129
39204,9257.6258,3017.4518
39205,9260.1364,2333.1573
39206,9261.5913,2909.9856
39207,9282.7102,3033.9181
39208,9264.8307,1883.5101
39209,9282.1885,1969.7664
39210,9243.1298,2629.743
39211,9276.539,2843.6292
39212,9275.8898,2359.3801
39213,9264.7534,1892.2092
39214,9252.9259,2492.9195
39215,9260.3475,2256.0415
39216,9239.628,1930.7057
39217,9278.7648,2656.4791
39218,9251.3104,2010.7309
39219,9241.2439,2367.8824
39220,9270.4638,2542.8796
39221,9254.4312,2227.735
39222,9251.3972,2539.7163
39223,9262.1771,2172.0193
39224,9268.3781,2010.117
39225,9270.1387,2385.1496
39226,9254.7105,2430.5063
39227,9270.6082,2954.5764
39228,9278.0909,2752.1094
39229,9281.8987,2696.7644
39230,9253.695,2511.5725
39231,9271.5207,2879.1416
39232,9263.6265,2441.4625
39233,9264.9572,2316.1883
39234,9243.1688,2431.1147
39235,9262.9028,2663.4077
39236,9259.1564,2539.2586
39237,9252.9641,2224.8615
39238,9269.1603,2168.7042
39239,9272.3348,2002.9222
39240,9285.7263,2174.3449
39241,9270.1038,2006.2218
39242,9280.7388,2057.4153
39243,9286.7526,2451.2999
39244,9275.1764,2389.9118
39245,9245.6494,2994.84
39246,9272.763,2642.4233
39247,9283.1544,2266.0406
39248,9263.3371,2357.9675
39249,9263.4595,2954.3361
39250,9264.982,2724.0671
39251,9284.7285,2201.7281
39252,9245.9978,2786.0361
39253,9290.5258,1896.8365
39254,9264.6705,3035.9447
39255,9265.9887,2378.4405
39256,9261.2065,2829.7931
39257,9291.4292,1932.6623
39258,9273.8685,2034.7263
39259,9266.2126,2522.613
39260,9269.7944,2677.5639
39261,9258.8777,2259.7792
39262,9278.0179,2384.8705
39263,9286.7196,2136.1883
39264,9248.3703,2025.5513
39265,9292.1742,2167.0227
39266,9256.647,2766.0648
39267,9285.5126,2546.061
39268,9272.6557,2239.2286
39269,9256.9283,2715.1187
39270,9293.0987,2553.0863
39271,9279.1262,2148.7401
39272,9268.5148,2776.4501
39273,9276.0551,2024.9742
39274,9285.4757,2025.3398
39275,9262.8098,2565.218
39276,9275.5192,2269.8223
39277,9276.8308,2455.0185
39278,9287.7537,2823.7604
39279,9283.1396,1954.2318
39280,9271.5857,2408.3612
39281,9257.1295,2683.5124
39282,9295.6389,2292.0976
39283,9280.3626,2090.8784
39284,9259.7662,1996.0549
39285,9259.765,1936.5892
39286,9275.4774,2792.2671
39287,9280.4822,2635.7706
39288,9255.7161,1988.6077
39289,9284.8533,2179.7457
39290,9294.1888,2396.9919
39291,9296.3368,2593.3014
39292,9274.2464,2598.0348
39293,9283.3996,2772.9788
39294,9254.7109,2273.7326
39295,9286.6565,2323.8107
39296,9273.2866,3008.11
39297,9297.3003,2594.5744
39298,9269.421,2784.1532
39299,9283.3904,2297.5981
39300,9288.8582,2931.8213
39301,9263.5556,2967.3178
39302,9291.3815,2089.4969
39303,9290.1801,3011.9464
39304,9275.8284,2539.1418
39305,9272.7179,2505.6045
39306,9297.5612,2994.4393
39307,9274.5515,2529.7316
39308,9276.6321,2908.6905
39309,9292.7706,2050.8341
39310,9284.6695,2226.2934
39311,9300.1838,2929.5882
39312,9289.1072,2555.618
39313,9283.8212,2600.5317
39314,9269.1844,2255.3346
39315,9282.9184,1951.4599
39316,9260.4712,3028.7955
39317,9283.0497,1911.1208
39318,9301.752,2693.5797
39319,9278.3095,1937.8467
39320,9271.4324,2070.3244
39321,9285.0291,2243.4172
39322,9292.9318,2229.6985
39323,9304.06,2764.732
39324,9284.8962,2313.0569
39325,9302.1794,2648.8613
39326,9272.0721,2161.5068
39327,9301.1039,2992.8378
39328,9303.6138,3002.4953
39329,9293.1946,2342.4029
39330,9265.381,2264.0175
39331,9296.2807,2554.4286
39332,9279.3608,1976.0404
39333,9286.119,2095.2454
39334,9279.505,2730.5968
39335,9299.4128,1924.6516
39336,9271.7758,2435.1271
39337,9277.7183,2981.5182
39338,9305.5915,2068.8854
39339,9272.6624,2066.3838
39340,9274.615,1917.8336
39341,9292.1566,2859.9236
39342,9266.7807,2488.725
39343,9302.1704,2023.668
39344,9289.9464,2502.0019
39345,9276.296,2685.269
39346,9290.3733,2605.3868
39347,9293.6605,2582.7639
39348,9279.2847,2394.945
39349,9273.6038,2774.4621
39350,9282.5018,2543.6216
39351,9293.1888,2880.2987
39352,9304.6376,2425.6635
39353,9275.4632,2282.6436
39354,9298.6427,2590.8026
39355,9270.6154,2394.5509
39356,9269.7824,2013.18
39357,9282.7633,2637.4198
39358,9301.4543,2253.9666
39359,9288.5493,2764.7269
39360,9289.734,2736.0014
39361,9274.2344,2420.0415
39362,9308.1501,2259.44
39363,9273.1989,2830.8582
39364,9281.846,2401.857
39365,9296.8157,2882.1326
39366,9283.3025,2577.1526
39367,9314.5514,2984.0601
39368,9278.3736,2369.8474
39369,9295.6188,2606.3492
39370,9290.0423,2447.4611
39371,9277.3487,2162.7538
39372,9292.589,2981.1971
39373,9287.4765,2475.5379
39374,9272.9042,2278.2545
39375,9308.8297,1892.1667
39376,9307.2995,2036.5778
39377,9298.0904,2808.1697
39378,9306.9371,2369.9855
39379,9310.8161,2602.6043
39380,9280.8225,2287.2477
39381,9305.0369,2997.9179
39382,9281.7725,2338.5594
39383,9279.808,2774.6001
39384,9305.4543,1996.036
39385,9296.2347,2541.1647
39386,9305.1685,3026.5645
39387,9316.9812,2015.1128
39388,9310.3852,2699.515
39389,9281.1432,2600.2245
39390,9279.8918,1905.7556
39391,9291.7108,2254.1786
39392,9293.8268,2813.5021
39393,9284.4725,2672.5066
39394,9283.229,2141.4388
39395,9321.1888,1957.7158
39396,9276.8778,2958.1049
39397,9302.9816,2485.8334
39398,9321.0858,2491.2129
39399,9287.3589,2287.608
39400,9308.5882,2236.7103
39401,9306.6934,2268.8659
39402,9292.0086,1926.6067
39403,9283.9361,2389.7071
39404,9285.808,2425.2138
39405,9314.0366,2201.367
39406,9317.1608,3027.5381
39407,9299.1139,2421.0485
39408,9299.1762,2559.5161
39409,9312.6598,2167.1997
39410,9314.9578,2151.4565
39411,9320.6603,2192.8345
39412,9292.4856,2368.034
39413,9288.3307,2492.2659
39414,9298.768,2584.2532
39415,9312.2784,2549.5249
39416,9292.7729,2687.5168
39417,9286.4329,2849.095
39418,9282.8024,2580.8305
39419,9323.9481,2300.5983
39420,9288.9301,2077.8503
39421,9295.08,1981.7312
39422,9306.3576,2110.7477
39423,9320.3087,2777.4501
39424,9313.5999,2604.8713
39425,9288.3725,2683.3445
39426,9325.4749,3039.2325
39427,9319.3698,2660.2813
39428,9315.0076,2909.5154
39429,9319.3242,2084.4099
39430,9313.2179,2300.6756
39431,9316.0377,2335.0453
39432,9291.0044,2185.3225
39433,9317.2992,2767.045
39434,9312.5714,2626.3627
39435,9301.4269,1965.7144
39436,9325.4287,2432.6607
39437,9310.4883,2674.7849
39438,9302.5618,1953.0439
39439,9314.8616,2396.5258
39440,9291.5844,2318.4106
39441,9304.7365,2100.9907
39442,9329.8591,2484.8037
39443,9308.9193,2205.7943
39444,9319.0488,2919.2994
39445,9308.6049,2808.2248
39446,9312.1678,2672.8966
39447,9316.7611,2881.4305
39448,9334.3945,2572.3805
39449,9309.448,2146.2761
39450,9316.4154,2075.8247
39451,9334.708,2784.8187
39452,9296.2716,2634.3842
39453,9334.2546,2603.3741
39454,9297.3457,2687.4267
39455,9314.2604,2783.2766
39456,9318.4806,2343.5188
39457,9314.9757,2877.2927
39458,9321.0244,2215.0481
39459,9317.3344,2157.0161
39460,9323.8108,3060.1317
39461,9329.344,3060.3588
39462,9296.3926,2652.0812
39463,9314.4481,2224.7042
39464,9307.9804,2476.2907
39465,9315.4403,2601.3514
39466,9312.2048,1940.1617
39467,9340.0221,2463.1703
39468,9310.366,2603.2756
39469,9307.2447,2317.935
39470,9327.9462,2041.1268
39471,9313.4012,2211.2721
39472,9332.3354,2323.645
39473,9324.0081,2561.8809
39474,9323.6986,2465.057
39475,9334.0228,2976.73
39476,9313.1447,2195.5088
39477,9305.1506,2457.3373
39478,9332.3358,2218.1712
39479,9304.9762,2964.6726
39480,9315.8628,2119.5273
39481,9311.6448,3019.4465
39482,9325.4881,2258.3858
39483,9343.8218,2578.5418
39484,9308.0724,1981.8072
39485,9336.843,2005.8928
39486,9306.5827,2550.0071
39487,9323.0757,2810.827
39488,9321.8679,2143.8624
39489,9344.6419,2887.1658
39490,9305.5221,2669.7441
39491,9340.871,2624.5995
39492,9331.5747,2237.3929
39493,9326.8265,1936.5392
39494,9335.0222,2528.0581
39495,9341.8832,2445.984
39496,9334.672,2545.3616
39497,9313.4266,2445.5775
39498,9304.9691,2454.3158
39499,9316.6572,2981.5217
39500,9322.0033,2206.3574
39501,9322.0843,2807.8471
39502,9342.2621,2330.8416
39503,9313.0414,2478.0204
39504,9305.8804,3052.4635
39505,9328.5497,2272.336
39506,9320.4195,2825.5567
39507,9352.4822,2921.5475
39508,9341.0386,2137.4107
39509,9323.7728,2704.3179
39510,9344.1959,3010.9846
39511,9325.0466,2221.6742
39512,9317.4883,2086.0194
39513,9328.6374,2339.8053
39514,9328.5794,2767.0382
39515,9311.9572,2788.6191
39516,9316.4996,2966.4183
39517,9317.0865,2107.7413
39518,9355.3559,2550.6343
39519,9326.9943,2264.6023
39520,9327.0084,2937.1305
39521,9323.3438,2866.6899
39522,9340.4323,2045.4551
39523,9325.2384,2813.0906
39524,9320.6682,2897.7913
39525,9347.7377,2873.035
39526,9356.2955,2794.8017
39527,9331.0535,2247.6047
39528,9347.8488,2227.0224
39529,9351.4429,1931.1499
39530,9338.5574,2624.3326
39531,9314.7451,2328.8855
39532,9339.4167,2406.6632
39533,9351.8194,2356.0058
39534,9342.7882,2911.066
39535,9321.992,2941.0825
39536,9357.6845,3021.1283
39537,9347.4964,2266.7992
39538,9352.1748,2665.9296
39539,9361.2716,2814.1436
39540,9344.4174,2442.0175
39541,9339.613,2059.9011
39542,9338.3201,2567.674
39543,9357.3316,2801.6663
39544,9351.326,2699.9227
39545,9353.5539,2082.6643
39546,9355.2701,1989.4565
39547,9331.7199,2647.7943
39548,9344.0944,2869.781
39549,9364.145,2819.6023
39550,9329.8992,2407.2
39551,9332.8469,2884.8033
39552,9360.012,2267.9115
39553,9356.5662,2220.5925
39554,9365.3615,3014.8067
39555,9356.8167,3016.6609
39556,9335.9887,2401.667
39557,9333.6196,2814.2886
39558,9345.1653,2046.2476
39559,9342.6729,1985.3474
39560,9346.8848,2202.5173
39561,9330.2822,2906.6208
39562,9328.1042,2048.9156
39563,9346.5165,2252.8351
39564,9342.2156,2257.5198
39565,9350.0507,2322.1855
39566,9337.5361,2020.559
39567,9342.931,3019.6524
39568,9364.8527,2543.7058
39569,9331.1948,2485.0124
39570,9341.1038,2834.3692
39571,9360.9234,2649.2073
39572,9362.9922,2418.0883
39573,9356.2957,2823.1297
39574,9329.4059,2984.9226
39575,9363.1794,2783.9374
39576,9348.2042,2207.1013
39577,9355.9052,2355.042
39578,9330.5453,2496.6542
39579,9347.7043,1965.6967
39580,9373.8355,2642.3492
39581,9373.7976,1997.6294
39582,9363.9501,2491.2983
39583,9360.6744,2527.2359
39584,9338.6455,2044.4834
39585,9359.9218,2121.1768
39586,9340.8449,2812.2019
39587,9340.8781,3025.1787
39588,9372.1111,2705.1927
39589,9356.0153,2162.2209
39590,9374.9755,2169.6324
39591,9377.5387,3058.4581
39592,9368.7928,2955.3388
39593,9338.9148,2840.0462
39594,9357.0052,2889.3425
39595,9379.7686,2165.937
39596,9354.2467,2735.5623
39597,9353.6665,2293.4804
39598,9372.6441,2252.8391
39599,9362.7174,2254.9482
39600,9339.8017,2930.2623
39601,9366.9295,3026.82
39602,9352.377,2706.0129
39603,9380.2822,1927.3359
39604,9344.7438,2845.5434
39605,9349.3662,2993.6805
39606,9385.4331,2344.852
39607,9375.4072,2495.1562
39608,9366.3222,2871.1998
39609,9354.0906,2267.4583
39610,9349.2367,2889.9677
39611,9360.3447,2901.8441
39612,9360.0618,2645.3835
39613,9346.9894,2336.7686
39614,9344.7072,2273.1496
39615,9373.7442,2520.0769
39616,9355.7676,2463.2627
39617,9364.7821,2268.8226
39618,9367.7102,2482.5458
39619,9371.067,1983.4699
39620,9374.786,1926.2805
39621,9357.3399,2115.3582
39622,9385.1644,1989.8938
39623,9365.2287,2736.8799
39624,9386.7041,2759.7857
39625,9348.5375,2895.827
39626,9369.7119,3078.9257
39627,9393.7451,2241.4403
39628,9375.4759,1954.73
39629,9351.1746,2054.4334
39630,9379.4584,2657.2956
39631,9376.3929,2688.7204
39632,9393.6051,2150.1603
39633,9398.3021,2139.1665
39634,9355.9324,3058.0039
39635,9385.1234,2293.4696
39636,9371.5754,2436.3222
39637,9389.8996,1951.0171
39638,9355.548,2298.8688
39639,9388.454,2994.4202
39640,9378.3409,2030.3172
39641,9365.1183,2458.6788
39642,9392.8291,2430.3253
39643,9398.2734,2218.1523
39644,9395.5747,2221.3655
39645,9368.483,3037.6674
39646,9366.441,2990.9691
39647,9371.5691,2170.942
39648,9402.969,1948.2733
39649,9382.7552,2841.1522
39650,9390.6415,2887.1743
39651,9378.9892,1948.0225
39652,9386.7618,2919.9931
39653,9391.5535,2757.6961
39654,9384.3955,2704.7719
39655,9390.621,2089.0899
39656,9394.0596,2569.6352
39657,9386.7748,1963.8254
39658,9396.9911,2089.0311
39659,9380.8323,3075.5151
39660,9397.5859,2267.3281
39661,9371.7344,1915.3073
39662,9407.0652,2386.6705
39663,9402.1212,2448.9696
39664,9408.8218,2343.319
39665,9379.7335,2986.0876
39666,9397.6473,2356.6035
39667,9373.2601,2526.9531
39668,9404.561,1967.8148
39669,9399.2626,2047.1399
39670,9381.3161,1945.3627
39671,9411.9745,2401.2374
39672,9381.234,2897.5178
39673,9400.2863,2754.6637
39674,9404.4838,2790.5154
39675,9398.0246,2788.7562
39676,9412.1294,2897.9728
39677,9384.6852,2897.5756
39678,9401.9892,2034.0036
39679,9381.1872,2511.2323
39680,9410.7893,3023.5744
39681,9378.8857,1988.9932
39682,9398.0965,2924.9571
39683,9406.3747,2781.6235
39684,9392.0553,2039.8441
39685,9417.7659,2742.8259
39686,9403.2638,2783.4739
39687,9390.64,1950.8394
39688,9384.0366,2520.2921
39689,9403.993,2739.3361
39690,9396.9127,2962.3273
39691,9395.5685,3005.9309
39692,9418.8002,2138.2926
39693,9388.6271,2237.8033
39694,9421.7069,2339.3444
39695,9395.9508,2864.7891
39696,9402.9204,2116.7818
39697,9398.614,2585.6086
39698,9385.9584,2597.0378
39699,9427.3795,2690.0321
39700,9395.5891,2285.81
39701,9387.3482,2059.2887
39702,9422.7673,2889.0477
39703,9409.8149,2264.2365
39704,9401.3789,3078.5124
39705,9409.8898,3092.339
39706,9404.1823,2384.9347
39707,9394.2465,2979.8664
39708,9404.2451,2461.199
39709,9402.6189,2393.4751
39710,9390.1367,2818.4034
39711,9417.6667,2753.0051
39712,9412.023,3071.532
39713,9425.2771,2881.2891
39714,9401.7065,2370.0046
39715,9430.799,1958.042
39716,9420.5447,2092.754
39717,9400.0811,2608.0107
39718,9415.4621,2118.4899
39719,9417.8853,2979.2836
39720,9401.3307,1909.5897
39721,9398.4546,2189.674
39722,9414.8335,2942.3407
39723,9404.6329,2588.4351
39724,9435.5825,2725.7851
39725,9424.3251,2630.4369
39726,9404.7808,2827.8786
39727,9406.1069,3024.2594
39728,9424.4253,2443.5306
39729,9396.4969,2949.6008
39730,9419.0826,2505.4602
39731,9421.119,2771.3752
39732,9427.53,3041.6313
39733,9422.5265,2785.0735
39734,9444.0025,2797.2353
39735,9436.898,2048.8026
39736,9429.4108,2202.5038
39737,9428.9465,2764.5343
39738,9406.5573,2567.5693
39739,9418.4761,2962.4864
39740,9432.2655,2372.8703
39741,9433.5964,2105.0285
39742,9442.4558,2779.2314
39743,9444.454,2491.3469
39744,9431.025,2099.5172
39745,9440.4502,2798.6752
39746,9404.8573,2025.7526
39747,9450.1276,2551.8183
39748,9449.3131,2806.5328
39749,9409.4741,2297.1827
39750,9434.3955,2294.5682
39751,9438.2699,2932.9143
39752,9441.1055,2744.882
39753,9438.7282,2605.9252
39754,9441.5359,2232.1976
39755,9412.4749,2631.3871
39756,9453.1327,2812.6528
39757,9418.246,2174.6034
39758,9411.4851,2037.1355
39759,9419.1216,2067.3129
39760,9452.5279,2015.9438
39761,9413.1813,3061.1178
39762,9437.8519,2236.7243
39763,9449.1978,2225.2842
39764,9430.9972,2856.381
39765,9453.0578,2062.9517
39766,9424.0992,2500.5136
39767,9447.1249,2588.2803
39768,9457.3538,2296.8893
39769,9462.0566,2750.8924
39770,9451.1474,2232.3381
39771,9439.4605,2743.0728
39772,9433.5223,2004.8586
39773,9417.8391,2189.8576
39774,9432.6363,2563.1263
39775,9464.5298,2107.2189
39776,9444.2414,3085.1949
39777,9438.6048,2731.8607
39778,9459.508,2536.9719
39779,9443.9046,2475.0807
39780,9426.8672,2358.1387
39781,9423.9709,1918.1412
39782,9467.9271,1975.6484
39783,9429.0601,2945.6731
39784,9452.4869,2868.7161
39785,9437.6065,2100.0907
39786,9430.7354,2268.882
39787,9453.9666,3104.3248
39788,9462.6784,3073.1477
39789,9426.6392,2937.7334
39790,9453.3454,2462.4025
39791,9462.0206,2326.1085
39792,9447.2985,2293.1234
39793,9449.5054,2097.1431
39794,9474,2846.3102
39795,9467.0944,2238.3028
39796,9456.6842,2160.9248
39797,9471.0797,3042.0331
39798,9450.7108,2527.3103
39799,9474.1178,2385.0644
39800,9436.5881,2912.3693
39801,9442.1426,2564.3362
39802,9434.5702,2212.9409
39803,9451.9262,2288.2883
39804,9435.2948,3074.7499
39805,9468.6465,2372.6684
39806,9442.4616,2411.4753
39807,9457.5291,2317.3374
39808,9437.4753,2601.8153
39809,9437.7694,2054.4447
39810,9451.3459,2064.9665
39811,9460.4094,2746.2791
39812,9467.0274,1966.7169
39813,9442.4261,2710.7217
39814,9447.0405,2644.5135
39815,9452.5506,3082.3566
39816,9464.896,2608.6318
39817,9470.8884,2386.2614
39818,9461.869,2776.1045
39819,9453.3421,2862.4647
39820,9477.0594,2472.0774
39821,9488.4874,3054.1182
39822,9458.7398,2662.0142
39823,9470.1519,2813.3391
39824,9462.2921,2342.5308
39825,9473.9291,2939.6618
39826,9449.6893,2767.2704
39827,9451.3002,2895.5051
39828,9462.0441,2613.6608
39829,9474.3493,2019.0652
39830,9451.355,2977.9031
39831,9479.7649,2088.9227
39832,9497.8299,2850.88
39833,9473.5749,2470.7846
39834,9494.7465,2104.5167
39835,9463.8672,2889.4448
39836,9485.4313,1941.0181
39837,9475.302,2599.6575
39838,9479.5412,2786.256
39839,9483.4454,3112.0119
39840,9462.0102,2383.9893
39841,9484.2145,3012.953
39842,9489.4819,2994.684
39843,9483.5462,2430.069
39844,9486.0446,3010.9246
39845,9486.8147,2679.0504
39846,9465.2024,3107.8432
39847,9490.5574,2507.848
39848,9483.8438,2667.1198
39849,9462.6166,2451.1586
39850,9505.5202,2143.9578
39851,9466.7117,3099.5024
39852,9496.1159,2889.8715
39853,9497.1949,2118.2877
39854,9486.3581,2625.7375
39855,9467.7834,2165.8582
39856,9506.5082,2641.3957
39857,9476.0252,2272.7715
39858,9466.301,2970.6017
39859,9479.1526,3046.2149
39860,9468.7419,2923.7357
39861,9509.9542,2186.0714
39862,9470.7342,2934.067
39863,9514.6882,2943.2077
39864,9504.5477,3004.7568
39865,9514.4294,2811.1544
39866,9503.3195,2102.7108
39867,9475.8182,1958.0924
39868,9518.1128,2766.9011
39869,9496.0813,2223.5436
39870,9474.6862,2329.9201
39871,9512.7677,2687.0672
39872,9490.08,2745.5912
39873,9482.1339,2289.7335
39874,9476.0911,2727.2265
39875,9481.0179,2719.5315
39876,9492.578,2368.216
39877,9487.233,2204.1263
39878,9501.1938,3019.4726
39879,9497.6491,2958.3493
39880,9519.8797,2297.0309
39881,9480.9784,2287.074
39882,9493.4146,2506.8141
39883,9507.6518,2757.5727
39884,9504.5538,2057.7202
39885,9486.2015,2194.7222
39886,9495.6331,2670.5028
39887,9502.2533,1980.557
39888,9523.7812,2399.5603
39889,9525.4523,2395.9131
39890,9504.0031,2498.6851
39891,9503.6134,2609.9539
39892,9492.8966,2154.1894
39893,9492.79,2767.7764
39894,9501.1503,3104.4998
39895,9514.1035,2087.5193
39896,9516.1679,2576.9707
39897,9494.1384,2469.9715
39898,9495.0802,2284.8842
39899,9493.0721,2080.1727
39900,9514.6817,2070.6217
39901,9518.3657,2515.2233
39902,9528.1413,2927.5506
39903,9531.2914,2086.0676
39904,9511.2254,2266.4022
39905,9539.7711,2116.4584
39906,9517.4397,2100.9872
39907,9514.6239,2345.5854
39908,9526.9718,3045.9661
39909,9522.8342,2093.7822
39910,9545.7472,2076.7472
39911,9535.4129,3117.5699
39912,9525.3161,2970.4045
39913,9521.5908,2930.3576
39914,9504.684,3101.7008
39915,9507.5757,1999.17
39916,9542.8962,2897.9162
39917,9540.5335,2538.3502
39918,9543.5188,3006.8623
39919,9525.8045,2731.8192
39920,9514.3482,3115.9189
39921,9528.7616,2191.6482
39922,9551.9121,2604.4599
39923,9547.1161,3033.0984
39924,9519.661,2011.8115
39925,9509.5976,2285.2185
39926,9550.4591,2711.6975
39927,9541.0113,2693.5665
39928,9553.1111,2788.5105
39929,9526.1571,1953.4854
39930,9532.6713,2909.9737
39931,9517.7494,2825.9512
39932,9535.9701,2989.7878
39933,9543.4062,3057.4461
39934,9549.1225,2198.4268
39935,9543.8072,2371.058
39936,9520.6188,2027.5803
39937,9543.4563,2074.5332
39938,9561.7763,3010.083
39939,9565.4279,3005.0892
39940,9562.6341,2860.9498
39941,9548.6184,2397.5768
39942,9534.5037,2795.5383
39943,9520.7053,3083.568
39944,9539.0877,2671.8362
39945,9557.9274,1975.2619
39946,9557.232,2542.8936
39947,9548.3702,2713.3816
39948,9550.7171,2411.7027
39949,9526.901,2802.8024
39950,9535.1863,2120.3042
39951,9529.8971,2653.2239
39952,9555.9839,2612.3472
39953,9531.3104,2867.4015
39954,9531.8189,2113.0362
39955,9553.6992,2718.8281
39956,9552.3423,1987.6387
39957,9564.5225,3134.4332
39958,9572.341,2585.1781
39959,9543.1171,2483.7587
39960,9554.0617,3131.5258
39961,9534.7851,2054.9195
39962,9544.85,2316.0192
39963,9561.1158,2963.2881
39964,9555.2587,3064.9351
39965,9569.4656,2479.9342
39966,9578.9103,2071.7398
39967,9538.6476,2089.3513
39968,9575.2885,2628.6966
39969,9581.2857,2484.97
39970,9544.1922,2830.7646
39971,9558.8507,2582.4874
39972,9579.7705,2815.593
39973,9585.374,2711.0546
39974,9547.8717,3052.7883
39975,9558.6961,2586.1036
39976,9578.8137,2242.7538
39977,9556.9734,2035.7014
39978,9586.0369,2722.1346
39979,9578.9229,2609.3954
39980,9573.1089,2217.4578
39981,9547.5874,2913.7156
39982,9550.8047,2061.1426
39983,9587.6435,3002.254
39984,9589.1714,3139.0744
39985,9553.9234,3054.2853
39986,9569.4592,2913.6302
39987,9592.2816,2578.939
39988,9574.4764,3057.1067
39989,9565.2107,3102.2265
39990,9568.8244,2586.7158
39991,9570.532,3063.7659
39992,9557.2106,2806.6792
39993,9563.0067,2863.9126
39994,9559.7773,2766.9784
39995,9560.0216,2141.1583
39996,9591.904,2669.2135
39997,9574.8328,2467.7388
39998,9564.1836,2692.9159
39999,9590.0204,2408.8726
40000,9560.3289,2106.3677
40001,9562.1592,2740.6165
40002,9577.5677,2112.8278
40003,9562.9048,2294.9697
40004,9574.7503,2563.5464
40005,9591.6558,2185.3376
40006,9566.8231,2961.8546
40007,9584.1583,2800.3311
40008,9606.1052,2562.3146
40009,9604.6381,2174.3486
40010,9611.2079,2809.0096
40011,9612.3387,2540.2923
40012,9579.8512,3057.5545
40013,9592.1212,2390.0171
40014,9573.034,2745.8774
40015,9591.3983,2456.4758
40016,9596.0188,3070.3299
40017,9596.0034,2232.1891
40018,9610.9326,2447.739
40019,9581.5994,2571.192
40020,9618.6412,2669.409
40021,9584.6089,2639.1401
40022,9576.9134,2485.7983
40023,9620.1755,2672.6271
40024,9612.0501,3098.5379
40025,9626.2392,1959.4938
40026,9610.339,2683.9658
40027,9615.6946,3042.7989
40028,9600.2587,2514.4853
40029,9607.0545,2993.3335
40030,9586.0765,2203.4202
40031,9615.4044,2389.8968
40032,9596.8872,2227.3561
40033,9607.9472,2504.4202
40034,9598.2514,2609.3887
40035,9588.4974,2977.0276
40036,9619.8601,2364.3325
40037,9632.4705,2562.8291
40038,9601.5283,2862.6839
40039,9635.8616,3154.623
40040,9633.6683,2188.2879
40041,9603.4453,2915.2412
40042,9616.6405,2598.7838
40043,9621.1756,2091.475
40044,9614.8744,3049.571
40045,9610.3102,2438.0923
40046,9603.9541,2143.0624
40047,9607.9064,2475.4003
40048,9596.6043,3011.2197
40049,9611.2113,2590.1433
40050,9639.8987,2539.005
40051,9612.5948,2001.9431
40052,9609.2953,2021.3652
40053,9601.8898,2324.5973
40054,9637.1977,2481.7247
40055,9629.0754,2366.5649
40056,9610.9689,2383.3062
40057,9634.4943,3062.5217
40058,9616.3427,2816.4005
40059,9606.1611,2653.2796
40060,9627.1058,2145.017
40061,9649.3862,2449.022
40062,9633.8867,2677.621
40063,9611.6158,2698.673
40064,9654.0674,3136.2501
40065,9624.4433,2558.3839
40066,9634.1175,2526.0771
40067,9641.869,2908.5007
40068,9620.7238,2496.6462
40069,9654.4641,2152.1518
40070,9620.7018,2385.1801
40071,9631.1134,2689.6594
40072,9618.2545,2494.8597
40073,9630.529,2820.2554
40074,9654.4494,3040.6128
40075,9627.8441,2228.8022
40076,9659.9824,2431.8837
40077,9639.5577,2868.8761
40078,9619.9545,1989.5483
40079,9656.947,2462.8102
40080,9649.5016,2061.4535
40081,9654.7736,2577.6121
40082,9648.884,2248.1158
40083,9637.3981,2795.8601
40084,9658.8394,2349.1479
40085,9664.1963,3079.4183
40086,9628.2143,2864.8227
40087,9665.9121,2579.7306
40088,9667.7371,2876.7265
40089,9667.1951,2132.3814
40090,9638.3398,2022.1026
40091,9660.9627,2208.1739
40092,9669.3296,2891.6379
40093,9635.8515,2232.0638
40094,9653.3274,2590.1789
40095,9652.4248,2807.8704
40096,9633.43,2693.6034
40097,9659.1353,2200.888
40098,9647.9034,2350.1295
40099,9657.5178,2567.1033
40100,9651.8419,2618.2228
40101,9673.6915,2630.448
40102,9683.117,3115.3701
40103,9666.7595,2701.8818
40104,9676.6358,2484.7685
40105,9654.9298,2951.5146
40106,9670.7364,3048.2891
40107,9664.2669,2521.1008
40108,9688.9492,2939.3723
40109,9645.6632,2641.9495
40110,9658.421,2922.8821
40111,9673.311,2434.7498
40112,9677.4067,2931.3023
40113,9657.2485,2140.9217
40114,9661.8346,2187.5996
40115,9665.1799,2318.4208
40116,9684.6986,2554.6858
40117,9658.4504,3081.8668
40118,9685.8529,2443.8243
40119,9686.8299,2470.7665
40120,9667.4598,2524.6579
40121,9686.7762,3053.2047
40122,9692.4562,2197.8976
40123,9670.686,2900.6568
40124,9696.3347,2708.6137
40125,9703.6813,2511.1397
40126,9658.4551,3051.065
40127,9689.459,2933.8307
40128,9675.4907,2600.3007
40129,9672.6883,2123.7645
40130,9699.4688,2623.614
40131,9709.5794,2639.9421
40132,9693.6257,2059.6735
40133,9663.7851,2668.6962
40134,9678.7771,2517.588
40135,9708.7684,2922.1103
40136,9698.7119,2781.6099
40137,9690.482,2257.3855
40138,9698.8559,2763.4704
40139,9669.08,3045.8847
40140,9698.5126,3083.1989
40141,9693.5939,2611.1094
40142,9686.8697,2427.2216
40143,9689.4506,2550.5025
40144,9700.5747,2574.0063
40145,9675.5202,2880.1342
40146,9721.3344,2911.9069
40147,9714.7648,2767.0602
40148,9702.5323,3033.6821
40149,9697.1212,2821.4045
40150,9691.7854,2379.2639
40151,9706.3414,2013.7706
40152,9705.9864,2280.8146
40153,9694.8721,2976.9964
40154,9703.7466,2547.8127
40155,9695.1088,2802.4954
40156,9698.278,2422.0571
40157,9712.8648,2934.0893
40158,9685.6355,2959.1284
40159,9724.3932,3135.9543
40160,9725.4733,2464.5528
40161,9689.8412,2526.5011
40162,9722.1756,2195.1181
40163,9725.8393,2638.3983
40164,9699.932,2183.9384
40165,9703.7239,2218.3652
40166,9724.452,2752.9239
40167,9726.2399,3002.5732
40168,9724.5482,3096.4014
40169,9739.2499,3186.2268
40170,9719.2407,2764.4898
40171,9707.3884,2014.1547
40172,9731.4914,3156.6412
40173,9721.0988,3034.7431
40174,9728.6986,3119.1831
40175,9716.8557,2977.6976
40176,9739.4679,2019.9663
40177,9704.0902,2864.4015
40178,9733.3807,3038.2356
40179,9736.8626,2557.343
40180,9707.0862,2097.0398
40181,9729.5296,2034.6921
40182,9746.3066,2607.3523
40183,9731.5111,2994.6631
40184,9736.0473,2148.1068
40185,9714.4195,2477.5144
40186,9728.2289,2417.5193
40187,9737.9656,3171.5795
40188,9711.6464,2678.4669
40189,9718.2219,2901.3457
40190,9751.5025,3145.802
40191,9715.3764,3062.7912
40192,9742.2279,2073.0356
40193,9745.0189,2889.385
40194,9762.0625,2627.1182
40195,9744.2709,2586.2237
40196,9752.8723,3072.8204
40197,9744.6303,2256.6903
40198,9739.8334,2720.4575
40199,9723.0171,2488.6272
40200,9756.8944,2563.0326
40201,9736.6097,3012.1612
40202,9766.7672,2711.1752
40203,9727.5087,2863.8161
40204,9730.2893,2344.6959
40205,9761.3393,3203.0204
40206,9735.3632,2553.3956
40207,9774.7117,2499.6129
40208,9758.3977,2909.5049
40209,9755.6887,2286.5576
40210,9738.8144,2643.7335
40211,9756.0214,2849.8056
40212,9755.4751,2401.092
40213,9779.2888,2407.889
40214,9756.6038,2154.6185
40215,9781.0853,2346.8598
40216,9770.6382,2150.092
40217,9757.8289,2526.1973
40218,9749.647,3188.7797
40219,9738.2303,2524.4954
40220,9752.3072,2603.9845
40221,9782.5937,2105.9524
40222,9741.9623,2205.7068
40223,9773.5139,3080.1186
40224,9788.0469,2801.6012
40225,9768.3983,2726.6609
40226,9766.1815,2437.5176
40227,9775.4824,2861.5636
40228,9793.015,3019.0008
40229,9794.2186,2710.5207
40230,9756.9008,3182.8547
40231,9794.7734,2007.5448
40232,9775.7513,2555.3819
40233,9775.3678,3025.5727
40234,9775.0382,2861.8456
40235,9790.5441,2332.035
40236,9781.8583,1996.2672
40237,9759.5962,2806.1656
40238,9754.9202,2508.0294
40239,9803.128,2825.1971
40240,9756.9321,2618.62
40241,9798.2477,2748.4354
40242,9776.2909,2326.3943
40243,9781.4402,3181.6121
40244,9759.9028,2094.6498
40245,9773.1331,2881.8556
40246,9786.3551,2441.3339
40247,9788.784,2615.9584
40248,9785.6274,2889.8748
40249,9794.3026,2748.1664
40250,9794.675,2862.1357
40251,9813.9567,2026.3888
40252,9788.8366,2624.7784
40253,9815.5492,2573.9903
40254,9780.9881,2776.7025
40255,9804.2999,2355.1781
40256,9783.4935,2409.072
40257,9803.2828,2811.585
40258,9787.0815,2025.2539
40259,9815.4181,2665.446
40260,9812.5471,2550.361
40261,9792.6234,2592.4475
40262,9805.6216,3171.0662
40263,9778.8289,3010.3651
40264,9791.2553,2611.7562
40265,9792.2016,2032.2461
40266,9827.7772,3209.7593
40267,9793.4459,2489.2795
40268,9804.1777,2057.3655
40269,9825.7165,2532.7322
40270,9825.3381,2420.1399
40271,9798.7917,3080.5627
40272,9816.5942,2862.0202
40273,9819.0403,3112.5695
40274,9787.2881,2517.827
40275,9830.2737,2998.2566
40276,9801.9178,3036.4169
40277,9818.3515,2675.1082
40278,9817.2229,2361.6419
40279,9793.1914,2702.938
40280,9801.9322,2463.6829
40281,9824.4411,2305.6555
40282,9815.3026,2343.876
40283,9833.2774,2348.9884
40284,9834.7625,3166.1274
40285,9807.9147,2579.6531
40286,9836.2226,2936.5713
40287,9847.4014,2381.2375
40288,9818.0412,2931.7422
40289,9810.5984,2281.4389
40290,9804.7363,2449.4341
40291,9814.3478,2246.4676
40292,9833.8099,2432.3736
40293,9818.2184,2436.7303
40294,9837.7162,2017.9868
40295,9827.0381,2194.3948
40296,9841.057,2834.2531
40297,9831.4128,2684.5185
40298,9822.0794,2498.6991
40299,9829.0044,3229.162
40300,9850.2134,3159.4553
40301,9819.3699,2095.9648
40302,9859.1078,2317.6142
40303,9815.6716,2897.792
40304,9851.1504,2978.5176
40305,9817.2163,2694.1929
40306,9839.9891,2745.1638
40307,9852.1665,2005.5477
40308,9820.6223,2164.7996
40309,9828.0405,2640.5191
40310,9829.5957,2514.8398
40311,9866.2892,2609.037
40312,9860.073,2340.176
40313,9861.2239,2618.8326
40314,9840.9699,3168.4861
40315,9840.1961,3032.3477
40316,9831.951,2341.8626
40317,9850.7599,2291.7972
40318,9840.4972,2127.1759
40319,9856.6716,2993.2184
40320,9833.4032,2049.6098
40321,9838.8282,3128.1266
40322,9854.4836,2075.5101
40323,9871.2567,3115.3365
40324,9858.3735,2091.5824
40325,9851.4482,2030.3863
40326,9857.824,2612.9438
40327,9886.476,2179.1472
40328,9860.2105,2509.9186
40329,9859.4632,3086.078
40330,9884.2101,2564.5666
40331,9860.4835,2655.0471
40332,9868.7539,3084.2215
40333,9862.1845,2893.2071
40334,9889.3503,3144.2886
40335,9852.9388,3091.3313
40336,9892.7172,2074.2673
40337,9878.8763,3222.3508
40338,9854.1361,2981.3045
40339,9885.413,2414.8895
40340,9866.5343,3105.5309
40341,9898.4058,3098.2186
40342,9896.8674,3110.3484
40343,9892.7281,2475.0221
40344,9902.4471,3043.986
40345,9893.3143,2790.6045
40346,9860.581,2052.4885
40347,9864.5744,2385.9945
40348,9892.3439,2138.4614
40349,9866.183,3181.094
40350,9884.9379,3144.7005
40351,9868.8303,3182.3928
40352,9876.6256,2603.6833
40353,9876.3538,3052.2024
40354,9884.2241,2924.5912
40355,9882.6903,2111.8427
40356,9884.3098,2222.338
40357,9901.8087,2712.4597
40358,9886.7828,2706.8314
40359,9901.9638,3059.2407
40360,9905.4135,2868.6463
40361,9886.4684,2170.6792
40362,9902.2204,2580.4384
40363,9913.7952,2968.8063
40364,9897.9658,2970.2321
40365,9902.2342,2545.4069
40366,9904.398,2816.9008
40367,9878.7397,2361.754
40368,9883.2754,2380.611
40369,9900.51,2345.7221
40370,9916.461,2970.9447
40371,9881.4621,2782.4693
40372,9916.3191,2649.4762
40373,9921.1536,3207.5601
40374,9884.4677,3085.2502
40375,9888.9812,2285.3265
40376,9931.2293,2104.2143
40377,9920.6881,2728.0355
40378,9901.0744,2741.1321
40379,9916.1199,2402.9611
40380,9938.818,2807.0365
40381,9908.0142,2331.2688
40382,9938.8361,2272.306
40383,9938.1656,2173.2227
40384,9926.1224,2927.5088
40385,9899.3723,2266.6404
40386,9925.5584,2664.151
40387,9911.7093,2541.7545
40388,9903.183,2989.3007
40389,9907.1094,3096.6595
40390,9934.9912,2601.6577
40391,9936.5285,3177.7571
40392,9939.26,2289.6363
40393,9923.9142,2901.2554
40394,9946.0728,2851.0486
40395,9938.5969,2614.2839
40396,9952.288,2786.315
40397,9939.3808,2212.0267
40398,9941.5842,2761.7983
40399,9935.5345,2539.4313
40400,9937.3972,2813.4437
40401,9932.7127,2080.327
40402,9946.3878,2026.008
40403,9926.2198,2767.1658
40404,9945.7867,2261.6335
40405,9954.7772,3140.6113
40406,9937.7234,3009.5716
40407,9964.8143,2288.3564
40408,9949.6283,2404.3985
40409,9927.1172,2887.0697
40410,9930.5882,2963.0086
40411,9960.7726,2127.9111
40412,9969.3539,2927.6163
40413,9960.4091,3029.4348
40414,9927.3928,2399.0623
40415,9970.8607,3186.361
40416,9956.753,2418.2237
40417,9936.268,3235.4206
40418,9943.0923,3163.0928
40419,9930.9868,2770.3681
40420,9947.8272,3258.9273
40421,9951.9125,3176.0733
40422,9939.4442,2451.7687
40423,9959.0781,2484.3985
40424,9983.0222,2897.2003
40425,9964.0621,2126.3593
40426,9955.1255,2996.8071
40427,9944.2631,3056.1946
40428,9947.6195,2517.1083
40429,9947.7608,2542.9852
40430,9942.2418,2532.382
40431,9964.0339,3040.1919
40432,9951.1171,2730.6434
40433,9979.6938,2623.3445
40434,9947.1791,3116.2852
40435,9994.4527,3252.95
40436,9957.7133,2730.2685
40437,9955.5997,2834.2572
40438,9955.1082,3077.9442
40439,9964.9289,3078.8704
40440,9985.3076,2159.6718
40441,9975.6435,2682.1359
40442,10000.5775,2170.9269
40443,9981.8038,2446.8793
40444,10003.6663,2104.9985
40445,9990.6948,2512.3799
40446,9991.6055,2944.7044
40447,9969.7471,3070.2124
40448,9976.3131,2863.5323
40449,9991.0302,2262.4583
40450,9973.8463,2186.1428
40451,10011.2762,2205.118
40452,10004.4749,2915.3054
40453,9979.5345,3239.4771
40454,10013.9143,2329.5659
40455,10004.7229,2634.2927
40456,10008.2769,2369.1429
40457,9977.1958,3124.9277
40458,10014.9732,2726.1006
40459,10014.8633,2780.2329
40460,10003.4375,3242.5162
40461,10011.8505,2713.992
40462,9981.9629,2580.8989
40463,9994.1994,2863.9885
40464,10023.0412,2976.2369
40465,10026.1632,2188.4889
40466,10007.4493,2694.7431
40467,10002.3359,2245.9035
40468,9999.0013,2414.8308
40469,10010.7882,3110.1818
40470,10018.1321,3044.2544
40471,10027.6914,2444.9679
40472,10009.0443,2061.6293
40473,10003.8986,2625.6239
40474,10033.8786,2701.3433
40475,10031.3701,2690.3862
40476,10005.4636,2777.9732
40477,10016.5317,3188.4529
40478,10025.7891,2127.8822
40479,10009.6496,2234.5538
40480,9996.7174,2163.4125
40481,10037.0151,2992.4062
40482,9997.9683,2043.09
40483,10033.8774,2974.9773
40484,10010.7739,3017.4581
40485,10003.1363,2061.1676
40486,10025.3853,3091.452
40487,10028.3235,3238.4449
40488,10031.5464,2502.3028
40489,10053.5341,3155.5274
40490,10006.6292,3071.9858
40491,10030.7658,3166.1175
40492,10021.2942,2230.6897
40493,10047.8041,3216.5834
40494,10036.2293,3215.0392
40495,10026.4839,3031.5956
40496,10049.9173,3000.1504
40497,10039.0026,2077.7462
40498,10056.1207,2338.4152
40499,10061.9825,3071.2538
40500,10023.7551,2159.3724
40501,10056.6562,2567.0921
40502,10033.9415,2231.2195
40503,10028.9314,2171.9439
40504,10060.8664,2981.9934
40505,10057.5814,3085.4497
40506,10065.7942,2211.7695
40507,10026.2977,2824.5708
40508,10032.6535,2422.1049
40509,10072.8459,2275.4287
40510,10071.8057,2749.1704
40511,10029.0631,2599.9194
40512,10061.0273,2554.2606
40513,10079.4006,3036.1811
40514,10075.1906,2415.5513
40515,10059.4576,2856.9282
40516,10079.673,2283.714
40517,10073.8239,2502.4957
40518,10036.7386,2628.8426
40519,10055.1025,2667.5805
40520,10073.1827,2584.8344
40521,10076.839,2582.5465
40522,10080.6603,2755.9745
40523,10091.7264,2743.5338
40524,10076.2181,3047.5201
40525,10053.4762,2268.2296
40526,10088.571,2204.1052
40527,10046.775,2946.4711
40528,10055.709,3300.9378
40529,10076.5535,2058.292
40530,10097.4223,2560.5125
40531,10089.2504,3168.8302
40532,10078.1866,2439.2389
40533,10098.6737,3183.695
40534,10087.2632,2283.0384
40535,10063.2598,2736.3005
40536,10072.6569,2991.5387
40537,10100.7453,2290.5177
40538,10075.566,3206.0837
40539,10088.6085,2192.376
40540,10080.3725,2820.1131
40541,10070.4521,2721.077
40542,10080.2234,3200.3986
40543,10110.4296,2358.1002
40544,10112.1747,2442.7428
40545,10110.7554,2447.6051
40546,10112.0538,3183.8133
40547,10114.217,2995.2744
40548,10115.9004,2365.1161
40549,10086.0909,2834.1442
40550,10101.645,2380.6215
40551,10080.8863,2894.4406
40552,10117.874,3245.3244
40553,10114.4965,2790.3469
40554,10123.0046,2250.1584
40555,10085.9072,3250.3674
40556,10096.1049,3294.0296
40557,10108.4862,3015.2641
40558,10107.5206,2578.7042
40559,10088.116,2550.6996
40560,10133.1804,2786.6985
40561,10123.9305,2304.5857
40562,10122.5336,3109.2648
40563,10137.9397,2895.5693
40564,10094.7596,2053.7604
40565,10096.3104,3082.2287
40566,10103.9158,2864.423
40567,10106.9838,2391.3397
40568,10110.8526,2609.942
40569,10097.5557,2099.1549
40570,10115.183,2346.8599
40571,10124.0003,2606.9452
40572,10129.7854,3323.5181
40573,10113.8793,3289.7962
40574,10141.8661,2609.9609
40575,10104.644,3055.6195
40576,10114.2498,2900.5718
40577,10115.7484,2234.9951
40578,10139.3542,2766.2524
40579,10141.6465,2290.3563
40580,10110.6183,2612.9551
40581,10127.3725,2228.5143
40582,10157.6703,2223.7512
40583,10152.0731,3094.9531
40584,10119.116,2404.6072
40585,10160.4723,3085.6038
40586,10127.674,3170.0454
40587,10156.8063,2293.484
40588,10132.2501,2300.3877
40589,10129.2691,3159.552
40590,10161.0853,2776.7029
40591,10121.1885,3202.0226
40592,10166.9738,2457.2261
40593,10169.4433,2239.3805
40594,10157.0608,2773.8165
40595,10133.5515,2535.8682
40596,10152.8995,3170.0987
40597,10126.6579,2481.4713
40598,10167.3932,3037.286
40599,10134.2036,3313.4268
40600,10148.5148,2979.5497
40601,10134.911,2576.1898
40602,10181.5301,2584.9393
40603,10137.364,2456.4843
40604,10143.3679,2119.5269
40605,10148.9307,2717.1807
40606,10160.5569,3066.6035
40607,10180.5229,2857.0528
40608,10184.2976,2857.2778
40609,10149.7657,2509.4274
40610,10156.5349,3005.8358
40611,10156.5862,2583.1726
40612,10153.5915,2483.1019
40613,10179.5754,2264.6939
40614,10170.9613,2701.4841
40615,10196.3822,2188.8609
40616,10161.5538,3326.3175
40617,10185.2687,2315.4221
40618,10178.5939,2764.0967
40619,10183.6645,2639.1354
40620,10160.3219,3135.1981
40621,10188.5757,3077.5473
40622,10179.8111,2737.2028
40623,10205.5588,2887.87
40624,10207.7509,2192.1556
40625,10195.5701,2293.1457
40626,10187.7405,2205.0164
40627,10179.3806,3255.5455
40628,10196.998,2504.0653
40629,10174.9233,3199.9903
40630,10212.7546,2348.553
40631,10179.1101,2365.7046
40632,10211.5168,2198.2333
40633,10199.968,2950.569
40634,10174.9731,2932.8538
40635,10192.094,3305.0421
40636,10207.3715,2400.0278
40637,10182.8175,3160.4306
40638,10213.8869,2536.7047
40639,10195.2993,3165.1048
40640,10192.0391,2943.3467
40641,10204.0845,3303.5199
40642,10201.687,2297.5981
40643,10209.149,2930.7053
40644,10227.1244,2312.0967
40645,10220.3106,3323.653
40646,10197.1111,2897.2102
40647,10232.8811,3255.0002
40648,10236.2841,2464.6787
40649,10219.3742,2862.2666
40650,10231.8964,3189.8972
40651,10219.27,2097.3427
40652,10232.4427,3309.9329
40653,10192.5017,3025.8091
40654,10227.0322,2827.0506
40655,10195.535,2860.4652
40656,10218.1926,3336.0036
40657,10242.2965,2366.8971
40658,10227.9884,3081.1394
40659,10200.0449,2406.0096
40660,10232.4812,3233.4269
40661,10246.0191,2185.8165
40662,10203.9588,2267.9921
40663,10240.577,3249.2756
40664,10241.3927,3326.5806
40665,10253.0427,3021.3178
40666,10257.5502,2287.4673
40667,10244.8546,3186.5805
40668,10240.9707,2738.9451
40669,10240.4754,2800.1629
40670,10223.8561,2108.1768
40671,10226.2051,3249.7731
40672,10262.8237,3051.9544
40673,10247.1047,3120.8827
40674,10240.1964,3067.4324
40675,10220.3107,3102.2996
40676,10264.5967,2808.0654
40677,10248.2725,3327.5065
40678,10252.2709,3347.3633
40679,10246.8286,2955.5023
40680,10250.9751,3313.176
40681,10225.5123,2458.6978
40682,10274.4558,3271.0838
40683,10235.1113,2179.7602
40684,10229.1455,2634.7605
40685,10258.8026,3284.8009
40686,10236.3206,3343.6462
40687,10272.4521,3307.7869
40688,10237.0522,2734.4508
40689,10256.8943,2899.577
40690,10256.9723,2397.3247
40691,10244.2379,2866.9619
40692,10289.853,3198.2109
40693,10262.4245,2478.7881
40694,10247.5783,3281.7079
40695,10279.8916,2620.1
40696,10282.8969,3163.8387
40697,10266.2038,2567.5646
40698,10264.4847,3215.8416
40699,10265.1806,3282.9897
40700,10249.4,3047.8806
40701,10286.4119,2765.2341
40702,10263.1315,3174.303
40703,10271.0815,3165.2909
40704,10299.5675,3210.8475
40705,10302.6044,3280.0599
40706,10298.1009,2498.222
40707,10303.0925,2272.752
40708,10271.369,3228.6994
40709,10302.9811,2704.2889
40710,10277.0997,2809.2768
40711,10296.6544,3357.4459
40712,10264.1323,2231.1162
40713,10281.0782,2490.1832
40714,10309.0623,3049.0892
40715,10312.2148,3322.1133
40716,10268.9576,3023.9706
40717,10292.5481,2534.5263
40718,10274.4349,2952.3257
40719,10306.3041,3292.0094
40720,10286.7829,2492.4695
40721,10274.8588,3032.6381
40722,10276.0748,2568.0655
40723,10301.1412,3189.8654
40724,10306.202,2707.6194
40725,10294.8343,2375.228
40726,10314.3308,2865.0347
40727,10306.055,3377.2822
40728,10304.8386,3096.4636
40729,10295.027,2316.8436
40730,10286.338,2177.5464
40731,10295.682,3233.9934
40732,10328.4606,3035.1529
40733,10300.0352,2112.2238
40734,10307.7504,2404.6513
40735,10303.5571,2381.16
40736,10332.0819,3330.1234
40737,10314.2973,2397.6784
40738,10337.6912,3022.6056
40739,10329.5804,2547.0369
40740,10328.7057,3034.9717
40741,10305.4176,3330.7001
40742,10334.0841,3242.902
40743,10348.3805,2218.6666
40744,10344.8157,2299.4543
40745,10337.4544,2121.8271
40746,10307.3176,2999.5212
40747,10326.9269,3077.2858
40748,10322.1123,2895.4025
40749,10346.6699,2810.5035
40750,10314.9677,2112.1734
40751,10315.8216,2981.3523
40752,10318.3746,3194.3674
40753,10317.8322,3205.8898
40754,10343.2279,2136.9832
40755,10336.0369,2213.8892
40756,10329.038,2755.9811
40757,10365.1103,3030.7689
40758,10334.1324,2166.3319
40759,10339.2636,2370.3127
40760,10365.0067,2438.089
40761,10369.0008,2442.0866
40762,10371.9277,2887.784
40763,10353.0244,2263.0206
40764,10374.4852,2147.7974
40765,10364.858,3334.4225
40766,10352.4719,3199.5917
40767,10352.8301,3002.8807
40768,10341.9226,2265.1705
40769,10362.2328,2181.9891
40770,10360.9585,2371.0806
40771,10347.7307,3226.5814
40772,10341.7503,2977.4204
40773,10337.703,2142.0201
40774,10372.0973,2972.6572
40775,10369.1719,3186.2426
40776,10358.6561,2518.1418
40777,10382.3264,3320.1881
40778,10380.2629,2954.3498
40779,10343.9439,3295.5675
40780,10384.2383,2135.8293
40781,10375.721,2198.4243
40782,10369.4646,3061.8144
40783,10352.7529,2347.1597
40784,10380.1538,2889.6577
40785,10370.1745,2979.6781
40786,10387.437,3212.6098
40787,10404.0294,3350.1182
40788,10386.426,2250.1548
40789,10392.1121,3268.3193
40790,10385.925,2907.1793
40791,10400.3238,2224.4122
40792,10410.558,3274.0827
40793,10371.5518,2805.6469
40794,10404.7249,3149.5722
40795,10365.1264,2610.0359
40796,10392.446,2907.6324
40797,10375.9377,2378.5186
40798,10384.5382,3156.794
40799,10373.0394,2405.9008
40800,10398.0676,3372.5335
40801,10378.6847,2977.9974
40802,10415.094,3071.9758
40803,10422.5066,3255.3767
40804,10383.8696,3103.1547
40805,10424.0813,2224.296
40806,10390.1638,3176.1749
40807,10419.1266,3325.0497
40808,10391.1802,2486.107
40809,10390.6637,2432.0541
40810,10408.9995,3082.4324
40811,10406.9708,3225.1478
40812,10411.4274,3066.5418
40813,10404.3909,2222.7796
40814,10396.9967,3411.3712
40815,10393.6527,3310.5838
40816,10417.0359,2811.6279
40817,10410.813,2305.8786
40818,10396.7308,2157.0035
40819,10424.3171,2548.3588
40820,10406.4385,2145.721
40821,10421.0666,3110.8743
40822,10397.6959,2849.3326
40823,10408.1253,2953.1077
40824,10438.8077,2150.8043
40825,10424.4374,2979.1172
40826,10445.3654,2651.0743
40827,10441.4576,2720.8049
40828,10431.6438,2430.974
40829,10429.4706,3006.6903
40830,10442.7835,2182.7894
40831,10417.9889,2126.9243
40832,10421.4988,2452.2735
40833,10441.6661,3151.8234
40834,10423.8757,2534.08
40835,10440.2474,2930.9011
40836,10429.9153,2883.3879
40837,10427.2278,2364.5994
40838,10423.7338,2437.3183
40839,10426.5779,2904.9548
40840,10443.0051,3013.3664
40841,10436.4964,3151.5624
40842,10434.2157,3162.3488
40843,10467.0521,2337.6021
40844,10441.3992,3365.2781
40845,10444.476,3179.7323
40846,10449.349,3056.9223
40847,10470.3901,3420.4538
40848,10449.5897,2703.9437
40849,10432.0444,2640.635
40850,10453.8575,2212.5423
40851,10478.109,3401.1455
40852,10475.3725,2220.5182
40853,10455.5494,2887.7714
40854,10471.751,2211.2777
40855,10453.7808,2991.6075
40856,10480.789,2867.3468
40857,10473.5243,2489.6075
40858,10458.3125,3081.2324
40859,10458.9689,2553.6624
40860,10467.1444,3345.2923
40861,10492.0183,3394.82
40862,10457.7707,2556.4438
40863,10486.1047,2854.6705
40864,10489.1665,2214.3076
40865,10485.1812,2329.2895
40866,10497.5846,2536.4061
40867,10468.4862,2152.1722
40868,10485.6394,3224.6551
40869,10476.0257,2280.289
40870,10477.7145,2188.7257
40871,10476.94,3185.7629
40872,10507.0673,2449.7433
40873,10458.1288,3012.0672
40874,10469.084,2988.4963
40875,10477.1747,3397.7252
40876,10491.1853,3318.5224
40877,10485.116,3251.1475
40878,10480.0296,2670.0195
40879,10465.741,3018.6243
40880,10484.5324,2901.8426
40881,10506.484,2858.7167
40882,10484.1557,3005.1462
40883,10500.1618,2196.8989
40884,10502.2866,2182.3808
40885,10518.4614,3373.4171
40886,10493.2933,2759.0793
40887,10490.0925,2557.6862
40888,10526.2298,3256.2702
40889,10483.8602,2499.5925
40890,10513.6063,3295.3834
40891,10486.4867,2609.0295
40892,10490.7726,3124.6339
40893,10512.239,3158.7562
40894,10484.961,3431.0125
40895,10524.2987,2865.5183
40896,10536.7417,2534.8894
40897,10526.6608,3154.5586
40898,10534.043,2219.0111
40899,10524.779,3110.7408
40900,10541.2672,3404.6071
40901,10520.1548,3306.7689
40902,10495.8039,2830.7075
40903,10519.0837,3444.4586
40904,10539.9709,2718.0436
40905,10530.443,3449.7679
40906,10511.7668,3042.2487
40907,10518.5499,2328.9461
40908,10541.928,2603.3225
40909,10526.3275,2306.2612
40910,10517.0303,3255.479
40911,10552.0295,2801.4483
40912,10550.2036,2592.6989
40913,10526.5201,3373.2619
40914,10516.0374,3064.3332
40915,10508.6445,3341.6001
40916,10536.5269,3026.0108
40917,10521.5282,2877.9771
40918,10512.3047,3079.2088
40919,10564.3131,3154.4166
40920,10551.4906,2263.6463
40921,10555.5617,2990.57
40922,10553.6162,3022.3423
40923,10521.3404,2196.4495
40924,10547.8788,3177.0765
40925,10531.1533,3196.8709
40926,10545.1485,3405.7127
40927,10563.1102,3396.0829
40928,10555.3048,3144.7899
40929,10574.4095,3310.0515
40930,10563.7899,2532.8723
40931,10549.2875,2919.3787
40932,10570.9026,2452.9062
40933,10561.7024,2443.9092
40934,10551.3705,3239.0412
40935,10545.0321,2700.9519
40936,10553.4231,3249.3149
40937,10552.7267,2673.4084
40938,10540.2735,3290.5948
40939,10575.0673,3285.1625
40940,10577.606,2452.2248
40941,10582.308,2829.3416
40942,10556.783,2532.1198
40943,10568.2039,2933.1958
40944,10554.578,3198.1649
40945,10568.9415,2445.8405
40946,10586.6198,2896.1234
40947,10581.3574,2612.0983
40948,10572.1355,2814.2916
40949,10568.3814,2283.2551
40950,10562.3743,2533.2156
40951,10564.6934,3074.3872
40952,10578.0742,3404.72
40953,10603.9829,2513.6138
40954,10562.7953,2816.0926
40955,10591.1873,2892.947
40956,10594.0579,2939.5436
40957,10588.0451,3027.8648
40958,10577.8383,3160.4818
40959,10574.2075,2873.5303
40960,10611.5254,2904.7709
40961,10614.1816,3043.3695
40962,10578.8999,3334.4064
40963,10608.5119,2183.1089
40964,10567.2691,3119.6979
40965,10616.0002,3222.5942
40966,10602.8108,2905.9574
40967,10620.0079,2402.1342
40968,10609.1939,3333.1179
40969,10582.871,3363.451
40970,10583.1454,2729.1358
40971,10615.0707,3024.3457
40972,10581.5829,2202.4529
40973,10581.4646,3381.7616
40974,10613.844,3317.1323
40975,10611.4716,3354.5641
40976,10588.6255,2769.3651
40977,10624.3137,2363.0668
40978,10584.11,2425.7197
40979,10614.8798,2700.4178
40980,10636.9112,2811.0844
40981,10600.0932,2853.2302
40982,10621.6871,3132.1069
40983,10613.1695,3207.7306
40984,10591.954,3000.6596
40985,10641.173,2306.7512
40986,10594.7951,2501.6913
40987,10637.474,2409.3687
40988,10600.8456,2357.398
40989,10644.4022,2827.0285
40990,10610.8268,3122.7949
40991,10634.7561,2889.1039
40992,10627.6791,2339.9859
40993,10632.1854,2558.1725
40994,10645.6292,3060.565
40995,10612.1891,2767.0678
40996,10630.9336,3335.6233
40997,10636.1284,2929.7895
40998,10614.2524,2539.4239
40999,10634.4288,2839.8541
41000,10610.0446,3018.2012
41001,10634.2164,3011.3895
41002,10647.8904,2812.1851
41003,10640.9536,3356.8096
41004,10652.1117,2912.2394
41005,10653.2399,2313.7302
41006,10622.9458,2927.0412
41007,10627.0186,3442.6171
41008,10630.1619,2553.9306
41009,10641.8726,3344.3114
41010,10628.636,2840.2129
41011,10653.8674,2603.8457
41012,10634.5444,2900.1692
41013,10636.34,2216.4221
41014,10643.1761,2773.5956
41015,10652.882,2404.709
41016,10677.554,3445.1795
41017,10658.2358,3476.9229
41018,10682.9004,3045.0891
41019,10647.5928,2429.1252
41020,10661.4619,3022.0741
41021,10657.9362,3496.766
41022,10681.7955,2185.8591
41023,10650.88,2865.0491
41024,10675.4444,3486.8176
41025,10639.3091,2164.5757
41026,10676.5076,2880.0495
41027,10651.2903,2307.183
41028,10686.1677,3148.8174
41029,10676.5527,3108.9436
41030,10679.6989,2170.8097
41031,10669.2609,2434.2915
41032,10659.6355,2319.8433
41033,10696.3044,3457.0089
41034,10663.9006,3297.2115
41035,10671.7115,3146.6587
41036,10666.079,3359.5163
41037,10653.4978,2610.3814
41038,10687.8439,2329.4695
41039,10677.3833,3144.5941
41040,10699.1155,3029.8265
41041,10685.5497,2299.4514
41042,10702.4878,2963.7442
41043,10694.9319,3215.4355
41044,10692.4125,3035.3927
41045,10682.56,2694.0835
41046,10698.8903,3499.048
41047,10693.1773,2439.4157
41048,10679.7269,2864.2332
41049,10673.3903,2845.3425
41050,10672.3909,3346.4047
41051,10670.1458,2375.2615
41052,10671.2059,3493.9012
41053,10693.9129,3107.4159
41054,10681.9141,2821.6334
41055,10722.9358,3306.4074
41056,10703.1271,3302.9629
41057,10720.0773,3320.6754
41058,10681.0583,3450.5617
41059,10679.8343,2959.6998
41060,10705.6292,3236.6271
41061,10693.8646,2821.5186
41062,10722.407,2274.9412
41063,10734.8832,3459.6819
41064,10696.766,2271.0876
41065,10704.9746,3117.6319
41066,10715.0505,3205.072
41067,10705.5403,3148.4678
41068,10741.0525,2967.7578
41069,10719.5849,2663.6822
41070,10713.5244,3290.2026
41071,10738.3638,3307.301
41072,10720.0134,2731.0423
41073,10739.3245,3472.5373
41074,10738.1123,2208.1589
41075,10730.7365,3488.4773
41076,10711.8686,2709.4221
41077,10699.2379,2711.8653
41078,10701.0503,2571.0368
41079,10707.4395,3482.7349
41080,10728.8453,2658.4685
41081,10730.8112,3451.1723
41082,10713.1193,3215.7867
41083,10745.5749,3376.8811
41084,10750.7488,2637.1536
41085,10727.0512,2556.2527
41086,10713.0746,2738.4461
41087,10744.1014,3336.8239
41088,10754.6281,3092.0864
41089,10737.0305,3207.2291
41090,10719.4356,2256.765
41091,10722.4564,2600.2422
41092,10716.9326,3262.3382
41093,10766.4821,2867.1809
41094,10754.9081,2328.5725
41095,10753.0744,3393.6237
41096,10765.9156,3379.0681
41097,10722.5167,2571.178
41098,10742.3548,3208.9424
41099,10741.3873,3089.1895
41100,10743.5237,2740.4079
41101,10779.1564,2832.468
41102,10735.0231,2583.1007
41103,10734.9009,3156.4616
41104,10746.0354,3245.4685
41105,10769.7237,2797.1867
41106,10736.6507,2796.9822
41107,10762.5521,3418.6486
41108,10757.7769,2359.0062
41109,10775.6354,2305.3791
41110,10772.733,2902.8252
41111,10748.374,3110.4542
41112,10786.3591,3416.0847
41113,10767.5091,2294.4048
41114,10780.8561,3407.8828
41115,10794.0698,2939.8585
41116,10751.2734,2901.3874
41117,10777.5175,2819.268
41118,10778.1942,3406.1627
41119,10767.0929,3132.3438
41120,10756.7914,2943.9355
41121,10786.4303,2739.4363
41122,10794.8974,2653.8596
41123,10755.2827,2457.9133
41124,10784.726,3336.0869
41125,10799.2198,3388.5238
41126,10759.271,3372.1919
41127,10803.4207,2569.4695
41128,10774.4965,3184.351
41129,10809.5646,2759.6573
41130,10805.3586,3089.3541
41131,10783.655,3244.2513
41132,10789.9175,2254.9996
41133,10804.8078,2885.4727
41134,10771.2505,2343.8617
41135,10806.4956,2882.5884
41136,10787.2331,2312.7927
41137,10790.1106,2321.0669
41138,10803.2104,3324.4738
41139,10785.4898,3292.6064
41140,10820.8763,3498.5823
41141,10799.4221,3338.1293
41142,10812.647,3275.0168
41143,10804.4933,2361.7761
41144,10796.6483,2867.8637
41145,10809.1292,3027.9611
41146,10817.4694,2767.4947
41147,10790.0253,3084.1601
41148,10784.3375,3391.7794
41149,10781.4307,2562.6748
41150,10816.0706,3169.4614
41151,10791.5328,3413.184
41152,10824.4805,3336.2579
41153,10803.6557,3529.3896
41154,10809.6938,2407.1804
41155,10822.7111,2788.5225
41156,10825.5156,3233.7626
41157,10831.7299,2324.5941
41158,10803.2856,2615.6398
41159,10832.7113,2496.5639
41160,10796.6205,3345.246
41161,10828.4726,2776.968
41162,10834.3237,3083.3667
41163,10811.3406,2455.8329
41164,10813.7726,2897.0194
41165,10806.297,2662.1549
41166,10800.1115,2760.6466
41167,10818.3201,2511.0755
41168,10800.4616,2286.681
41169,10823.8497,3092.2123
41170,10832.094,3427.8276
41171,10822.9402,3082.5315
41172,10804.6593,3335.904
41173,10855.138,3307.3747
41174,10809.1337,2350.1314
41175,10839.1657,3462.7996
41176,10846.072,3121.6146
41177,10811.4786,3257.0454
41178,10859.3486,2361.5177
41179,10826.091,3131.0552
41180,10840.9966,2395.9129
41181,10857.4517,2945.9169
41182,10822.0357,3408.0702
41183,10850.8324,2414.8045
41184,10825.7346,2438.4865
41185,10864.953,3236.855
41186,10826.123,3239.0477
41187,10862.8451,2319.4158
41188,10858.9883,2511.0239
41189,10859.6938,2439.8331
41190,10831.0645,2890.1655
41191,10852.3662,3052.1939
41192,10845.0064,3409.5319
41193,10872.594,2768.8549
41194,10836.3069,3439.0831
41195,10838.5019,2750.459
41196,10835.2942,2357.0033
41197,10877.1113,2628.7358
41198,10850.6155,2294.7705
41199,10850.5775,3247.8712
41200,10874.8543,2585.0357
41201,10865.3952,3001.6673
41202,10846.6013,3427.1573
41203,10844.2463,2477.5049
41204,10839.5927,3055.2363
41205,10859.9504,3142.4323
41206,10882.664,2643.4497
41207,10862.8852,3557.0398
41208,10877.5234,2362.4114
41209,10893.152,2863.1963
41210,10893.3939,2747.4508
41211,10851.0011,3087.4861
41212,10895.6986,3069.6827
41213,10868.7585,2573.3211
41214,10883.2828,3215.7743
41215,10872.4965,2701.1541
41216,10873.7011,3336.2448
41217,10890.2281,3509.542
41218,10904.2677,3134.1542
41219,10861.4687,2648.0293
41220,10903.8711,2819.3897
41221,10883.9594,3464.3251
41222,10886.3082,2872.0869
41223,10857.7358,2720.1515
41224,10894.2947,2952.7595
41225,10910.0298,2571.766
41226,10873.6591,2429.3236
41227,10886.797,2919.3968
41228,10898.7793,3530.8045
41229,10899.1145,2817.5139
41230,10917.1553,2606.8714
41231,10873.5883,3136.4314
41232,10886.5183,2832.9517
41233,10891.0936,2300.1262
41234,10900.2335,3155.374
41235,10910.4553,2877.43
41236,10882.8229,3250.2527
41237,10900.3769,3426.806
41238,10916.6232,3104.4107
41239,10921.3783,3089.6496
41240,10913.7363,2855.6539
41241,10893.1389,3134.7928
41242,10892.1494,2995.9242
41243,10926.451,3316.9162
41244,10898.5901,3568.0354
41245,10896.5753,3509.8182
41246,10912.5939,3303.5315
41247,10891.4873,2538.2643
41248,10921.1278,3430.2062
41249,10928.999,3539.3008
41250,10936.8444,2429.8993
41251,10906.2842,2908.6532
41252,10891.8969,2854.9133
41253,10911.9825,2735.8453
41254,10938.9759,2992.2617
41255,10926.1706,3095.6724
41256,10898.5893,3218.9576
41257,10929.1133,2896.6042
41258,10924.774,3515.3267
41259,10925.8244,2842.1158
41260,10923.4976,3590.0902
41261,10936.6203,2890.3699
41262,10926.748,2987.234
41263,10915.6265,2680.4457
41264,10948.6583,3103.4353
41265,10946.0746,3203.4716
41266,10905.914,3161.3595
41267,10947.6882,3362.5979
41268,10929.0802,3112.9095
41269,10956.8303,3288.6195
41270,10926.2706,3444.6448
41271,10908.7571,3091.598
41272,10918.3289,2249.0013
41273,10915.9416,3149.3218
41274,10957.6956,2524.4093
41275,10927.4747,3511.2947
41276,10953.4059,3288.5238
41277,10924.1345,3202.2972
41278,10953.992,2999.9259
41279,10958.0341,3201.325
41280,10966.747,2259.983
41281,10968.8926,3511.9254
41282,10946.9932,3108.0245
41283,10938.8495,2716.5569
41284,10966.6388,2542.285
41285,10954.6273,2725.4049
41286,10928.1548,2387.2584
41287,10940.6837,3375.5325
41288,10966.6126,3037.5614
41289,10973.9178,3577.3207
41290,10935.1786,2357.7374
41291,10925.754,2696.2812
41292,10937.0465,3186.7593
41293,10937.5336,2550.9112
41294,10958.5409,2997.3067
41295,10939.352,3456.036
41296,10975.8155,3055.3361
41297,10965.901,3148.1156
41298,10946.453,2276.1477
41299,10953.8677,3579.9801
41300,10939.3665,3438.5169
41301,10986.811,3242.0652
41302,10975.297,2475.3746
41303,10947.623,2977.8521
41304,10961.9669,2711.424
41305,10957.0132,3240.4671
41306,10975.2079,3189.8706
41307,10949.9115,3436.2647
41308,10952.7837,3225.8717
41309,10985.9952,2768.9289
41310,10989.7099,2363.3169
41311,10962.134,3295.6663
41312,10958.0071,2371.5196
41313,10960.9794,3182.388
41314,10996.6024,3256.64
41315,10972.9362,3050.3167
41316,10985.2503,3314.0438
41317,10973.1795,3550.3075
41318,11001.41,3329.9434
41319,10961.228,3061.821
41320,10954.5045,3393.6499
41321,10976.7497,2656.4468
41322,11007.5839,2483.0802
41323,10974.999,2438.7897
41324,10982.3235,2768.3125
41325,10966.2733,2233.1469
41326,10963.0585,2573.753
41327,11001.2236,3238.324
41328,10997.0427,3467.058
41329,10965.3825,2957.8522
41330,10987.7352,3038.209
41331,10994.2111,2236.5349
41332,10989.6857,2838.3373
41333,10996.8433,2672.358
41334,11007.3979,3192.4297
41335,10976.2663,3133.8982
41336,11016.9446,2333.5414
41337,10970.5884,2262.0659
41338,11005.3427,2488.1606
41339,11019.6139,3213.9796
41340,11017.4378,3309.6543
41341,11001.325,3044.5665
41342,11007.1933,3279.8591
41343,10982.7122,3117.9556
41344,11014.0252,3490.4464
41345,10997.8299,3270.9521
41346,10982.9183,2528.5371
41347,11023.8272,2708.7722
41348,11021.8633,2774.3374
41349,11015.3436,3370.5311
41350,11006.7329,2784.1664
41351,11000.0128,3198.9586
41352,11027.087,3594.5338
41353,10990.7366,3059.8484
41354,11021.37,3358.5628
41355,10984.5252,3194.737
41356,10991.8505,2597.6626
41357,11034.0974,2663.296
41358,10991.2611,2268.2746
41359,11010.3316,3012.4079
41360,10994.9723,2615.3366
41361,11036.3845,3491.7072
41362,11037.9234,3438.1516
41363,10991.7622,2757.0091
41364,11044.6215,2402.7195
41365,10998.9432,2445.7571
41366,11024.8777,3226.4968
41367,10996.5357,2884.7563
41368,11020.6871,2848.5146
41369,11046.1296,2759.9726
41370,11044.0379,2730.6157
41371,11011.2361,2515.0535
41372,11034.4748,2740.298
41373,11018.8518,2997.0439
41374,11054.5942,2900.8528
41375,11038.3974,3207.6323
41376,11003.0134,2457.6268
41377,11011.212,2979.6409
41378,11055.7551,3384.4541
41379,11051.4196,3347.8903
41380,11038.245,2771.1298
41381,11043.8338,3127.4391
41382,11048.9204,2331.3489
41383,11055.8797,3063.4771
41384,11056.5314,2984.4849
41385,11010.7862,3045.774
41386,11056.9937,2259.702
41387,11059.6101,3431.3943
41388,11054.3394,2586.9826
41389,11066.6182,3470.7589
41390,11067.27,3440.0821
41391,11026.2072,2547.7926
41392,11054.7335,2752.5769
41393,11019.9821,3581.6564
41394,11068.3068,2267.0204
41395,11051.5526,3130.6605
41396,11070.1827,2406.8117
41397,11058.1799,2445.9346
41398,11022.1862,3541.4071
41399,11037.2112,2446.6311
41400,11052.7435,2352.5445
41401,11070.7563,2323.2358
41402,11057.386,3123.2752
41403,11078.1234,3150.0742
41404,11034.8393,2426.3786
41405,11045.8306,2978.3124
41406,11061.6885,2534.2273
41407,11057.8753,2336.8536
41408,11045.6964,3309.3556
41409,11054.6003,3341.8239
41410,11034.6867,2481.4153
41411,11063.8977,3289.1059
41412,11049.0502,3117.0618
41413,11042.3096,3159.5758
41414,11051.2194,3492.8389
41415,11050.2027,3173.7145
41416,11077.7086,3341.779
41417,11080.5881,3244.5364
41418,11078.627,3284.6187
41419,11086.504,2716.3935
41420,11039.2357,2689.44
41421,11074.8564,3156.8522
41422,11073.6748,2911.4548
41423,11062.4694,3043.3337
41424,11048.1806,3058.7239
41425,11045.9581,3387.976
41426,11070.0346,2863.8836
41427,11098.4305,3630.7184
41428,11088.6048,3065.4119
41429,11073.4016,3608.3734
41430,11049.5532,2906.9156
41431,11076.0073,2311.4856
41432,11055.745,3532.548
41433,11088.2327,2858.2118
41434,11079.8562,3527.857
41435,11096.6206,2377.4631
41436,11090.2062,3516.214
41437,11051.6323,3206.3564
41438,11064.9422,3171.4113
41439,11064.4882,3604.5689
41440,11103.5361,3064.3947
41441,11068.076,3503.4574
41442,11085.9081,2909.2652
41443,11069.4494,2862.9295
41444,11104.973,3081.8629
41445,11097.6004,3647.1305
41446,11080.4134,3222.0655
41447,11060.9739,2918.7847
41448,11091.5244,2367.7349
41449,11096.4269,3033.102
41450,11066.3128,3291.9647
41451,11097.2242,2773.9497
41452,11084.2799,3025.7112
41453,11096.6208,2328.8131
41454,11110.5857,3123.4905
41455,11109.4259,3532.1562
41456,11110.4122,2860.527
41457,11093.6634,2813.7522
41458,11095.5714,2459.0404
41459,11083.9059,3567.1204
41460,11073.1016,2545.3457
41461,11117.8924,3006.9802
41462,11105.1292,2367.9923
41463,11103.5714,3039.055
41464,11115.1349,2600.0951
41465,11096.8665,3506.6857
41466,11113.1303,3224.6272
41467,11092.5264,3393.0548
41468,11128.8596,2795.6574
41469,11119.6039,2705.9724
41470,11120.3326,3386.2319
41471,11082.5378,3420.9279
41472,11091.2537,2843.2116
41473,11127.7817,2602.538
41474,11123.3714,2881.0886
41475,11119.7636,3537.9163
41476,11093.5649,2983.6826
41477,11112.6955,3132.4061
41478,11124.6181,2614.069
41479,11112.3255,2564.4537
41480,11098.1217,3561.5935
41481,11119.5216,3613.426
41482,11129.2075,2483.5442
41483,11129.9555,3322.6636
41484,11111.5129,3058.5925
41485,11098.573,3034.3435
41486,11134.6131,2730.9705
41487,11103.7309,2855.0422
41488,11108.1188,3167.374
41489,11130.448,3382.1265
41490,11115.3934,2983.876
41491,11124.6815,3480.4808
41492,11093.6737,3345.9341
41493,11144.3879,2977.8029
41494,11129.3128,2566.8926
41495,11140.8932,3219.6276
41496,11141.0241,2650.4846
41497,11096.9145,2588.5501
41498,11101.5987,2918.6069
41499,11118.9593,2419.4831
41500,11105.3497,2418.2746
41501,11117.2171,2931.8326
41502,11100.3903,3158.3071
41503,11102.9793,3549.809
41504,11122.9588,3622.8644
41505,11104.41,3058.0404
41506,11151.232,2475.8549
41507,11110.4821,3046.1456
41508,11116.0497,3392.9888
41509,11131.0168,2440.846
41510,11128.3491,2527.4435
41511,11124.1648,2948.3106
41512,11126.9845,3387.5848
41513,11162.6361,3060.3513
41514,11116.8417,3188.4125
41515,11116.9446,3549.9352
41516,11111.8439,3597.0775
41517,11116.8033,2920.9863
41518,11159.2195,2981.5847
41519,11132.9989,2379.9711
41520,11113.8485,3225.3896
41521,11164.1973,3529.3034
41522,11141.3726,2302.69
41523,11158.6733,3275.3464
41524,11144.8139,2980.1156
41525,11122.7617,2883.1822
41526,11153.708,2579.7798
41527,11139.5419,3150.0113
41528,11153.4918,3654.0733
41529,11139.1802,3312.2561
41530,11135.7666,3611.2369
41531,11124.4406,3248.9507
41532,11170.8098,3253.9301
41533,11169.4277,2548.2954
41534,11143.0117,2688.6105
41535,11143.4801,2823.5939
41536,11163.3915,2483.7523
41537,11136.7474,3400.0032
41538,11125.9314,2852.6521
41539,11131.4807,3535.8168
41540,11150.7515,3619.8029
41541,11163.5952,2810.1268
41542,11171.4873,3034.5305
41543,11145.391,3451.4605
41544,11183.4768,2534.1235
41545,11130.3362,3458.2801
41546,11165.0678,3290.1299
41547,11180.8007,3497.36
41548,11142.6164,2273.6128
41549,11178.4863,3562.1563
41550,11166.5979,3238.4518
41551,11161.853,3326.5543
41552,11146.2289,3063.9484
41553,11137.7894,2757.6135
41554,11187.577,3087.6272
41555,11148.52,3176.2181
41556,11178.3115,2503.3683
41557,11143.6685,2892.0256
41558,11178.2766,3532.0778
41559,11167.2605,3518.8003
41560,11179.6368,3394.7639
41561,11190.7345,3386.871
41562,11180.21,2762.8215
41563,11177.8183,2386.6369
41564,11196.2732,3401.4027
41565,11155.6058,2674.3424
41566,11143.332,2922.4725
41567,11180.2908,2505.3635
41568,11172.1313,2839.0569
41569,11152.5584,2298.7189
41570,11170.3948,3455.9167
41571,11156.0367,3190.9389
41572,11188.2686,2491.5852
41573,11148.5536,2522.6806
41574,11163.9926,3371.0449
41575,11156.4118,3306.46
41576,11159.8502,3337.8412
41577,11150.3351,2814.0499
41578,11168.0147,2959.5125
41579,11161.9274,2444.6373
41580,11154.821,2336.1337
41581,11204.6441,2693.2383
41582,11171.4937,3373.4838
41583,11158.832,2507.722
41584,11201.1925,2624.4494
41585,11177.8118,3094.3617
41586,11193.9523,2868.3125
41587,11204.5811,2336.9955
41588,11171.9431,2968.162
41589,11197.6144,3675.3569
41590,11164.7599,3407.7025
41591,11199.4156,3087.7557
41592,11212.1635,3208.8866
41593,11213.3592,2578.3338
41594,11175.8386,3414.0063
41595,11164.8612,3073.738
41596,11164.8139,2381.6089
41597,11202.5076,2868.1802
41598,11168.2446,3312.2895
41599,11202.2842,3007.1713
41600,11188.6199,3440.0829
41601,11169.5999,3307.2466
41602,11175.2023,3330.6923
41603,11198.6201,2967.0058
41604,11189.6184,2545.6351
41605,11183.8786,2656.6651
41606,11177.8965,3489.0787
41607,11168.554,3495.7255
41608,11198.6853,3246.8111
41609,11178.8376,2488.5889
41610,11168.6402,2595.4013
41611,11169.1789,2312.3224
41612,11181.1141,3422.7271
41613,11186.3027,2937.0618
41614,11180.62,3315.9956
41615,11223.0682,2773.6803
41616,11202.9744,2907.1119
41617,11184.2603,3663.276
41618,11224.1605,2446.3722
41619,11213.3238,3035.3145
41620,11220.0391,3173.2121
41621,11218.7104,3318.9122
41622,11230.7542,3353.2803
41623,11180.7566,2689.0579
41624,11202.4706,3564.0718
41625,11215.2665,3483.9889
41626,11225.9099,3448.794
41627,11207.6132,2656.547
41628,11179.7796,2529.5479
41629,11230.357,3027.9544
41630,11213.4157,3079.7456
41631,11229.4675,2449.9846
41632,11235.6246,2859.8845
41633,11192.2678,2514.0059
41634,11217.6247,2704.3224
41635,11228.0449,2691.6205
41636,11213.9885,2923.9668
41637,11200.2356,2838.1665
41638,11213.7541,3313.4447
41639,11224.4417,3177.0857
41640,11198.5324,3224.5725
41641,11231.0573,2770.8749
41642,11214.3723,3341.2293
41643,11209.9407,2718.3687
41644,11228.2787,2518.9968
41645,11208.3883,2572.4653
41646,11221.2776,2478.805
41647,11192.3934,2404.6579
41648,11190.7473,3023.9694
41649,11204.4333,3127.7156
41650,11240.5416,3315.5131
41651,11224.2361,2942.9005
41652,11240.923,3686.5034
41653,11248.2932,3670.5178
41654,11230.6505,3214.4036
41655,11240.1476,2694.5193
41656,11207.2675,3170.8287
41657,11231.661,3528.3347
41658,11226.0949,2701.1612
41659,11230.6869,3512.9302
41660,11205.5737,3524.4213
41661,11251.4471,2539.4966
41662,11213.6945,3108.9219
41663,11250.9222,2503.8599
41664,11211.9174,2509.289
41665,11219.4614,3600.0653
41666,11235.9439,2297.4845
41667,11245.0212,3348.7743
41668,11208.4177,3600.2024
41669,11243.383,2835.8306
41670,11244.8384,2811.3133
41671,11205.686,3640.5747
41672,11248.7886,2586.8491
41673,11239.2092,2619.4724
41674,11221.9849,3129.9098
41675,11246.4495,3078.492
41676,11211.5893,2349.4594
41677,11237.7267,3584.989
41678,11260.0696,2670.6205
41679,11256.3867,2808.1813
41680,11226.5333,2651.4613
41681,11255.616,2584.3439
41682,11247.9399,2993.6287
41683,11224.1838,3273.3219
41684,11244.6639,3235.9017
41685,11240.0103,3639.1005
41686,11258.3561,3140.0499
41687,11242.6295,3583.2328
41688,11247.8767,2582.0438
41689,11261.0984,2705.8119
41690,11263.3626,3557.816
41691,11222.9465,3244.2252
41692,11244.9692,3594.6873
41693,11221.7936,2372.4362
41694,11247.147,3226.3639
41695,11232.7283,3080.2473
41696,11223.8152,3103.4243
41697,11249.5911,3018.6694
41698,11231.0319,2824.2385
41699,11226.0017,2857.8126
41700,11243.2679,3646.0134
41701,11221.9893,2927.5107
41702,11232.2628,3027.5787
41703,11266.4291,3173.2168
41704,11264.3714,2886.3408
41705,11247.2231,2484.2276
41706,11248.7582,2719.2358
41707,11268.9494,2901.2911
41708,11248.9492,2960.3222
41709,11262.0755,2892.409
41710,11229.6727,2373.8184
41711,11226.3028,2935.5275
41712,11235.163,2902.3163
41713,11245.4639,3144.0799
41714,11230.1659,2449.2256
41715,11248.261,3013.8462
41716,11263.7131,2994.0047
41717,11256.6474,3197.8052
41718,11246.9962,3593.8852
41719,11276.3719,3539.917
41720,11275.2818,3066.1279
41721,11259.8573,2303.4502
41722,11243.9541,3357.481
41723,11268.4026,3168.4582
41724,11245.6147,2863.5958
41725,11244.469,3394.2812
41726,11266.4898,2737.0687
41727,11272.8928,3643.917
41728,11261.5487,3680.1825
41729,11265.085,3651.5819
41730,11255.6934,3519.3023
41731,11244.8602,2436.3516
41732,11264.9455,3575.1927
41733,11263.389,3118.1598
41734,11235.6248,3572.6087
41735,11249.8361,2398.3902
41736,11252.0244,3121.2337
41737,11266.5859,2740.2974
41738,11287.4,3619.2264
41739,11278.0586,3430.4892
41740,11260.4574,2739.3861
41741,11247.3978,3192.3636
41742,11244.2442,2637.9879
41743,11289.2417,3438.8418
41744,11278.5532,2922.7594
41745,11265.5291,2966.6034
41746,11289.8329,3133.1501
41747,11274.999,3085.3022
41748,11281.4806,3678.4203
41749,11242.4311,3075.0951
41750,11268.1924,3618.6373
41751,11278.3671,3571.9787
41752,11294.5267,2333.293
41753,11266.7118,3196.4664
41754,11288.068,2943.325
41755,11290.5219,2554.1327
41756,11254.0682,3074.8456
41757,11247.0997,3298.6503
41758,11257.3108,3583.258
41759,11296.8998,2494.9773
41760,11269.607,2387.5754
41761,11255.339,3338.8901
41762,11266.8948,2912.7951
41763,11285.1713,2438.2588
41764,11250.9748,2723.3888
41765,11301.4254,2371.5036
41766,11297.9549,2932.2923
41767,11292.0997,2965.4569
41768,11264.2048,3324.035
41769,11272.202,3445.9866
41770,11259.6517,3370.9579
41771,11301.7344,3034.688
41772,11295.096,2581.0752
41773,11291.9824,2416.8885
41774,11304.621,3219.7468
41775,11297.36,2725.387
41776,11258.4009,3364.8219
41777,11284.5548,3136.8162
41778,11280.4781,2727.6385
41779,11302.0219,2335.7303
41780,11303.1402,2791.8225
41781,11304.1821,3209.5398
41782,11268.5267,3673.4575
41783,11305.9158,2474.7587
41784,11296.7201,2358.9758
41785,11294.4354,3201.7667
41786,11259.4292,3562.2458
41787,11297.2286,2318.9393
41788,11295.6232,2495.3192
41789,11290.4628,2607.934
41790,11311.0239,2955.4246
41791,11279.6116,3408.3907
41792,11299.9432,2335.887
41793,11280.2777,3674.6811
41794,11264.2148,2979.5413
41795,11316.1881,3655.3216
41796,11261.462,3608.309
41797,11282.8973,2837.0101
41798,11272.8355,3498.3197
41799,11285.4921,2646.5956
41800,11274.7652,2788.8266
41801,11316.3555,3619.3786
41802,11295.2322,3630.4495
41803,11280.112,3614.4595
41804,11292.4146,3270.6303
41805,11273.0424,2420.1918
41806,11284.5091,3519.898
41807,11274.1167,3588.5658
41808,11317.9194,3236.6232
41809,11311.6455,2448.7623
41810,11300.5115,2367.7793
41811,11295.3412,2485.9901
41812,11279.8305,2754.3247
41813,11272.0431,3222.2159
41814,11276.3564,2741.2
41815,11308.1395,3337.167
41816,11298.829,2906.5156
41817,11276.2742,2461.4175
41818,11292.4456,3507.1092
41819,11289.2651,2630.6321
41820,11310.7478,2568.9085
41821,11289.1797,2733.6711
41822,11298.8735,2398.7347
41823,11272.5826,3408.7768
41824,11283.4665,3079.089
41825,11291.6301,2411.69
41826,11300.1544,3389.5675
41827,11293.622,3225.7013
41828,11326.3075,3046.1411
41829,11289.1888,3683.5302
41830,11275.5812,3669.3858
41831,11308.8608,2788.8688
41832,11325.8481,3467.8438
41833,11324.4509,3540.1755
41834,11295.3226,2970.7834
41835,11290.2414,3161.331
41836,11331.9919,2622.8294
41837,11329.5025,3535.979
41838,11286.6617,3176.5371
41839,11334.0424,2944.8999
41840,11296.6736,3090.4098
41841,11317.8535,3382.4663
41842,11323.6952,2585.2648
41843,11306.9391,3674.0116
41844,11296.4975,2495.3588
41845,11314.5752,3611.3512
41846,11309.307,3597.2895
41847,11283.529,3048.0621
41848,11306.4079,2501.751
41849,11314.8216,3457.787
41850,11326.3417,2425.7377
41851,11302.9844,2555.1329
41852,11336.3739,2777.2124
41853,11288.9374,2320.0157
41854,11316.311,3547.3982
41855,11337.3533,3141.1181
41856,11298.2608,3707.025
41857,11298.4243,3110.3827
41858,11292.8488,3560.6699
41859,11310.2539,3335.6166
41860,11325.7108,3576.0456
41861,11305.5563,3086.719
41862,11315.5932,2355.0801
41863,11318.7436,2555.5281
41864,11335.7651,2577.6809
41865,11320.4112,2374.4183
41866,11325.9157,2811.7837
41867,11344.7577,2487.5495
41868,11303.3083,3622.9685
41869,11311.2996,3626.7892
41870,11293.7,3271.4319
41871,11329.9099,3180.7143
41872,11332.9102,3710.1573
41873,11300.0111,3485.5464
41874,11321.972,3361.3142
41875,11310.9401,3323.342
41876,11296.8366,3132.2631
41877,11314.7488,3390.6781
41878,11301.1015,3563.655
41879,11349.0342,3685.2883
41880,11343.4173,3660.8635
41881,11325.4137,3213.0136
41882,11332.3133,2505.4203
41883,11321.8546,3149.9376
41884,11312.834,3088.9
41885,11306.3032,3489.2995
41886,11352.8191,3584.8028
41887,11310.488,3564.3158
41888,11315.4347,3657.6555
41889,11320.295,2844.5158
41890,11303.0597,3222.4989
41891,11314.8734,3537.4391
41892,11336.2099,3094.9757
41893,11352.8049,2597.5874
41894,11327.6144,2779.7205
41895,11341.3146,2353.1694
41896,11320.4385,3657.1955
41897,11319.1934,3151.3503
41898,11329.794,3249.3132
41899,11325.0493,3045.0133
41900,11302.1551,2713.1343
41901,11336.159,2651.9275
41902,11342.7517,3398.7016
41903,11349.978,3013.4067
41904,11342.1501,3648.8165
41905,11359.7687,2653.5242
41906,11304.4744,3508.2593
41907,11338.1805,2605.6128
41908,11326.2752,3536.5523
41909,11337.5745,2598.8066
41910,11333.3792,3437.1794
41911,11350.9113,3622.0228
41912,11341.8178,3496.7979
41913,11350.2408,3174.3487
41914,11317.4949,2937.4839
41915,11324.2588,2753.7977
41916,11334.8186,3233.1838
41917,11339.0698,2574.06
41918,11339.8881,3343.0607
41919,11358.5873,2465.6611
41920,11313.9315,2507.4204
41921,11352.0488,2903.0952
41922,11311.1256,2973.3954
41923,11364.0455,3266.7889
41924,11358.6227,3015.8147
41925,11331.671,3687.3016
41926,11365.3147,3478.8958
41927,11313.2492,3395.7218
41928,11319.0466,2481.5419
41929,11353.9775,2532.2026
41930,11366.6776,3033.2188
41931,11367.8611,2685.1927
41932,11333.8144,3622.8504
41933,11349.2013,3000.3512
41934,11328.3477,3468.2738
41935,11351.202,3236.8727
41936,11335.1058,2837.3059
41937,11351.3654,3327.9079
41938,11335.3475,3324.3869
41939,11349.4216,3112.0397
41940,11362.8536,3208.7375
41941,11353.4693,3674.8765
41942,11330.7504,3356.3629
41943,11368.0412,3021.4911
41944,11348.2328,2726.9289
41945,11321.3986,3244.2421
41946,11357.6804,2434.8469
41947,11368.1756,3432.2893
41948,11324.4576,2366.813
41949,11350.2996,2427.4809
41950,11368.8774,3278.7635
41951,11337.2353,2388.1827
41952,11373.0334,2423.8973
41953,11325.3689,3064.3803
41954,11375.8666,3718.814
41955,11333.7793,3142.0325
41956,11331.0467,2328.9528
41957,11347.0421,2798.2144
41958,11377.0092,3569.2851
41959,11364.4077,3454.4488
41960,11325.9221,3066.1297
41961,11333.532,3654.0762
41962,11339.4754,2726.491
41963,11358.6672,3078.5443
41964,11367.8884,2499.7674
41965,11363.1968,2870.469
41966,11333.1348,3229.4145
41967,11350.7511,3224.9639
41968,11345.1624,2520.3534
41969,11347.3329,2414.1775
41970,11379.9749,3204.858
41971,11332.2518,2910.8121
41972,11329.1816,2657.2862
41973,11369.8511,3396.695
41974,11334.318,3064.5009
41975,11344.6371,3334.0927
41976,11341.5794,3125.5937
41977,11351.5769,2696.4472
41978,11342.5819,3665.8348
41979,11369.8747,3233.0714
41980,11354.8651,2935.4812
41981,11378.8362,2775.8394
41982,11363.8108,3092.6864
41983,11341.4209,3699.8454
41984,11351.915,3407.9786
41985,11365.9205,2759.0534
41986,11364.9794,2584.9136
41987,11342.4169,2420.6474
41988,11347.0412,2607.9203
41989,11355.9686,2637.7842
41990,11365.5646,3158.1681
41991,11339.4752,2881.9073
41992,11336.1999,2998.8175
41993,11346.8617,3180.4628
41994,11359.7063,3384.4952
41995,11375.6132,3399.5658
41996,11379.6948,2382.7134
41997,11345.7151,2899.9486
41998,11373.7348,2536.5394
41999,11345.2903,2697.6962
42000,11355.4367,2509.0052
42001,11342.1851,2984.0062
42002,11346.4093,3297.8417
42003,11367.6766,2531.6818
42004,11350.0683,2851.073
42005,11339.9645,3269.1897
42006,11353.6901,2537.7208
42007,11364.9548,3301.3154
42008,11361.6769,3196.5916
42009,11357.5057,3276.1704
42010,11380.5495,3091.7514
42011,11348.3233,3352.3959
42012,11350.7022,2594.0461
42013,11353.7339,3657.9403
42014,11357.8108,3357.9692
42015,11395.6436,3293.4727
42016,11344.0532,2984.7762
42017,11342.6185,2577.4604
42018,11353.5855,3682.0703
42019,11397.4279,3157.1781
42020,11373.5788,2505.4968
42021,11362.7137,2484.872
42022,11377.4604,3198.396
42023,11368.2991,2954.8941
42024,11361.0598,3696.2646
42025,11377.7164,3046.0128
42026,11375.6931,2983.9128
42027,11389.5224,2320.2006
42028,11395.7517,3029.7722
42029,11356.1991,2742.8379
42030,11373.7109,3576.4531
42031,11385.484,3552.3381
42032,11396.7345,3003.6797
42033,11376.0765,3362.1355
42034,11399.8525,3400.5352
42035,11366.3937,3054.2478
42036,11364.4853,2564.9523
42037,11354.5234,3388.7033
42038,11374.7014,3157.5505
42039,11379.5024,2452.8509
42040,11400.6002,3053.0264
42041,11366.4564,2919.2246
42042,11389.3413,2353.3257
42043,11363.6438,3638.5976
42044,11370.1503,3357.2994
42045,11377.1152,2669.2334
42046,11394.3675,3162.6708
42047,11364.0438,2710.0441
42048,11377.4704,3202.2307
42049,11361.241,2767.0228
42050,11398.2284,2683.5575
42051,11392.6832,3407.7102
42052,11362.4384,2767.1949
42053,11387.2022,2709.5704
42054,11365.6383,2632.691
42055,11400.8247,3488.6051
42056,11358.2875,3414.826
42057,11384.8956,3617.4736
42058,11372.4976,3016.2264
42059,11357.592,3602.8663
42060,11389.3433,2892
42061,11381.2758,3653.3311
42062,11382.4328,3181.9005
42063,11368.0873,2777.6427
42064,11401.7028,2894.7383
42065,11375.4577,2547.3565
42066,11411.9126,3515.5625
42067,11377.7147,2666.5656
42068,11398.8593,3712.305
42069,11398.266,2781.0294
42070,11372.128,3193.0719
42071,11380.2796,3545.6964
42072,11370.3055,2648.0161
42073,11410.7004,2810.5687
42074,11376.936,3678.5164
42075,11362.1605,2390.6421
42076,11363.1916,2979.2876
42077,11383.2615,3448.941
42078,11377.7036,3095.9989
42079,11360.2765,2455.56
42080,11390.1152,2571.5212
42081,11402.7932,2860.981
42082,11380.7624,2820.5239
42083,11387.5138,3620.8453
42084,11402.9617,3144.4035
42085,11407.1583,3006.8109
42086,11375.5612,2942.6099
42087,11395.3962,2328.5815
42088,11373.2027,3704.8571
42089,11367.3176,2625.8889
42090,11414.9926,2772.4867
42091,11387.0152,3102.9942
42092,11417.7282,2436.2662
42093,11408.9223,2680.5852
42094,11397.5991,3077.8456
42095,11414.0601,3237.4494
42096,11400.9095,3271.6257
42097,11379.3661,3243.548
42098,11412.912,3251.5361
42099,11382.8706,3547.8909
42100,11376.8031,2837.3131
42101,11417.7139,2677.6704
42102,11412.1863,2507.3633
42103,11423.3059,3208.8761
42104,11411.0335,3211.8955
42105,11381.7744,2436.2061
42106,11386.949,2764.3068
42107,11396.8377,3247.4954
42108,11420.2646,3266.3826
42109,11373.6713,3572.5004
42110,11375.4424,3443.8056
42111,11414.0556,2506.2108
42112,11389.5234,3610.3809
42113,11399.3663,2386.4216
42114,11375.7334,3427.4336
42115,11405.8208,3566.6299
42116,11410.9046,3536.1728
42117,11390.8508,2532.9872
42118,11384.9045,3204.4475
42119,11379.1814,2669.1209
42120,11377.9666,3289.8324
42121,11375.3794,2916.3373
42122,11416.0475,3451.4911
42123,11418.5247,3578.2863
42124,11419.253,3210.808
42125,11420.8453,2913.6904
42126,11423.5187,3003.2473
42127,11414.6455,3534.1498
42128,11379.5122,3223.5952
42129,11376.3054,3035.046
42130,11425.8881,3510.8226
42131,11393.2827,3339.9164
42132,11429.3784,3505.4051
42133,11382.389,3533.7885
42134,11381.316,3429.2193
42135,11416.7354,2345.5764
42136,11431.6076,2596.0459
42137,11419.6183,3517.825
42138,11425.9753,3122.8368
42139,11388.0305,3513.9699
42140,11419.149,2450.5115
42141,11432.1037,2335.6261
42142,11407.7807,3676.8536
42143,11395.6211,2606.4926
42144,11405.3518,2637.5011
42145,11424.9083,3215.2898
42146,11416.0784,2502.1087
42147,11414.5048,2419.7943
42148,11415.1324,2748.8474
42149,11382.0075,3418.9611
42150,11382.141,3403.972
42151,11425.0617,2993.0677
42152,11425.315,3062.3232
42153,11394.7431,3034.477
42154,11405.4844,3196.4316
42155,11416.6427,3695.0865
42156,11418.6127,2925.5915
42157,11426.6599,3619.1687
42158,11391.034,3451.8662
42159,11431.8236,3125.5145
42160,11386.7117,2964.106
42161,11427.0793,2765.9796
42162,11393.592,2480.7781
42163,11412.5517,3627.2891
42164,11438.8471,3261.5417
42165,11426.5487,2410.5546
42166,11436.7461,3024.221
42167,11414.1785,3687.7038
42168,11425.4144,2484.9149
42169,11385.2794,3221.4824
42170,11427.2106,3514.7305
42171,11438.3314,3155.8423
42172,11427.5411,3106.9479
42173,11409.2692,2851.1723
42174,11394.6951,3365.3653
42175,11418.1703,2457.3313
42176,11387.6353,2965.553
42177,11407.7438,3326.4102
42178,11437.8392,3022.7496
42179,11412.9397,2789.6213
42180,11430.29,3527.2148
42181,11435.0223,2335.9933
42182,11434.8706,3570.9574
42183,11408.4186,3617.2005
42184,11416.0392,3495.4062
42185,11409.1558,3691.9441
42186,11441.1573,3566.045
42187,11409.3507,3341.7864
42188,11395.5156,2559.8785
42189,11427.5118,3743.9639
42190,11401.6245,2953.5544
42191,11429.383,3028.1819
42192,11413.2113,3021.3909
42193,11447.738,2525.616
42194,11412.5065,2523.003
42195,11422.7242,2933.5167
42196,11430.9598,3507.343
42197,11401.4995,2532.6847
42198,11441.6473,2934.7762
42199,11436.111,2944.8611
42200,11429.1603,2519.0217
42201,11414.1203,2538.8637
42202,11445.9889,3109.3637
42203,11404.9518,2937.6002
42204,11409.1326,3687.241
42205,11421.0955,3731.1542
42206,11398.4187,2842.5241
42207,11418.5905,2781.2933
42208,11402.8716,3140.8801
42209,11432.966,3657.7352
42210,11428.0803,3263.2568
42211,11396.8801,3168.9318
42212,11431.8202,2970.8577
42213,11426.4923,2609.6457
42214,11445.1686,2722.6966
42215,11411.3901,3050.3562
42216,11413.8505,2513.4542
42217,11420.667,3031.5041
42218,11424.6169,3546.849
42219,11437.3391,2871.1741
42220,11447.099,3619.2492
42221,11427.2184,2987.6007
42222,11438.4304,3180.7851
42223,11403.8095,2370.691
42224,11401.749,3124.5446
42225,11424.1061,2538.1636
42226,11421.0933,3304.7478
42227,11406.7755,3572.5283
42228,11404.0481,2471.7699
42229,11416.0022,3541.0585
42230,11415.5383,3444.1576
42231,11411.9022,2432.7948
42232,11418.1044,2401.1834
42233,11443.1153,3146.5535
42234,11455.4683,3447.5844
42235,11405.3354,3324.4623
42236,11455.6025,3679.8566
42237,11411.5378,2406.1668
42238,11425.927,3752.4974
42239,11435.3525,3636.2715
42240,11438.2684,2936.2449
42241,11444.3576,2599.9066
42242,11430.0139,2597.7725
42243,11462.3233,3741.9177
42244,11447.8702,2660.8958
42245,11427.707,2776.9112
42246,11423.0156,2367.5837
42247,11425.4231,2663.7822
42248,11445.0119,3510.7366
42249,11421.566,2839.2111
42250,11427.7842,2426.6315
42251,11435.8632,3532.6836
42252,11429.0843,2528.4863
42253,11438.5185,3618.6253
42254,11439.6232,3537.078
42255,11415.3962,3747.0798
42256,11439.327,3297.0467
42257,11429.4955,2947.2554
42258,11455.852,3409.7853
42259,11412.9732,3462.5978
42260,11427.5409,2706.6556
42261,11466.1816,3047.9644
42262,11445.1961,3494.7771
42263,11415.6265,3425.588
42264,11422.4519,2460.9659
42265,11448.8625,2451.4889
42266,11441.2459,3697.6224
42267,11451.9196,3627.2934
42268,11442.7785,2331.211
42269,11417.2588,3538.8131
42270,11443.6261,2441.3675
42271,11467.7715,3114.8512
42272,11469.9765,3049.6068
42273,11456.8795,3759.7131
42274,11449.2316,2508.8485
42275,11416.7542,3723.641
42276,11467.6738,3668.5872
42277,11433.5148,2646.72
42278,11432.5853,3505.1273
42279,11428.6881,2801.8944
42280,11421.04,3647.8956
42281,11423.243,2893.0046
42282,11459.5653,3350.5483
42283,11429.5641,3701.8229
42284,11459.1786,2912.7825
42285,11431.7011,3525.1452
42286,11421.1709,3104.6277
42287,11418.0673,2438.9478
42288,11458.7444,2954.7248
42289,11438.8879,3003.9468
42290,11463.9795,2343.7096
42291,11451.7619,3483.342
42292,11453.3457,2411.9176
42293,11428.991,2768.239
42294,11436.719,2726.906
42295,11450.8767,3191.5617
42296,11468.2515,2380.6657
42297,11471.1476,2688.4518
42298,11435.4613,3662.6407
42299,11475.0696,2878.6064
42300,11473.1156,2924.4785
42301,11478.3362,3386.2609
42302,11444.2976,3309.8047
42303,11453.1671,2376.4392
42304,11449.931,3571.4978
42305,11442.7292,3646.8598
42306,11471.6233,3686.6097
42307,11427.5089,2617.0457
42308,11427.182,3620.7387
42309,11468.2763,2621.1189
42310,11465.2074,3371.9455
42311,11450.8154,2998.1742
42312,11437.9929,3054.7803
42313,11432.9243,3293.367
42314,11475.494,2822.3579
42315,11439.7021,2746.8711
42316,11476.6251,3574.2901
42317,11476.0348,2425.8711
42318,11440.8737,3337.6383
42319,11452.3379,3605.6093
42320,11479.027,3178.8265
42321,11468.9347,3577.7444
42322,11432.5392,2412.4717
42323,11461.984,3037.7959
42324,11431.4968,3099.6106
42325,11430.2483,2472.4047
42326,11431.2568,3747.2615
42327,11454.9274,3196.7938
42328,11448.1781,3106.1335
42329,11444.2788,2453.1954
42330,11480.3533,2739.9153
42331,11447.0668,2988.0534
42332,11443.341,2941.8235
42333,11434.0555,2815.0005
42334,11477.6762,2360.1165
42335,11440.5433,2744.5694
42336,11486.3246,2513.8208
42337,11472.1936,2974.4125
42338,11460.7874,2567.4877
42339,11453.5621,2397.9289
42340,11443.0872,3341.6754
42341,11468.4485,2866.6429
42342,11466.0709,2465.0034
42343,11464.0345,2391.8683
42344,11474.9167,3626.9129
42345,11457.4166,3246.6195
42346,11436.6715,3611.3424
42347,11435.4819,2349.3339
42348,11453.8079,3046.8473
42349,11473.3121,3161.1254
42350,11476.9177,3712.7051
42351,11475.0447,2438.5179
42352,11447.2046,2705.5908
42353,11437.544,3322.4187
42354,11460.5656,2667.887
42355,11467.5247,2733.4633
42356,11448.3554,3341.9437
42357,11484.9194,3230.0734
42358,11456.811,2941.5752
42359,11491.0491,2535.9846
42360,11447.4009,3692.2988
42361,11490.517,3286.7443
42362,11485.3401,3127.1542
42363,11445.4857,3585.3907
42364,11445.5128,3151.0623
42365,11444.9907,3273.413
42366,11491.6168,3019.9788
42367,11469.88,3239.7736
42368,11454.8008,3175.4246
42369,11456.9406,2369.7981
42370,11461.2256,3068.0372
42371,11494.6309,2892.5053
42372,11441.1848,2343.069
42373,11462.3845,3188.542
42374,11481.6456,3647.1462
42375,11471.5475,3441.9579
42376,11457.1785,3439.3237
42377,11456.7062,2429.7133
42378,11465.2219,3140.2592
42379,11486.1899,3655.7591
42380,11466.1041,3756.8214
42381,11477.9785,2725.4836
42382,11470.138,3218.6182
42383,11475.5299,2358.2978
42384,11465.0316,3723.1015
42385,11463.4565,2575.9018
42386,11446.6128,2351.0373
42387,11468.864,2842.6203
42388,11454.6639,3250.4782
42389,11490.6295,2694.3567
42390,11461.3858,3373.5401
42391,11456.3623,2696.2099
42392,11474.5594,2941.3169
42393,11449.3031,3152.0325
42394,11469.9795,3565.6511
42395,11463.0359,3565.8298
42396,11473.6468,3028.144
42397,11504.7807,3334.6189
42398,11482.5132,3494.5793
42399,11498.8062,2625.8529
42400,11488.7793,2494.982
42401,11472.8076,2569.4175
42402,11458.7604,3276.8241
42403,11463.342,2809.491
42404,11451.6135,2765.3894
42405,11495.3918,3145.9102
42406,11469.9324,3521.5528
42407,11464.2449,2351.6457
42408,11491.5173,3266.5607
42409,11452.9792,3559.4914
42410,11457.9922,2649.6882
42411,11454.1415,2570.1595
42412,11500.142,3401.9718
42413,11457.8982,3237.0736
42414,11502.0255,3006.3575
42415,11507.8435,3286.9027
42416,11457.0117,3135.804
42417,11507.7113,3678.303
42418,11470.5613,2371.8776
42419,11504.8407,3661.4081
42420,11457.9985,2662.1807
42421,11509.557,3660.7603
42422,11469.5964,3596.9204
42423,11476.5446,2685.0882
42424,11471.5757,2995.9046
42425,11463.9668,3315.3846
42426,11457.1383,3202.8955
42427,11503.1156,3231.2092
42428,11500.0758,2504.5143
42429,11495.065,3190.1163
42430,11487.4509,3000.5586
42431,11470.5293,3634.949
42432,11509.2098,2576.5142
42433,11463.641,3076.7717
42434,11472.8965,2760.759
42435,11509.6779,2663.4316
42436,11502.9607,3763.1804
42437,11484.8182,2870.5233
42438,11516.9427,3126.1545
42439,11482.4174,2349.5813
42440,11502.7083,3401.5728
42441,11490.6901,3665.6163
42442,11497.1066,2767.3779
42443,11490.5364,2837.2609
42444,11472.3737,3621.0199
42445,11476.0764,3059.6687
42446,11502.5104,3414.1789
42447,11491.1413,3655.7544
42448,11504.6356,3336.8235
42449,11471.119,3525.6803
42450,11466.1157,2953.1674
42451,11471.8723,3605.1678
42452,11509.3758,3442.4204
42453,11517.8183,2717.7101
42454,11493.6658,3725.075
42455,11521.1628,3531.2674
42456,11476.9804,2774.3774
42457,11477.4717,3613.3787
42458,11475.8596,3326.322
42459,11485.7654,2918.1243
42460,11504.8746,2824.9341
42461,11489.8273,2631.2713
42462,11486.4261,2862.0006
42463,11509.7757,3602.3062
42464,11512.3712,3704.4612
42465,11511.8031,3771.1167
42466,11490.0662,2947.686
42467,11515.6465,2924.2439
42468,11475.8504,2621.9375
42469,11473.0335,2951.7222
42470,11490.8926,2687.5711
42471,11505.9148,3273.9372
42472,11482.0985,3335.9292
42473,11494.1272,3172.4508
42474,11504.6405,3018.3878
42475,11526.3813,3058.0412
42476,11510.2655,2781.77
42477,11508.7982,3313.7746
42478,11497.083,3757.2556
42479,11482.355,3507.0785
42480,11522.3256,3265.7555
42481,11521.8377,3163.7541
42482,11493.6393,3183.0206
42483,11481.5504,2539.3261
42484,11524.0254,2593.845
42485,11495.2614,3289.5485
42486,11512.713,3121.7321
42487,11513.0103,2702.4942
42488,11522.5624,3716.8093
42489,11516.6711,2699.0842
42490,11487.5012,2973.9003
42491,11516.018,2537.9541
42492,11485.1205,3505.5545
42493,11511.6617,3360.623
42494,11484.8357,3226.9436
42495,11487.6483,3488.2381
42496,11481.3066,3006.3815
42497,11509.1193,3701.2283
42498,11511.6866,3339.9642
42499,11533.7371,2694.892
42500,11524.2098,3529.2311
42501,11503.8095,3186.4572
42502,11508.1609,3316.25
42503,11522.1052,3040.1728
42504,11536.0332,3529.8124
42505,11489.4654,3685.1629
42506,11536.1661,2710.4276
42507,11513.6224,2605.5799
42508,11519.8897,3654.5808
42509,11485.5217,2999.3765
42510,11488.3747,3552.4386
42511,11521.5753,3081.1262
42512,11504.4461,3413.6903
42513,11497.619,2713.5933
42514,11505.8707,3339.5247
42515,11486.8455,2588.2436
42516,11513.8559,3644.9118
42517,11539.4993,3328.4932
42518,11513.7194,2486.236
42519,11515.2883,2647.7301
42520,11487.2082,3193.7116
42521,11489.3144,3201.0555
42522,11503.7079,3740.2194
42523,11532.179,3336.511
42524,11512.7073,3581.8766
42525,11498.6467,3576.6596
42526,11511.4896,3160.0271
42527,11505.2301,3606.8078
42528,11523.9766,2344.1687
42529,11499.5079,3736.9964
42530,11520.7908,2771.6135
42531,11503.9076,2584.1502
42532,11501.2962,2608.2113
42533,11541.4661,3366.6069
42534,11529.9764,3519.9249
42535,11520.6481,3390.425
42536,11492.0957,3582.4958
42537,11498.3846,3366.948
42538,11504.1249,2746.7073
42539,11515.3127,3625.8736
42540,11501.4723,2882.8374
42541,11545.6546,3037.4172
42542,11528.879,3717.3476
42543,11505.0403,3606.82
42544,11521.02,2770.4255
42545,11511.0272,3582.1192
42546,11533.5751,3525.6746
42547,11543.9635,3380.2409
42548,11541.9546,3437.3788
42549,11506.8317,3646.937
42550,11497.5713,3199.0821
42551,11526.7188,3429.7338
42552,11513.6837,2647.6288
42553,11522.3471,3291.3502
42554,11533.9019,3384.1965
42555,11498.0064,3263.5748
42556,11506.3389,3418.8611
42557,11534.0417,2790.2949
42558,11549.435,3734.2959
42559,11498.7575,3173.4503
42560,11526.3733,3653.7803
42561,11540.7257,2640.3324
42562,11505.3042,3026.9034
42563,11499.8975,2892.8946
42564,11550.7374,3555.1379
42565,11549.4058,3209.638
42566,11501.9397,3241.887
42567,11505.7454,2893.1698
42568,11540.5908,3156.9184
42569,11537.5647,3738.7647
42570,11555.3716,2387.4642
42571,11539.9643,3122.1702
42572,11543.1226,3775.0539
42573,11523.7926,3019.954
42574,11551.7011,2891.3888
42575,11542.6027,2575.6537
42576,11540.2079,2444.8826
42577,11558.5321,3418.5301
42578,11549.0177,2978.5694
42579,11539.0489,3081.8024
42580,11526.903,3648.8795
42581,11541.6519,2817.4773
42582,11523.4766,3170.3186
42583,11540.1288,3028.013
42584,11551.0234,3419.2635
42585,11552.8143,3668.9527
42586,11506.0284,3321.7906
42587,11548.8448,3464.0986
42588,11512.4079,3018.1976
42589,11516.5143,2393.7972
42590,11546.2456,2832.7098
42591,11538.7487,2415.9895
42592,11545.9706,3589.9952
42593,11528.8206,2568.1082
42594,11555.1992,2811.6349
42595,11544.1749,2702.9571
42596,11558.5717,2952.3845
42597,11536.6107,3758.0592
42598,11521.1563,3082.8713
42599,11524.6969,3628.4957
42600,11531.7392,3390.3808
42601,11567.0382,3583.4323
42602,11543.7235,2894.7399
42603,11548.0529,3020.8952
42604,11520.5137,3395.0235
42605,11554.2269,3017.1888
42606,11529.8465,2547.9935
42607,11516.8157,3778.439
42608,11529.5574,2846.2066
42609,11566.5915,3150.4256
42610,11544.6116,2595.331
42611,11549.865,2806.8112
42612,11531.4897,2648.0222
42613,11554.4165,3363.8617
42614,11534.5118,2924.9902
42615,11554.2009,2371.7612
42616,11567.9492,3485.1616
42617,11562.693,3580.458
42618,11536.0753,2429.896
42619,11537.9306,3133.1712
42620,11534.0187,3418.314
42621,11564.798,2665.8675
42622,11551.8542,2666.0075
42623,11523.4201,2506.1562
42624,11522.6188,3760.7567
42625,11534.1117,2848.4139
42626,11529.4158,3253.9937
42627,11520.9417,3741.8289
42628,11553.5763,2743.2987
42629,11575.6209,2608.2634
42630,11529.1817,2976.676
42631,11539.8645,3562.6767
42632,11571.3067,2918.8184
42633,11542.2547,3743.685
42634,11524.0977,2498.1919
42635,11527.7345,3133.3441
42636,11558.8016,2853.3132
42637,11528.5316,3343.043
42638,11537.7411,2896.2168
42639,11565.7099,3044.7994
42640,11527.7922,3413.0474
42641,11566.9611,2711.2295
42642,11544.9595,3366.4716
42643,11548.839,2796.1881
42644,11550.0909,3691.5144
42645,11551.8308,3336.9999
42646,11550.7476,3337.0115
42647,11556.0998,2886.0166
42648,11580.167,3585.7093
42649,11560.5209,3768.9116
42650,11545.7136,3423.4933
42651,11526.638,2951.0717
42652,11562.7014,2399.5195
42653,11547.598,3369.3768
42654,11553.5156,2353.8156
42655,11550.819,3723.1233
42656,11556.17,2893.6594
42657,11545.4499,2375.4611
42658,11550.8991,2901.9651
42659,11530.6344,2387.7043
42660,11573.064,3780.9957
42661,11543.2413,2947.0554
42662,11538.0515,3651.8845
42663,11536.0917,2815.7256
42664,11534.8404,2848.7067
42665,11580.8846,3404.6702
42666,11587.4201,3508.5931
42667,11539.1268,3198.733
42668,11547.2168,3786.8168
42669,11544.2866,2657.3802
42670,11589.2761,3246.8212
42671,11587.1472,3079.9692
42672,11556.4306,2699.6181
42673,11579.9152,3395.1214
42674,11576.1161,2835.5115
42675,11579.807,3562.469
42676,11544.0688,2939.2487
42677,11588.4852,2690.5549
42678,11548.7901,2654.3516
42679,11538.1316,2470.3913
42680,11572.6535,3051.0173
42681,11558.3554,3459.6672
42682,11556.9066,3337.7448
42683,11588.4665,3466.7481
42684,11551.2143,3750.2167
42685,11542.6193,3261.4497
42686,11564.8864,2560.7697
42687,11543.2743,3013.9422
42688,11541.6591,3761.9175
42689,11595.308,2847.683
42690,11581.6624,3152.6934
42691,11552.387,3102.124
42692,11560.5718,2618.3611
42693,11586.3927,3276.6854
42694,11589.1937,2729.898
42695,11548.1727,2982.1966
42696,11548.1249,2801.6311
42697,11543.7831,3478.4727
42698,11566.1526,3300.746
42699,11545.7,3004.8046
42700,11582.7097,3505.1467
42701,11598.7342,3037.3824
42702,11578.9469,3423.2121
42703,11575.5362,3468.2705
42704,11574.5086,3207.2187
42705,11558.4478,2548.9245
42706,11548.1281,2593.6118
42707,11559.4329,2516.8094
42708,11571.2039,3310.991
42709,11571.1419,3593.3848
42710,11596.9415,2466.1854
42711,11560.0968,2853.5705
42712,11598.9984,2735.3536
42713,11557.2938,3227.9957
42714,11560.8219,2764.9077
42715,11548.152,3096.7098
42716,11595.5327,3529.3293
42717,11604.3371,3095.7516
42718,11594.3808,3547.9245
42719,11573.3636,3091.7793
42720,11592.8078,3237.8063
42721,11557.8497,3206.2475
42722,11604.5688,3480.2104
42723,11601.0005,3734.6689
42724,11570.0149,2717.5166
42725,11606.2937,3246.2652
42726,11587.2513,3611.3719
42727,11590.7095,3251.3226
42728,11602.8591,2717.0651
42729,11578.7645,2894.2577
42730,11596.6967,3603.5199
42731,11607.4596,3553.4407
42732,11601.6488,3301.1878
42733,11596.9616,2606.7092
42734,11593.3403,3522.8642
42735,11585.3468,3395.5231
42736,11598.3654,3095.1758
42737,11587.3939,2741.3869
42738,11606.5432,3270.7813
42739,11597.6477,3105.2663
42740,11607.5511,2832.1794
42741,11580.6566,2858.0046
42742,11605.3737,3654.3427
42743,11558.2296,3659.9411
42744,11561.7421,3076.0617
42745,11606.0047,3078.9323
42746,11607.9329,3559.4314
42747,11572.7916,3794.1453
42748,11607.8966,3005.8388
42749,11602.5058,3118.914
42750,11564.0241,3696.0787
42751,11581.0038,3328.9831
42752,11602.014,3438.9091
42753,11588.585,3597.85
42754,11576.7567,3496.989
42755,11563.6328,3259.6202
42756,11567.9672,3404.6532
42757,11603.3484,3124.3225
42758,11603.4687,3574.0476
42759,11616.3989,2986.4317
42760,11572.1127,2447.7591
42761,11611.3699,3554.6568
42762,11581.1823,2937.8791
42763,11619.7941,2751.4976
42764,11589.6088,2997.1123
42765,11592.2696,3674.494
42766,11589.0231,3432.6147
42767,11618.5863,3023.2251
42768,11579.3388,2818.3082
42769,11569.1339,2668.8243
42770,11580.3639,2409.538
42771,11616.8008,3306.5856
42772,11584.6553,3545.2541
42773,11596.8701,3229.3715
42774,11588.0792,3492.8897
42775,11602.1953,2580.7585
42776,11584.0384,3065.1404
42777,11578.6868,3253.0014
42778,11620.4305,2687.0483
42779,11627.3022,3189.467
42780,11583.156,3256.1164
42781,11575.0626,2582.2075
42782,11576.6403,2979.2789
42783,11617.2926,3065.962
42784,11580.0634,3541.2114
42785,11606.0576,2580.075
42786,11579.7006,3109.6935
42787,11617.3991,3380.0308
42788,11573.0574,3213.8767
42789,11624.2051,2849.713
42790,11611.7791,2940.027
42791,11582.7604,3637.9537
42792,11594.8929,2897.3869
42793,11584.1839,3046.7468
42794,11591.1894,3465.887
42795,11625.5658,3374.8877
42796,11603.6553,2370.1402
42797,11603.0393,3070.8355
42798,11614.516,2550.2929
42799,11589.115,3643.5013
42800,11618.6852,2507.6972
42801,11631.6733,3371.008
42802,11577.9721,3713.9009
42803,11607.602,3218.2424
42804,11624.1619,3268.4432
42805,11622.7418,2745.3574
42806,11629.5592,2837.8502
42807,11591.2389,3322.846
42808,11596.9108,3312.1786
42809,11609.2138,3784.371
42810,11603.6709,2867.0814
42811,11625.5904,3084.9397
42812,11617.3338,3109.3688
42813,11636.5811,3565.4421
42814,11603.581,3412.1556
42815,11587.7415,3381.6974
42816,11602.9987,3270.3662
42817,11590.3226,3227.2442
42818,11613.7598,3552.7654
42819,11616.9353,3446.3471
42820,11631.5878,2976.7748
42821,11593.8943,3648.5175
42822,11601.3684,3030.1731
42823,11615.213,3007.7605
42824,11621.1806,2694.7876
42825,11635.3249,3770.6793
42826,11616.4589,2854.4678
42827,11625.2015,3165.1284
42828,11641.6159,2516.1856
42829,11632.0451,2822.0977
42830,11589.0556,3695.652
42831,11614.8283,2799.5276
42832,11626.0635,2612.0458
42833,11626.022,3189.8502
42834,11634.0124,3795.9378
42835,11647.3717,2592.076
42836,11593.4028,3767.8678
42837,11638.0095,3697.8135
42838,11643.3519,3667.0639
42839,11645.5159,2680.3067
42840,11629.9154,3140.0388
42841,11628.4284,3254.0965
42842,11630.7478,2779.5584
42843,11596.5851,3613.7941
42844,11627.897,2798.3068
42845,11631.0901,3738.8015
42846,11633.6558,2384.1184
42847,11607.0637,3688.785
42848,11650.328,2389.4653
42849,11645.4873,3717.0944
42850,11604.7056,3753.2185
42851,11648.5941,3181.4653
42852,11633.3469,3452.3564
42853,11646.4177,3426.6833
42854,11604.9273,3475.2054
42855,11620.7685,2793.1516
42856,11601.932,3589.0355
42857,11627.2058,3684.6166
42858,11651.4963,3363.3995
42859,11617.1785,2918.9484
42860,11607.5057,2919.9024
42861,11631.8161,3408.1745
42862,11614.6015,3052.1616
42863,11631.4775,2597.3666
42864,11641.9225,3201.1482
42865,11608.3243,2766.2586
42866,11637.4025,2677.9405
42867,11628.6805,3193.7019
42868,11639.0164,3616.2428
42869,11608.5087,3326.3006
42870,11639.431,3169.8099
42871,11607.7379,3692.8846
42872,11626.3411,2752.7406
42873,11624.4121,3577.4797
42874,11616.0343,3362.2602
42875,11611.4633,3662.631
42876,11626.0921,3249.4667
42877,11656.9088,2999.9732
42878,11616.7065,2390.8492
42879,11626.5671,3286.3664
42880,11657.8918,2981.2986
42881,11630.5283,3090.0631
42882,11627.2136,3659.3997
42883,11660.2778,2731.831
42884,11619.5883,2962.5677
42885,11642.4044,2772.0049
42886,11654.2037,3029.6218
42887,11653.6329,3077.3791
42888,11636.3057,2471.1392
42889,11650.7899,3643.5385
42890,11624.0463,3330.889
42891,11615.0046,2653.406
42892,11637.3959,2705.6878
42893,11659.8626,3771.7907
42894,11662.7521,3346.359
42895,11668.3183,3766.8574
42896,11650.3546,2821.5791
42897,11618.015,2856.2828
42898,11635.737,2962.3432
42899,11665.0485,3099.5932
42900,11640.4706,3730.9076
42901,11618.7549,3670.6104
42902,11665.5728,3034.4277
42903,11654.2077,3602.7212
42904,11628.634,3561.3839
42905,11628.2077,3786.2641
42906,11618.8195,2755.0203
42907,11630.1686,3615.1529
42908,11637.2429,2954.7467
42909,11656.9599,2590.1521
42910,11663.1099,2895.9593
42911,11631.7209,2694.6137
42912,11643.5373,3107.8064
42913,11651.1792,2599.6728
42914,11635.3076,3696.0106
42915,11623.5187,3125.648
42916,11662.2603,2990.9112
42917,11635.6211,2789.4981
42918,11630.9164,3176.3629
42919,11643.8058,2696.7045
42920,11622.8746,2377.0763
42921,11632.9764,3470.9111
42922,11644.4577,3310.661
42923,11641.277,2879.0639
42924,11667.3415,3544.2132
42925,11666.547,2391.5622
42926,11636.4494,3663.0109
42927,11659.0411,2472.935
42928,11680.2959,2768.2461
42929,11633.3448,3634.1972
42930,11641.6253,3574.012
42931,11627.1986,3541.3041
42932,11658.2841,3000.7467
42933,11669.6723,3226.3619
42934,11641.3892,3549.2382
42935,11667.042,3135.2058
42936,11650.9842,2798.8198
42937,11678.5653,3788.4639
42938,11664.8693,3080.3729
42939,11630.511,2685.9141
42940,11629.2751,2964.9661
42941,11655.6734,3138.1265
42942,11632.0317,3228.8697
42943,11660.9546,3734.0087
42944,11674.3035,3255.4282
42945,11653.6518,2675.9476
42946,11678.0429,2942.6444
42947,11671.1262,3455.4796
42948,11680.4789,2540.4842
42949,11633.7717,2449.7643
42950,11666.2934,2381.9085
42951,11668.0566,3416.7358
42952,11667.2879,3484.0738
42953,11644.1653,2871.5535
42954,11642.1654,2653.8411
42955,11665.2682,2654.2743
42956,11687.3347,3037.6303
42957,11641.2384,3673.6291
42958,11686.169,2999.2236
42959,11640.2041,3300.3965
42960,11652.3572,3745.1891
42961,11668.2757,3496.1998
42962,11658.9611,2647.6689
42963,11646.1749,3577.465
42964,11659.6307,3042.3541
42965,11673.3281,2995.6383
42966,11667.0533,3497.4717
42967,11681.0089,3658.5135
42968,11658.4799,2949.3022
42969,11655.1329,3620.3753
42970,11675.5742,2468.1464
42971,11641.7722,2913.3365
42972,11648.9847,3751.9838
42973,11662.8171,3251.3662
42974,11690.3374,2572.0727
42975,11661.1422,3810.786
42976,11699.8166,3010.8652
42977,11690.0205,2756.8966
42978,11688.1548,2417.0717
42979,11683.5102,2741.7016
42980,11684.1854,3128.9354
42981,11660.9288,3784.0527
42982,11691.0656,2857.9331
42983,11662.9032,3549.3503
42984,11651.7658,2721.5945
42985,11651.8981,2667.9226
42986,11677.5529,2565.3562
42987,11702.7615,3329.0768
42988,11705.6262,2795.7262
42989,11703.3992,2819.3091
42990,11663.6744,2485.5956
42991,11677.9271,3836.8541
42992,11684.2969,3319.6722
42993,11670.6751,2560.9137
42994,11651.9448,3717.9749
42995,11681.0586,3375.1578
42996,11662.2915,3382.5239
42997,11664.1296,2739.9554
42998,11681.9847,3234.3036
42999,11677.9,2676.6998
43000,11702.4054,2784.211
43001,11655.8812,3233.7775
43002,11663.6084,2952.9078
43003,11661.786,3512.4289
43004,11686.5789,3697.2137
43005,11700.0061,3132.5026
43006,11667.7193,3795.4833
43007,11681.5552,3808.7249
43008,11691.9763,3817.9329
43009,11707.1499,3458.3361
43010,11699.1314,2789.4708
43011,11684.8335,3479.8304
43012,11701.9979,3506.1139
43013,11663.6704,3299.1921
43014,11692.8431,3768.0611
43015,11715.4822,3083.8726
43016,11712.51,2777.3828
43017,11669.3676,3549.9256
43018,11714.8777,2716.9603
43019,11688.6644,3784.0746
43020,11699.4411,3041.9829
43021,11705.6304,3701.8053
43022,11681.7437,2947.2372
43023,11676.9682,2827.663
43024,11683.9372,3413.8009
43025,11708.6131,2878.5758
43026,11671.2042,2372.7624
43027,11665.9764,2958.972
43028,11672.1748,2474.4305
43029,11703.2461,3189.0459
43030,11692.4564,3815.57
43031,11687.7822,2624.1836
43032,11676.618,2732.8153
43033,11697.2519,3789.8924
43034,11676.4422,3009.5701
43035,11714.0092,3236.5298
43036,11679.7136,3688.7799
43037,11685.4795,3520.9038
43038,11684.1042,3514.5311
43039,11695.6586,3669.8484
43040,11719.4136,3618.6193
43041,11692.023,3190.6159
43042,11692.2102,3131.3116
43043,11681.1379,3576.3102
43044,11718.6752,3270.3729
43045,11729.5059,3787.1863
43046,11712.3638,3031.7136
43047,11681.6261,2655.6156
43048,11694.5131,3181.2189
43049,11700.4261,3138.9782
43050,11712.4606,3674.085
43051,11721.7073,3701.0583
43052,11719.5795,2580.5556
43053,11696.8088,2680.6832
43054,11695.27,3625.6548
43055,11675.7552,3258.2285
43056,11685.3661,2661.2098
43057,11689.1065,3598.2803
43058,11685.7226,3557.8529
43059,11710.11,3456.5537
43060,11687.769,2895.6022
43061,11734.2326,3104.4581
43062,11716.9119,3007.7027
43063,11700.1544,2802.8458
43064,11699.4176,3124.1077
43065,11736.6928,3446.3444
43066,11689.7505,3596.5907
43067,11697.0558,2596.8831
43068,11712.471,2722.5871
43069,11720.5443,3286.3544
43070,11719.317,3404.0403
43071,11707.9156,3005.0211
43072,11716.071,3239.4235
43073,11739.9487,2642.976
43074,11707.2638,2597.6277
43075,11709.5958,3115.4146
43076,11714.6419,3374.1491
43077,11732.8077,2446.0541
43078,11735.4434,3776.5209
43079,11694.7362,3728.7507
43080,11697.6473,2998.2949
43081,11691.2603,2838.9804
43082,11704.3713,3577.0099
43083,11733.8763,2740.9234
43084,11742.0791,3133.086
43085,11726.2873,2643.5852
43086,11745.3585,2542.8195
43087,11727.2438,2552.7541
43088,11736.0243,3273.5618
43089,11734.6117,2979.6445
43090,11728.2413,2932.11
43091,11700.8238,3362.3077
43092,11746.4304,3476.0744
43093,11712.9222,3137.0788
43094,11695.3448,2673.3647
43095,11746.66,3520.9387
43096,11727.1625,2867.6194
43097,11725.7236,2915.4055
43098,11746.1676,3818.5534
43099,11739.8763,3787.6686
43100,11707.322,3765.7495
43101,11724.0527,2892.3859
43102,11751.4232,3509.829
43103,11709.5533,3624.0049
43104,11754.0999,3594.8743
43105,11745.5612,2457.9086
43106,11701.4423,2385.1356
43107,11732.4082,3375.8755
43108,11729.0048,3217.6454
43109,11738.7527,3540.8005
43110,11705.0344,3740.788
43111,11751.66,2391.0837
43112,11710.642,3355.8175
43113,11717.592,3275.7975
43114,11726.5412,2689.3811
43115,11747.5968,3571.2063
43116,11733.3327,3587.6979
43117,11733.4253,2758.0374
43118,11717.4534,3354.1539
43119,11724.9577,3477.8874
43120,11706.0834,3682.1263
43121,11729.0079,2406.073
43122,11711.0642,3556.4189
43123,11762.083,2758.7721
43124,11719.342,2984.4277
43125,11761.0042,2996.0596
43126,11726.7759,3471.3571
43127,11728.3293,3728.0346
43128,11708.4054,2808.3372
43129,11747.7222,3734.5694
43130,11718.0333,2814.0248
43131,11758.4542,2937.8463
43132,11766.1599,3624.1131
43133,11725.94,3514.4698
43134,11768.0007,2459.9209
43135,11753.1574,3201.6005
43136,11736.9523,2678.1693
43137,11746.8119,3209.1829
43138,11721.5543,3541.0594
43139,11726.686,3817.6869
43140,11758.0483,3724.3784
43141,11749.7112,2796.7714
43142,11770.8971,2660.2451
43143,11718.0806,3615.559
43144,11742.4975,3592.0287
43145,11756.6162,2806.8836
43146,11757.1219,2803.0888
43147,11724.306,3528.7351
43148,11760.8071,3177.6396
43149,11727.7001,2843.1506
43150,11754.4452,2814.7308
43151,11765.0226,3098.5542
43152,11749.7649,3289.4838
43153,11755.5954,2951.4724
43154,11733.0748,2439.2125
43155,11719.2037,3631.7779
43156,11743.9632,3680.8361
43157,11726.165,3642.0553
43158,11731.1146,3230.1178
43159,11771.2941,3617.7045
43160,11761.8401,3578.5652
43161,11739.6092,2389.9538
43162,11761.8711,3152.7823
43163,11768.7947,2606.1229
43164,11779.4739,2558.2598
43165,11726.3023,3284.2218
43166,11765.5935,2409.5578
43167,11738.501,2914.9752
43168,11764.8259,3200.3045
43169,11764.5553,3238.5561
43170,11771.206,2570.6924
43171,11742.885,2424.4879
43172,11753.8397,3780.1834
43173,11750.4488,3164.087
43174,11783.5523,3144.9929
43175,11776.0334,3262.7652
43176,11743.7483,3085.8765
43177,11757.3907,3636.461
43178,11761.6569,3447.122
43179,11759.9504,2566.4955
43180,11777.0267,3655.5892
43181,11788.6864,2733.9963
43182,11768.4057,2713.4124
43183,11743.1598,3500.3334
43184,11738.5317,2904.8288
43185,11741.4029,2568.2194
43186,11785.5665,2670.2674
43187,11741.0582,3553.9348
43188,11768.343,2978.1475
43189,11735.4121,2811.9504
43190,11759.0147,3227.5388
43191,11790.5515,3667.5444
43192,11737.3993,3132.5867
43193,11743.4003,2529.8755
43194,11791.2641,2979.0536
43195,11780.369,3324.0775
43196,11771.1134,2422.8728
43197,11751.5002,3425.5493
43198,11749.9157,3550.4526
43199,11779.2644,3591.6885
43200,11771.7395,3369.4916
43201,11750.5514,2975.4275
43202,11773.165,3646.0388
43203,11771.5155,3363.339
43204,11769.4127,2537.5116
43205,11764.4154,3166.7299
43206,11758.0212,3859.7646
43207,11763.6283,3459.7774
43208,11794.3694,2677.6119
43209,11780.0409,3636.9887
43210,11787.8834,3573.9977
43211,11755.7529,2689.2749
43212,11790.4307,3657.3378
43213,11764.3023,3699.0827
43214,11772.55,2466.3476
43215,11751.174,2687.5608
43216,11771.1586,3204.7948
43217,11749.3461,2730.0748
43218,11773.934,2877.1094
43219,11753.0433,3659.7322
43220,11776.8945,2854.5225
43221,11760.5383,2452.3234
43222,11801.612,2884.3342
43223,11759.2756,3656.6517
43224,11761.0278,3154.1284
43225,11806.996,3589.1423
43226,11753.1485,3476.8108
43227,11790.4376,2981.7806
43228,11808.06,3313.7903
43229,11757.7991,3218.4761
43230,11771.322,3150.339
43231,11780.4308,2809.851
43232,11807.4737,2945.515
43233,11768.0139,3624.8651
43234,11809.0132,3485.0816
43235,11787.9064,3726.0617
43236,11761.6436,3462.9864
43237,11760.1419,3489.174
43238,11758.3316,3317.3744
43239,11759.0584,3359.7927
43240,11811.2715,3138.1981
43241,11799.6356,2895.9956
43242,11789.7957,3519.2768
43243,11765.4171,2420.5211
43244,11815.6992,3053.3021
43245,11807.1954,3137.8476
43246,11778.0733,2918.9105
43247,11769.087,3245.862
43248,11811.7436,2776.9034
43249,11775.62,2828.72
43250,11794.1624,2460.7941
43251,11814.2875,2856.7141
43252,11784.4744,2475.3388
43253,11776.0047,2719.6268
43254,11820.4684,3216.7678
43255,11775.8059,2859.8634
43256,11809.1682,3619.6873
43257,11806.0455,2770.9863
43258,11786.9205,3273.6832
43259,11773.2562,2515.9488
43260,11789.0016,2836.982
43261,11788.0342,3494.2411
43262,11803.3745,2571.46
43263,11778.0476,3398.9225
43264,11771.7811,3280.7769
43265,11774.1389,3550.5795
43266,11811.8286,3869.4779
43267,11804.2473,3287.7414
43268,11826.0232,3165.9821
43269,11799.8981,2715.9469
43270,11789.5665,3155.0083
43271,11806.2758,2810.8867
43272,11784.5371,2938.5792
43273,11830.243,3358.8788
43274,11816.7761,3712.3149
43275,11813.7248,2529.7335
43276,11806.9382,3670.8604
43277,11807.9263,3079.957
43278,11792.3263,3214.4723
43279,11827.014,2768.662
43280,11799.6262,3828.3097
43281,11778.8281,3396.2002
43282,11787.5603,2465.2206
43283,11789.0224,3185.9749
43284,11829.1048,2931.8303
43285,11790.9048,2676.7241
43286,11809.0355,2548.4053
43287,11830.2574,2724.7065
43288,11805.671,3432.0313
43289,11795.3065,3478.7219
43290,11829.8684,2758.9086
43291,11788.7343,2823.7578
43292,11801.4304,2781.5284
43293,11788.0838,3582.4852
43294,11832.9491,3458.1356
43295,11820.3586,2833.2109
43296,11828.8685,3271.2066
43297,11793.2181,3564.477
43298,11837.6084,2605.6971
43299,11804.8996,3553.8261
43300,11834.8471,2435.2228
43301,11809.2423,3766.9163
43302,11837.3295,3280.1253
43303,11846.1799,3438.4943
43304,11821.5732,3195.5035
43305,11829.3072,3341.2489
43306,11825.9432,2871.5115
43307,11833.7032,3872.6369
43308,11790.9483,3596.6852
43309,11844.6837,3178.6491
43310,11830.8205,3762.4299
43311,11807.7,3308.4629
43312,11842.8302,3509.9619
43313,11847.0635,3346.0926
43314,11801.8621,3703.6636
43315,11817.0161,2491.2644
43316,11812.7453,2506.0586
43317,11830.1831,3229.1756
43318,11846.917,3797.7896
43319,11799.1856,2901.4944
43320,11812.0255,2544.2619
43321,11851.7274,3276.3691
43322,11847.218,3462.6547
43323,11805.3388,3183.7972
43324,11808.6311,2401.4166
43325,11816.5482,3275.6501
43326,11852.0547,3177.8294
43327,11844.5571,2522.1228
43328,11813.207,3591.77
43329,11836.3061,2800.4537
43330,11845.6023,3255.9689
43331,11857.1557,3422.805
43332,11851.9872,3321.4343
43333,11838.2261,3825.7509
43334,11850.7458,3297.8578
43335,11806.2512,2604.6621
43336,11809.3656,2959.0059
43337,11826.7503,3843.551
43338,11830.4463,3688.5821
43339,11834.3977,3621.3817
43340,11840.7674,3343.6891
43341,11854.028,3505.4087
43342,11856.473,3584.5435
43343,11810.6169,3244.2588
43344,11867.3358,3285.6211
43345,11854.9826,3787.4888
43346,11827.1395,3424.5649
43347,11859.8171,3367.1483
43348,11858.8963,3175.4097
43349,11849.0793,3511.1115
43350,11841.9499,2645.1622
43351,11839.5432,2946.1756
43352,11859.8581,2860.7919
43353,11861.4554,3315.3271
43354,11844.5829,3143.3213
43355,11827.1371,3574.0273
43356,11871.3729,3580.5012
43357,11824.7229,2685.3886
43358,11850.2083,3799.4388
43359,11822.0674,2696.7161
43360,11874.9678,2991.7743
43361,11826.2963,3430.7789
43362,11834.813,3670.4511
43363,11870.5092,2568.2347
43364,11831.9859,3326.2014
43365,11836.9231,3283.678
43366,11832.2348,2996.1291
43367,11822.45,3544.2298
43368,11828.4038,3868.9533
43369,11833.9052,2536.5965
43370,11826.0223,2688.2022
43371,11833.7512,3239.6526
43372,11838.671,3163.2147
43373,11877.3513,3152.5751
43374,11877.1084,3274.6333
43375,11881.1224,2823.1043
43376,11846.9917,3073.0021
43377,11876.4679,2613.9142
43378,11837.6251,3401.0481
43379,11829.3318,2644.4301
43380,11882.2326,3521.5933
43381,11858.4891,3806.7469
43382,11855.3809,2958.8822
43383,11881.3443,3562.3884
43384,11864.3633,2723.9089
43385,11842.5136,3352.1953
43386,11854.78,3256.6165
43387,11864.5384,2589.2721
43388,11861.3554,2596.7114
43389,11855.8082,3553.2508
43390,11880.8053,3312.1435
43391,11841.2023,2689.0266
43392,11882.9723,3024.3216
43393,11875.342,3467.2121
43394,11840.1336,3241.9634
43395,11875.6559,3097.9294
43396,11850.1852,3318.1562
43397,11880.3884,3631.9353
43398,11838.5946,2973.3369
43399,11889.8676,2484.5743
43400,11866.9796,3775.5049
43401,11837.5719,3389.8051
43402,11862.4081,2992.0356
43403,11887.2549,3888.519
43404,11893.8572,3854.4585
43405,11856.8014,3790.3162
43406,11855.1246,2412.8071
43407,11845.5335,3080.3622
43408,11898.3938,2783.6955
43409,11873.6315,3661.0929
43410,11878.3892,2600.5088
43411,11870.0044,3705.5538
43412,11860.3313,2985.1687
43413,11877.6107,2606.7219
43414,11845.8768,2909.5155
43415,11849.0996,2666.9724
43416,11850.4511,2958.7648
43417,11888.8706,3577.337
43418,11894.7653,3635.2935
43419,11859.9362,3298.8188
43420,11877.2638,2774.788
43421,11871.4329,3888.2221
43422,11879.3006,2975.6352
43423,11899.6738,3739.2738
43424,11880.2123,2842.282
43425,11885.0333,2951.2228
43426,11904.5033,3446.049
43427,11858.3569,3722.6706
43428,11858.655,3237.3184
43429,11905.799,3563.3835
43430,11873.5727,3213.0179
43431,11891.3506,2444.463
43432,11885.3936,3707.8931
43433,11896.2049,3307.9706
43434,11884.9264,2657.6475
43435,11874.6051,2617.1868
43436,11894.271,3774.4387
43437,11884.2742,3199.5056
43438,11895.131,2776.2549
43439,11873.6794,3794.8309
43440,11862.2452,3307.3219
43441,11896.5186,2830.8111
43442,11884.4336,2743.2338
43443,11892.0417,3217.6333
43444,11870.7511,3070.6004
43445,11873.7997,3037.037
43446,11900.7561,3231.546
43447,11910.5574,3490.8302
43448,11859.5721,3276.1887
43449,11907.0301,2982.6243
43450,11887.3764,3901.9534
43451,11877.008,2865.3943
43452,11864.9402,3666.077
43453,11863.8828,3416.6603
43454,11889.0137,3568.1192
43455,11905.7807,3819.1044
43456,11883.7668,3232.4468
43457,11911.7023,3682.0887
43458,11898.9159,3395.5445
43459,11903.6456,3759.9324
43460,11892.8408,3840.7875
43461,11919.1578,3381.2022
43462,11883.712,2589.3397
43463,11924.2492,3875.8931
43464,11892.4361,2674.8912
43465,11876.7342,3564.8807
43466,11890.6629,2732.6246
43467,11886.6677,3443.0504
43468,11894.5665,3557.4674
43469,11925.415,2780.2423
43470,11901.1926,3652.883
43471,11909.4452,2926.5668
43472,11896.7711,2545.7257
43473,11872.2591,3164.5242
43474,11891.165,3160.7432
43475,11879.6107,2772.5457
43476,11873.3243,3847.7388
43477,11882.5551,3820.923
43478,11883.0244,3892.7058
43479,11896.1784,3080.7943
43480,11908.4221,3539.1491
43481,11929.6929,2449.7304
43482,11885.7701,3546.5777
43483,11929.5558,3081.1235
43484,11891.3532,3622.5253
43485,11930.1337,2704.5197
43486,11922.6808,3821.6495
43487,11933.8683,2921.9408
43488,11909.4474,2534.2614
43489,11882.1937,3535.3703
43490,11923.5858,2459.0205
43491,11898.1018,2778.2391
43492,11907.6154,3635.4955
43493,11937.1699,3329.5884
43494,11933.8715,3604.3401
43495,11884.0914,3588.176
43496,11935.2311,3371.3838
43497,11925.1877,2511.2385
43498,11910.0313,3376.2615
43499,11922.7707,3418.321
43500,11883.975,2803.2393
43501,11914.7048,3070.8052
43502,11909.6704,3726.7923
43503,11901.6748,3539.7281
43504,11907.8477,3705.1855
43505,11891.9679,3566.4212
43506,11906.5212,3333.0639
43507,11927.3916,2436.8339
43508,11943.4212,3879.1923
43509,11912.8683,2919.7853
43510,11947.4086,2657.6364
43511,11931.3301,3473.0655
43512,11911.6492,3882.8836
43513,11945.5812,2753.0805
43514,11924.5471,2697.0602
43515,11924.088,2751.6528
43516,11950.5663,3707.9205
43517,11942.9958,2627.7601
43518,11932.7223,3632.6636
43519,11910.0916,3450.6405
43520,11894.9173,3710.1944
43521,11950.6054,3389.6128
43522,11941.1535,3651.5073
43523,11938.792,3297.1656
43524,11922.414,3286.1823
43525,11898.1928,3567.621
43526,11899.6277,3872.7535
43527,11941.5188,2725.2032
43528,11925.961,3370.538
43529,11922.2451,2619.3754
43530,11923.8512,3138.7912
43531,11927.8151,3259.1329
43532,11948.1518,3498.0891
43533,11902.0602,2677.0381
43534,11922.8491,2649.3419
43535,11947.7887,3326.2164
43536,11914.7063,2482.4986
43537,11918.4015,3876.9983
43538,11917.7527,2817.3262
43539,11934.4136,3831.4192
43540,11906.9088,3155.0552
43541,11943.3581,3348.2961
43542,11903.4201,2939.5283
43543,11932.4927,2609.0688
43544,11933.6755,2694.065
43545,11936.2353,3285.8455
43546,11922.9865,3597.3065
43547,11918.1901,3125.3596
43548,11952.1296,3506.4145
43549,11945.0565,2900.3796
43550,11966.2509,2971.3493
43551,11926.6987,3243.7943
43552,11956.9792,3185.4824
43553,11956.6009,3085.0353
43554,11921.4683,2803.2534
43555,11941.5944,3773.136
43556,11963.5192,3221.8426
43557,11918.9253,3481.1172
43558,11931.352,3145.4926
43559,11962.9599,3565.8835
43560,11944.4346,3732.0965
43561,11950.5273,3524.6675
43562,11953.7118,3069.1027
43563,11923.9465,3791.9791
43564,11913.649,3889.0933
43565,11958.0384,3287.95
43566,11941.6799,3571.3425
43567,11973.9125,2575.7162
43568,11973.6544,2584.2907
43569,11921.7233,3419.8011
43570,11953.4864,3099.0127
43571,11945.8848,2646.9266
43572,11963.3482,3260.8984
43573,11930.3621,3261.4429
43574,11947.2289,3777.4797
43575,11921.4161,3807.8228
43576,11965.1875,3681.0104
43577,11965.5419,3703.5061
43578,11937.2717,2542.0464
43579,11921.616,3111.6977
43580,11964.0856,3815.1351
43581,11940.1083,3772.5612
43582,11923.7532,3885.0013
43583,11974.9446,3551.6421
43584,11938.4958,3528.5886
43585,11975.2633,3248.0351
43586,11945.764,3352.64
43587,11931.4282,3054.8941
43588,11944.3195,3760.8861
43589,11965.2108,3000.2727
43590,11944.0775,2826.9804
43591,11939.6765,3138.2784
43592,11978.4219,3764.7072
43593,11928.0972,3444.1586
43594,11950.9704,3644.2291
43595,11981.1475,3454.4037
43596,11972.8957,2625.9033
43597,11965.1078,3189.1801
43598,11955.1936,3641.1059
43599,11951.9529,3064.2917
43600,11973.4027,3377.1163
43601,11938.8408,3861.7255
43602,11942.3485,3345.5456
43603,11972.6277,2816.2725
43604,11949.9177,3773.8607
43605,11939.0774,3615.0738
43606,11946.5633,3551.2086
43607,11942.1026,3374.9021
43608,11951.4178,3776.715
43609,11970.3998,2847.7618
43610,11957.3027,3390.084
43611,11938.4182,3429.6214
43612,11970.9247,3692.4171
43613,11943.4747,3691.8285
43614,11981.1718,2640.2613
43615,11959.6411,3882.3634
43616,11942.0485,3803.5833
43617,11951.5938,3879.5183
43618,11982.0212,3014.067
43619,11964.4762,3548.2397
43620,11955.52,3557.0054
43621,11994.8089,2685.5592
43622,11980.3645,2899.0119
43623,11939.1593,3187.9689
43624,11962.0235,3654.5379
43625,11958.2532,3263.4923
43626,11966.2913,3600.8191
43627,11967.436,2584.2771
43628,11955.3747,2762.3371
43629,11979.0908,2861.6525
43630,11983.5124,3666.4742
43631,11984.8101,3461.1173
43632,11998.6526,2874.1587
43633,11954.7229,2637.3136
43634,11999.9322,3084.955
43635,11994.12,3394.0112
43636,11970.4699,3457.4012
43637,11994.2021,3129.6414
43638,11975.9455,3867.1877
43639,11974.2534,3309.0731
43640,11956.189,2556.446
43641,11949.2298,3542.152
43642,11989.5021,3725.8209
43643,11953.513,3673.826
43644,11966.9597,2596.5435
43645,11978.8575,2509.6269
43646,11954.4902,3601.7915
43647,12008.8453,2534.771
43648,11990.2257,3720.803
43649,11966.9843,3200.202
43650,11967.271,3372.073
43651,11972.1361,2970.0439
43652,11954.8793,3175.2321
43653,11971.3053,3518.8381
43654,11959.6425,3390.5173
43655,11970.6789,2953.5446
43656,11968.1381,2644.2546
43657,11995.3385,3232.3961
43658,11967.3238,2742.4661
43659,12000.6895,2701.9908
43660,11974.3805,3339.1866
43661,11964.3538,2547.2541
43662,12000.3001,3601.1801
43663,11966.5614,2960.9272
43664,11975.1017,3191.9588
43665,11966.6495,3202.2776
43666,11974.9851,3391.04
43667,11970.882,3858.7326
43668,12000.9715,2738.8884
43669,11984.8738,2988.0801
43670,11972.6516,2886.9147
43671,11985.5644,3798.2698
43672,12003.8864,2735.1516
43673,11989.8937,3826.1712
43674,12006.4041,3533.9373
43675,11983.2849,3361.1191
43676,12011.6086,3287.0438
43677,11979.2571,2442.1703
43678,11962.5166,3753.4907
43679,11979.9901,3280.8391
43680,11976.6169,2792.8004
43681,12001.2922,3922.4216
43682,11977.1864,3784.8887
43683,12014.818,3180.3469
43684,11976.4909,3098.366
43685,12008.546,3148.2843
43686,12008.6362,2653.688
43687,12000.2063,3513.1124
43688,11979.0639,3440.0573
43689,12004.1617,3770.2071
43690,12003.7063,3249.1092
43691,11985.5474,3013.2622
43692,11982.6588,3756.3145
43693,12024.5658,3605.9075
43694,12017.9813,3190.6593
43695,12007.3278,2707.1447
43696,12020.3013,3048.3292
43697,11997.4021,3694.502
43698,12025.6699,3254.3057
43699,12018.7186,2733.3439
43700,11987.4525,2444.5827
43701,11972.0752,2901.1102
43702,12027.0015,3852.6279
43703,11977.0673,3902.965
43704,12005.4553,2985.0789
43705,12015.4765,2777.6112
43706,11993.3695,2941.7909
43707,11985.1218,3666.8512
43708,12025.178,2896.6769
43709,11980.6365,3613.5199
43710,12006.2013,3354.112
43711,12031.8932,3178.8354
43712,11977.051,3400.6608
43713,11992.0454,3577.82
43714,11988.1831,2900.3653
43715,12003.19,3884.1645
43716,11994.4184,2558.659
43717,12007.8866,3863.293
43718,11998.0965,2472.8521
43719,11989.4768,3910.1994
43720,11986.7242,3894.0308
43721,12024.4292,2833.4881
43722,12031.0594,2816.6661
43723,12029.5319,3000.5591
43724,11996.9079,3093.1752
43725,11989.4186,2838.1226
43726,11991.5737,3591.8704
43727,12014.8931,3085.6684
43728,12032.3136,2765.6404
43729,12024.5445,2792.0324
43730,12001.4908,3558.6285
43731,12013.3601,2491.1605
43732,12027.6437,3243.6726
43733,12020.7838,3740.7091
43734,12036.5997,3804.475
43735,11995.6515,2788.168
43736,12024.1417,3540.4329
43737,12040.1222,3675.3347
43738,12016.3547,2848.7718
43739,12027.4816,3905.5384
43740,12013.3787,3549.8194
43741,12039.8536,3424.2827
43742,11998.1298,3054.251
43743,12015.3559,3806.9261
43744,12024.8514,3873.9058
43745,12046.5407,2582.3733
43746,12004.6821,2628.6362
43747,12035.1196,3418.0098
43748,12024.1031,3065.4725
43749,12036.3877,2928.1278
43750,12048.4769,2472.9116
43751,12021.4348,3239.5343
43752,12046.6093,3274.8872
43753,12006.0937,3709.0054
43754,12011.9835,2933.0484
43755,12049.9487,2474.4183
43756,12025.511,2846.9435
43757,12005.333,3022.5597
43758,12045.219,3861.6206
43759,12023.2193,2452.4671
43760,12047.3768,3073.141
43761,12051.3518,3398.2676
43762,12022.9946,3683.0154
43763,12042.2172,2495.0948
43764,12007.2943,3800.114
43765,12049.2456,3815.9543
43766,11998.0279,2641.843
43767,12014.7203,3437.6026
43768,12017.5218,3380.1952
43769,12041.0805,3719.1872
43770,12049.409,3559.5433
43771,12019.9411,3531.1131
43772,12054.5814,2649.5163
43773,12014.3367,3778.2889
43774,11997.5944,2552.1806
43775,12034.8072,3362.1349
43776,12056.4997,3502.1445
43777,12013.1902,3797.439
43778,12051.4848,2870.6965
43779,12005.6589,2836.4439
43780,12054.0146,3626.9216
43781,12017.6024,2846.9047
43782,12049.5767,3878.848
43783,12026.6824,3865.8587
43784,12001.0789,3479.8147
43785,12027.5094,3523.1283
43786,12037.9839,3718.9153
43787,12041.7863,3557.6149
43788,12057.7274,2664.7124
43789,12039.8201,3228.6056
43790,12039.8843,3152.0141
43791,12019.9044,3137.199
43792,12024.7978,3939.0659
43793,12061.1289,3908.1969
43794,12030.6842,3553.4859
43795,12004.4391,2874.5845
43796,12029.5069,2664.356
43797,12061.0308,2937.1137
43798,12044.5603,3574.5823
43799,12018.9824,3274.7716
43800,12060.3609,2602.1505
43801,12060.8472,3292.6317
43802,12008.3381,3477.2126
43803,12040.0453,3683.9696
43804,12043.7526,3349.714
43805,12007.4766,3711.0367
43806,12012.7673,3204.6631
43807,12022.6391,3012.8337
43808,12009.5246,2491.6109
43809,12041.7845,3105.5871
43810,12042.4101,3850.6201
43811,12056.6635,2589.3768
43812,12022.1355,3467.2511
43813,12030.0384,3333.9109
43814,12013.0081,3673.1019
43815,12029.2276,2742.3608
43816,12053.6743,2833.7635
43817,12040.3969,3011.7889
43818,12053.9196,3121.8812
43819,12024.676,3627.6633
43820,12070.3828,3240.2417
43821,12069.2077,3106.4718
43822,12032.1495,3605.7964
43823,12012.8426,3221.9366
43824,12051.46,3465.5119
43825,12012.8226,2821.0591
43826,12016.1859,3323.6572
43827,12042.3938,3925.8035
43828,12016.9295,3133.6484
43829,12072.9194,3602.3157
43830,12058.0863,3499.5166
43831,12050.2453,2599.7251
43832,12047.5716,3922.457
43833,12052.3808,2931.129
43834,12032.6509,2693.1167
43835,12049.4939,3775.8719
43836,12029.4282,3447.5648
43837,12072.6953,3638.1512
43838,12071.2577,3452.0224
43839,12074.3241,2814.2155
43840,12068.3691,3159.9968
43841,12018.35,3209.5063
43842,12036.5466,3877.8585
43843,12030.3359,3336.095
43844,12034.4656,3865.2894
43845,12040.6115,2445.6962
43846,12038.3907,2620.8911
43847,12049.3838,2503.6973
43848,12044.7675,3018.5101
43849,12060.9175,3147.0441
43850,12021.0191,3386.8544
43851,12074.1723,3447.6086
43852,12027.9318,3344.6135
43853,12027.8564,2609.5858
43854,12052.0902,3066.3774
43855,12032.7511,3848.308
43856,12029.7351,3944.8898
43857,12068.4038,3294.999
43858,12067.6935,3119.9703
43859,12048.1165,2590.1881
43860,12069.2348,2695.5021
43861,12074.4286,3518.7213
43862,12058.8501,3411.1312
43863,12037.9221,2665.8422
43864,12047.3302,3637.2151
43865,12045.8043,3597.191
43866,12027.1661,3368.8297
43867,12035.0003,3426.1507
43868,12083.8955,3787.2988
43869,12048.868,2584.5393
43870,12053.9815,2581.4121
43871,12082.4261,2774.1421
43872,12052.469,3700.1087
43873,12032.7021,3726.6868
43874,12064.8834,3857.7368
43875,12058.0796,3174.0808
43876,12077.0596,3088.8204
43877,12040.3797,3628.8949
43878,12067.5843,3117.4667
43879,12035.0464,3423.7914
43880,12057.7842,2771.3136
43881,12034.3906,2522.1327
43882,12052.2456,3672.0736
43883,12028.6198,2463.8275
43884,12058.5855,2546.6385
43885,12058.2304,3240.053
43886,12029.9603,3618.5964
43887,12058.0643,3333.2228
43888,12038.6139,2781.2176
43889,12075.7273,2680.5823
43890,12041.3464,2971.3754
43891,12056.8098,3321.5646
43892,12061.7856,3724.4535
43893,12040.6481,2488.5735
43894,12056.2143,3558.1036
43895,12036.1931,2476.7583
43896,12057.9698,3301.1266
43897,12071.7962,3785.9345
43898,12065.6464,2664.99
43899,12056.84,3797.5354
43900,12065.1279,3563.9282
43901,12032.5676,2694.9187
43902,12084.1447,2927.6634
43903,12052.5745,3849.551
43904,12034.2916,3804.9899
43905,12089.7061,2513.4939
43906,12036.743,3506.8629
43907,12038.304,2619.8442
43908,12056.896,3779.0021
43909,12043.3819,3261.1218
43910,12036.901,3861.8002
43911,12044.1931,3750.4711
43912,12094.302,3164.5973
43913,12051.9201,2515.6605
43914,12067.9608,3346.4389
43915,12051.1531,2545.5645
43916,12049.1127,3761.7921
43917,12048.8795,3789.0562
43918,12073.5941,3498.0469
43919,12064.6156,3362.2479
43920,12059.9839,3583.8257
43921,12066.201,3530.8377
43922,12076.2865,3084.8797
43923,12068.4948,2591.4641
43924,12052.4344,3753.1384
43925,12066.7817,3236.5966
43926,12075.642,2980.8797
43927,12069.3445,2636.7265
43928,12070.7555,3269.2288
43929,12068.8558,2965.246
43930,12076.1829,2605.085
43931,12054.8886,3751.0528
43932,12043.0057,2543.7648
43933,12062.2418,3187.2619
43934,12066.7627,3651.6068
43935,12041.6802,3204.1797
43936,12042.3956,2846.1005
43937,12073.9892,3073.5201
43938,12075.9347,3470.5718
43939,12044.897,3318.9091
43940,12055.9474,3943.063
43941,12073.6118,3292.5473
43942,12073.4743,3143.2765
43943,12055.694,2812.1819
43944,12089.1906,3440.5124
43945,12086.6532,2958.5475
43946,12045.3991,2722.1264
43947,12088.5434,3794.2011
43948,12080.0529,3108.8818
43949,12051.2624,3755.3776
43950,12091.7146,3854.3121
43951,12048.8788,3045.3459
43952,12048.7427,3687.0972
43953,12049.0582,3527.7172
43954,12091.1877,3118.6254
43955,12069.2625,3130.8492
43956,12072.6566,3516.2189
43957,12096.988,2719.1242
43958,12083.2735,2611.262
43959,12093.1067,3580.504
43960,12057.6066,3365.1548
43961,12081.6156,3871.4169
43962,12083.2089,3550.9775
43963,12059.6936,2921.6168
43964,12057.5417,3350.5489
43965,12073.4517,3820.6065
43966,12089.6978,2651.3663
43967,12099.4252,3241.7085
43968,12095.3733,2963.3234
43969,12053.0019,3382.8182
43970,12062.8183,3097.5684
43971,12064.4382,3732.3273
43972,12098.9922,2724.5333
43973,12081.2194,3602.215
43974,12064.0489,3273.7615
43975,12053.1959,2619.8618
43976,12073.0951,3166.6485
43977,12050.0794,3044.2542
43978,12088.4078,3040.7914
43979,12080.0774,3323.8936
43980,12070.8514,2764.6912
43981,12066.0042,2612.3976
43982,12051.7542,2594.8327
43983,12065.4336,2816.3629
43984,12076.0695,3096.1412
43985,12107.4509,3008.8626
43986,12067.3707,2458.4275
43987,12096.305,3349.2685
43988,12103.5007,2893.6881
43989,12049.8642,3597.3595
43990,12084.8618,3602.6884
43991,12052.5314,3177.8937
43992,12085.3559,2842.1058
43993,12083.4799,2785.8038
43994,12055.0274,3559.5515
43995,12102.0689,2553.3032
43996,12050.7892,2939.1727
43997,12081.1475,3752.6211
43998,12092.389,3944.2325
43999,12097.0439,2647.545
44000,12108.8649,2550.5941
44001,12097.0105,2502.3215
44002,12049.7621,2909.1659
44003,12085.2823,3375.6681
44004,12066.4492,3825.9528
44005,12055.341,2761.4782
44006,12105.4011,2863.3972
44007,12104.7831,3756.7909
44008,12087.4474,3840.0969
44009,12107.4064,3534.1832
44010,12056.3948,2983.1664
44011,12097.1165,3653.9009
44012,12071.0146,3880.9417
44013,12070.1459,2845.805
44014,12106.1517,3320.5313
44015,12109.2943,2622.2913
44016,12105.7752,2733.2503
44017,12070.5565,3907.5952
44018,12102.2148,3685.5234
44019,12053.9004,3458.6926
44020,12106.9177,2599.697
44021,12081.4413,3558.0122
44022,12110.8477,3801.7739
44023,12078.6056,2990.8001
44024,12052.7984,3078.446
44025,12085.8724,2832.47
44026,12097.3204,3095.3126
44027,12086.1994,3425.5437
44028,12110.2931,3078.6775
44029,12075.339,3807.5942
44030,12107.1061,3044.6476
44031,12072.5222,3716.3157
44032,12071.202,2567.1552
44033,12059.3635,2791.9626
44034,12098.588,2555.1605
44035,12107.5696,2841.8664
44036,12063.9625,3946.7571
44037,12109.1017,3431.6473
44038,12105.7683,3314.4464
44039,12106.0084,3086.0548
44040,12065.8072,2856.6886
44041,12106.024,2554.0089
44042,12058.8448,3288.1946
44043,12062.6495,3529.5122
44044,12066.1465,3802.2889
44045,12069.8936,3817.4419
44046,12094.355,3459.7482
44047,12084.9858,3923.1944
44048,12065.9754,2533.2342
44049,12101.5888,2643.9275
44050,12113.1292,2555.1751
44051,12110.9032,2620.412
44052,12078.8149,3814.5802
44053,12099.207,2734.2547
44054,12091.3229,2991.5418
44055,12061.3051,3468.6282
44056,12078.1802,3623.9629
44057,12091.5975,3381.7718
44058,12107.2466,3477.9594
44059,12094.3731,3296.1345
44060,12104.1282,3600.433
44061,12093.9366,3409.4797
44062,12082.7833,3881.6571
44063,12112.6877,2515.2179
44064,12098.5847,3737.606
44065,12089.0092,3138.7376
44066,12058.7601,3759.1002
44067,12084.2133,3844.5016
44068,12109.9659,3813.6198
44069,12063.27,2556.7005
44070,12057.8073,3647.2701
44071,12074.0684,3164.8226
44072,12110.8144,3028.7851
44073,12082.9458,2516.0983
44074,12099.9435,2545.8887
44075,12059.7074,3337.7585
44076,12102.7683,3104.5794
44077,12068.4635,3035.5904
44078,12107.5085,3879.314
44079,12110.5575,2714.4663
44080,12109.7787,3483.5915
44081,12055.889,2910.7121
44082,12070.6862,3155.5403
44083,12113.7777,3193.6363
44084,12072.5424,3011.826
44085,12112.8256,2716.4826
44086,12085.0273,2689.4849
44087,12064.1466,3938.113
44088,12087.6607,3788.0996
44089,12105.1302,3170.2582
44090,12093.1343,3561.6491
44091,12107.2665,3214.1096
44092,12101.816,3807.3372
44093,12078.267,3417.2491
44094,12076.7148,3147.065
44095,12090.3127,2863.0878
44096,12079.4194,3106.8273
44097,12102.0021,3277.6356
44098,12077.0379,3106.185
44099,12098.6764,2639.7395
44100,12071.7576,3348.9317
44101,12080.8085,3037.4679
44102,12106.736,3261.7126
44103,12070.1496,3817.8696
44104,12059.3152,3419.4832
44105,12073.2472,3886.3636
44106,12090.3494,2619.787
44107,12066.168,2701.0174
44108,12102.4983,3269.42
44109,12077.3463,3029.0449
44110,12070.2132,3083.8762
44111,12113.3977,3225.2325
44112,12100.9648,3412.6861
44113,12062.4597,3357.6499
44114,12075.587,2510.6062
44115,12060.5518,3427.4859
44116,12112.3426,3710.4327
44117,12101.1585,3576.3149
44118,12065.4263,3223.0312
44119,12063.225,3187.5107
44120,12100.9234,3927.479
44121,12069.9562,2825.3773
44122,12087.9967,3850.8066
44123,12075.1981,2929.1474
44124,12072.5842,3886.9285
44125,12097.9353,2759.9304
44126,12069.5287,3058.4817
44127,12096.2129,3548.4024
44128,12067.1523,3457.7812
44129,12101.7806,2479.4398
44130,12083.6899,3101.6046
44131,12066.2095,3510.4162
44132,12110.9136,3597.1379
44133,12053.8556,3363.536
44134,12061.6143,3437.9136
44135,12088.6364,3896.0186
44136,12107.579,3470.7706
44137,12093.898,3036.3527
44138,12105.0292,3897.0478
44139,12108.6686,2995.2039
44140,12105.6829,3651.6968
44141,12061.717,3397.357
44142,12094.323,3828.4781
44143,12067.6234,3768.5979
44144,12064.3929,3721.6492
44145,12108.0328,3446.8728
44146,12070.7461,3653.3568
44147,12086.6895,3737.2878
44148,12071.298,2508.8144
44149,12100.7347,3012.0888
44150,12061.489,3094.343
44151,12081.4491,3355.6848
44152,12079.1434,3203.7806
44153,12096.1305,3845.0869
44154,12066.2151,3504.55
44155,12063.7643,3801.3193
44156,12095.9184,3519.5591
44157,12083.5434,3344.6409
44158,12089.5554,3227.6867
44159,12084.0395,2634.6146
44160,12107.6486,2829.5238
44161,12090.8505,2984.6842
44162,12093.6552,2848.1273
44163,12092.9815,3670.4849
44164,12063.4742,2918.7451
44165,12064.408,3360.8574
44166,12066.1083,3720.202
44167,12107.1543,3976.2361
44168,12102.1637,3054.7558
44169,12061.8298,3811.129
44170,12107.2753,3476.681
44171,12074.9069,3772.6314
44172,12081.1349,3786.0518
44173,12090.7007,3762.1966
44174,12084.4236,3689.6579
44175,12075.9654,2952.696
44176,12104.1726,2756.7902
44177,12057.5062,3405.6659
44178,12072.0198,2940.005
44179,12097.836,2673.1806
44180,12104.8951,3534.3633
44181,12061.55,3633.4683
44182,12053.1428,3383.2386
44183,12080.5671,3935.1622
44184,12089.1204,3632.3249
44185,12080.1759,3363.0884
44186,12089.2638,3682.0556
44187,12101.3071,3513.2416
44188,12051.3664,3047.8618
44189,12089.3345,3511.6183
44190,12094.3401,2670.766
44191,12098.6264,2699.2794
44192,12082.7472,3317.531
44193,12102.0906,3222.8454
44194,12048.0127,3658.6461
44195,12099.3322,2624.2272
44196,12070.0747,3516.8155
44197,12102.0753,2467.4101
44198,12096.5058,3270.3363
44199,12069.6234,2741.6029
44200,12062.9132,3227.8804
44201,12099.8332,2741.16
44202,12075.6264,3314.8063
44203,12059.7366,3747.6392
44204,12055.8041,3484.3992
44205,12058.6241,2970.8849
44206,12100.4971,3479.7075
44207,12053.5254,3859.944
44208,12088.1758,3628.8398
44209,12089.8272,3235.1835
44210,12063.9027,2631.0693
44211,12049.223,2547.0944
44212,12068.0666,3641.6318
44213,12091.5332,2918.9061
44214,12070.7921,3349.6526
44215,12082.6755,3625.0598
44216,12084.6743,2585.0046
44217,12043.7576,2621.9278
44218,12068.6967,3809.6882
44219,12054.0895,3938.6418
44220,12096.4351,3503.2759
44221,12084.5914,3345.5665
44222,12096.6504,2824.3308
44223,12075.172,3366.9174
44224,12094.1993,3799.3802
44225,12084.3675,2637.1158
44226,12057.2543,3555.8869
44227,12089.8907,3925.9734
44228,12049.24,2556.0434
44229,12044.7593,2701.4094
44230,12091.0281,2566.7753
44231,12101.0337,3586.9137
44232,12086.7381,2937.7746
44233,12046.7123,2835.0786
44234,12041.339,2704.9014
44235,12067.0851,2483.0853
44236,12085.5575,2985.9958
44237,12080.9354,3485.5051
44238,12040.7979,3575.9685
44239,12090.7126,3973.5633
44240,12075.0619,2882.2087
44241,12061.1577,2771.8685
44242,12043.3502,3675.4246
44243,12091.6253,3938.6928
44244,12055.121,2682.2337
44245,12042.2269,2827.0386
44246,12089.2353,3846.2447
44247,12092.8232,2542.6886
44248,12064.5948,3165.9834
44249,12065.9717,3129.9225
44250,12077.4732,2557.1379
44251,12069.3721,3800.3361
44252,12052.8954,3534.5208
44253,12075.6021,2887.5892
44254,12096.6046,3756.7828
44255,12068.1847,3865.7528
44256,12091.6808,2858.4417
44257,12071.5177,3940.9335
44258,12043.5983,3824.9075
44259,12077.6169,3757.4385
44260,12060.9528,3431.8545
44261,12043.8808,3530.5915
44262,12092.69,3123.5901
44263,12085.262,3426.1823
44264,12079.7974,3344.9367
44265,12077.6699,3096.3664
44266,12066.2272,3745.3212
44267,12055.2894,2650.226
44268,12063.009,3655.5483
44269,12052.6082,2816.7818
44270,12070.5537,3424.8892
44271,12077.5856,3736.6451
44272,12092.1749,3234.2207
44273,12038.6027,3354.9284
44274,12079.9768,2682.9117
44275,12053.4873,3718.6712
44276,12038.6735,3717.9087
44277,12050.729,3536.6978
44278,12062.4218,3190.652
44279,12037.3693,3625.2105
44280,12075.9342,3098.6442
44281,12084.6976,3676.6557
44282,12057.1501,3092.8061
44283,12055.9112,3035.1176
44284,12069.2288,2494.9816
44285,12060.9209,3760.1984
44286,12080.4072,2940.5834
44287,12080.7161,3561.0184
44288,12078.344,2930.6591
44289,12084.0419,3044.2897
44290,12051.194,3082.0895
44291,12048.6928,2933.6508
44292,12075.1224,2780.9579
44293,12037.2524,3899.9034
44294,12035.6406,3312.1708
44295,12054.3487,3347.8116
44296,12084.0354,3158.1816
44297,12033.7438,3469.546
44298,12031.8041,3649.9394
44299,12035.4317,2622.2299
44300,12045.748,3847.2808
44301,12059.7621,3655.1066
44302,12063.6493,3951.2423
44303,12085.3563,2541.741
44304,12067.8412,3004.5915
44305,12048.7257,3305.7189
44306,12074.4614,3934.0381
44307,12075.583,2607.962
44308,12033.082,2573.4886
44309,12060.6577,3548.9947
44310,12083.4487,3747.2131
44311,12029.8914,2586.3254
44312,12082.6384,3564.5616
44313,12073.6167,3535.6253
44314,12054.3333,2787.4032
44315,12047.8132,3817.7539
44316,12038.6193,2601.065
44317,12038.6213,2628.0627
44318,12037.2962,3884.7048
44319,12051.4119,3494.312
44320,12034.1078,3641.7395
44321,12067.7974,3781.8396
44322,12035.0091,3891.6698
44323,12072.3469,3042.0675
44324,12077.9238,3847.1768
44325,12040.3441,3407.9717
44326,12040.9067,3891.8269
44327,12032.0095,3393.6326
44328,12072.0608,3321.136
44329,12036.154,3323.5902
44330,12047.8882,3301.9682
44331,12067.1769,3274.6415
44332,12054.6611,2612.999
44333,12033.5785,3030.3631
44334,12072.5861,3664.8286
44335,12049.9516,3310.9838
44336,12049.9894,3305.8971
44337,12040.7697,3320.6895
44338,12067.5083,3712.8469
44339,12045.6163,3801.8615
44340,12054.6599,3315.1254
44341,12066.3341,3694.464
44342,12036.4845,2447.1674
44343,12041.7938,3213.0258
44344,12052.6955,3010.699
44345,12038.4984,2686.1963
44346,12040.6037,2712.9698
44347,12071.777,2574.5975
44348,12032.6168,3094.7873
44349,12041.2528,3127.812
44350,12026.1647,3509.4806
44351,12021.444,3696.446
44352,12016.86,3597.8763
44353,12056.2125,3753.1297
44354,12028.3802,2456.7116
44355,12045.3689,2771.3028
44356,12015.5042,3373.6638
44357,12035.1047,2544.0169
44358,12059.3093,3299.4226
44359,12041.5166,3931.4363
44360,12032.5798,3683.1876
44361,12017.8182,3040.0054
44362,12047.2352,2739.7413
44363,12019.8225,3119.9089
44364,12060.1411,3507.5781
44365,12023.2794,3770.0811
44366,12031.6184,2897.4445
44367,12014.2724,2819.1696
44368,12048.8218,2706.0801
44369,12066.6186,3266.6258
44370,12013.0154,3061.8813
44371,12039.6687,3673.0801
44372,12065.2729,3866.8908
44373,12030.0349,3251.8322
44374,12045.3876,3261.8734
44375,12029.578,2836.4144
44376,12045.1238,3226.9605
44377,12025.2001,3705.2611
44378,12029.2016,3588.9622
44379,12023.8201,3382.2428
44380,12043.2012,3274.475
44381,12030.2419,3743.5558
44382,12059.5706,3374.4676
44383,12059.3968,3752.295
44384,12011.0185,2601.1228
44385,12031.3009,2827.5569
44386,12002.4941,2631.997
44387,12042.1619,2708.7988
44388,12026.1115,3246.8733
44389,12035.3096,3610.2806
44390,12032.4675,3253.4021
44391,12022.6039,3118.5881
44392,12028.5103,2555.7569
44393,12023.2232,2621.0017
44394,12019.1198,3468.6246
44395,12010.4684,3122.9345
44396,12012.2304,3621.4412
44397,12044.0928,3645.7995
44398,12015.7754,3215.2668
44399,12049.6283,2900.3905
44400,12049.5049,2960.033
44401,12031.637,3198.893
44402,12023.2182,2903.1461
44403,12009.6677,3102.7918
44404,12005.4686,2821.813
44405,12035.6875,3530.367
44406,12010.3792,3710.3572
44407,12013.4636,3704.243
44408,12052.0824,3785.3577
44409,11994.925,3857.5242
44410,11997.7859,2468.2954
44411,12019.0128,3111.5316
44412,12023.122,3411.9898
44413,12035.7939,3181.1852
44414,12020.9753,2911.4922
44415,12038.1548,2918.717
44416,11996.7258,2834.9336
44417,12002.4817,3508.3635
44418,12034.6095,3609.9323
44419,12016.922,2815.1761
44420,12015.9589,3223.4387
44421,12018.0124,3881.6586
44422,12038.1707,3744.3068
44423,12031.0426,3394.2393
44424,12020.8646,3592.1422
44425,12033.9037,3124.9408
44426,12040.0676,2747.5784
44427,12044.2211,2620.7706
44428,12010.9352,2706.6862
44429,11991.4689,2773.5988
44430,11994.3695,2499.7351
44431,12022.5072,3309.8073
44432,12039.5252,2497.2585
44433,12008.9143,3642.5568
44434,12028.9005,2742.0958
44435,11990.8486,3421.1233
44436,12038.19,2890.5977
44437,12014.6048,3416.6475
44438,12038.2819,3918.2033
44439,12003.9962,3907.8664
44440,11999.0204,3661.907
44441,12009.0356,3572.5984
44442,12037.3601,2782.0863
44443,12016.5042,3903.0667
44444,12011.2495,3924.8688
44445,11998.7751,3359.2111
44446,11998.7337,2711.8757
44447,12036.1592,3138.7335
44448,12009.593,3703.9091
44449,12037.8486,3186.9433
44450,11994.3634,3491.6478
44451,11985.5339,3268.1694
44452,11991.1837,2770.4028
44453,12027.626,3279.8385
44454,12000.0262,2621.2997
44455,11992.8415,3770.71
44456,12024.1985,2795.126
44457,11988.8839,3487.5001
44458,11978.1691,3827.1606
44459,11989.3625,3098.4131
44460,12021.225,3524.1767
44461,12025.2432,3311.4385
44462,12015.6655,3622.0294
44463,12028.7971,3234.6548
44464,12031.0533,2818.4374
44465,12005.4964,2920.1687
44466,11990.2021,3002.4071
44467,12022.5368,3317.4383
44468,12029.7539,3439.5713
44469,12002.0305,3158.3533
44470,12007.6148,3340.7686
44471,12031.6398,2725.3631
44472,12019.0772,2862.9537
44473,12000.032,3638.1737
44474,11988.3834,3911.9745
44475,12001.2106,2912.5585
44476,12015.0225,3695.2337
44477,11971.663,3292.2559
44478,12016.7535,3004.1858
44479,11987.1123,2607.2704
44480,11976.9931,2469.2995
44481,11978.6724,3517.1986
44482,11980.2829,3284.3443
44483,12004.4032,3053.0556
44484,12006.5536,3641.8052
44485,12002.8785,2522.6823
44486,12022.2969,3704.9966
44487,11999.9766,3137.4466
44488,11970.6478,3546.5855
44489,11985.9058,3866.0402
44490,12014.4065,3378.1494
44491,12008.8152,3427.3874
44492,11967.8733,3527.5505
44493,11996.4341,3067.1608
44494,11994.9564,3519.041
44495,12000.3764,3919.7922
44496,11969.8023,2643.2267
44497,12005.9293,2852.9057
44498,12003.7371,3342.8621
44499,11974.0146,3422.0831
44500,12010.4614,3005.7046
44501,12019.5958,3359.7041
44502,11982.8499,2580.2203
44503,11985.5589,3633.2296
44504,11987.3927,3101.8317
44505,12016.0902,3004.6102
44506,12010.7168,3857.8943
44507,11979.4501,2725.6742
44508,11969.1996,2584.2682
44509,11981.519,3182.7609
44510,11965.3601,2855.5994
44511,11958.6575,3603.8428
44512,11957.227,3905.6859
44513,11992.7346,3869.3675
44514,11974.1168,3608.2668
44515,11975.2924,3517.5333
44516,11978.9654,2590.4001
44517,12004.1993,3591.6578
44518,11998.6257,3580.0592
44519,11998.7346,3732.8172
44520,11983.04,2544.0741
44521,11959.8021,3392.6335
44522,11970.1267,3517.837
44523,11988.0907,3569.9391
44524,11987.8053,3919.1962
44525,11992.2438,3311.235
44526,12003.6137,3338.5822
44527,11981.94,2773.4978
44528,12003.4919,2823.0392
44529,11973.4223,3881.3338
44530,11972.4922,3449.6082
44531,11998.2519,3647.6661
44532,11998.911,3444.6114
44533,11988.1384,3519.7692
44534,11989.7341,3487.3904
44535,12005.3725,3365.9582
44536,11983.3766,3265.6912
44537,11987.6102,2887.8255
44538,11956.9997,3667.3854
44539,11999.3059,2552.8957
44540,11983.5481,3925.6095
44541,11996.4866,3522.6451
44542,11959.1011,2543.5412
44543,11949.9748,3099.6389
44544,11995.604,3446.1295
44545,11964.3669,2455.8823
44546,12000.9484,3107.9114
44547,11965.0093,3067.5668
44548,11990.6572,3768.7642
44549,11955.5695,3266.0503
44550,11992.0976,3823.6808
44551,11973.7753,3576.4343
44552,11956.561,2733.0628
44553,11947.832,2675.5621
44554,11941.8533,3130.0288
44555,11941.149,3421.8794
44556,11988.2207,2927.9765
44557,11946.9758,3395.8197
44558,11973.3873,2636.9966
44559,11954.6282,3655.1365
44560,11994.025,3884.9856
44561,11952.11,3608.6572
44562,11983.0456,3621.515
44563,11944.3346,2438.6025
44564,11937.3517,3116.1505
44565,11981.2316,3920.1039
44566,11989.9035,3813.0453
44567,11968.8351,3796.4466
44568,11967.815,2788.4929
44569,11964.4377,3199.7186
44570,11958.2866,2753.2535
44571,11962.6495,2465.2336
44572,11953.1397,2563.9738
44573,11955.6868,2710.2535
44574,11986.125,2501.4302
44575,11985.6629,2690.2585
44576,11936.6472,2935.4202
44577,11959.6786,3689.1629
44578,11955.4219,2606.6756
44579,11980.8058,3783.8543
44580,11957.0974,3704.6121
44581,11985.3034,2792.5758
44582,11959.4275,3882.4168
44583,11961.4554,2818.4951
44584,11962.7257,3268.2656
44585,11962.1435,3565.7765
44586,11929.6577,3090.7183
44587,11971.692,2577.9421
44588,11961.9115,3370.2246
44589,11970.761,3603.7011
44590,11948.1498,2565.7784
44591,11964.8068,3742.9621
44592,11947.3345,3647.8448
44593,11942.1261,3800.3942
44594,11972.5382,3226.6777
44595,11961.5753,3928.6554
44596,11940.0644,3682.194
44597,11941.2458,3603.829
44598,11936.9549,2901.8123
44599,11931.3197,3835.9752
44600,11948.1946,3818.7606
44601,11972.785,3496.7144
44602,11973.563,2632.7609
44603,11950.4817,3683.5614
44604,11925.871,3716.6836
44605,11959.7002,2480.6932
44606,11955.315,2573.4478
44607,11967.5935,2458.6467
44608,11942.1336,2893.4221
44609,11927.9325,2641.0587
44610,11926.0146,3300.814
44611,11972.6403,3543.2564
44612,11915.791,3887.3247
44613,11968.5071,2641.5772
44614,11935.4769,3236.0522
44615,11957.6387,2681.2686
44616,11936.6417,3148.6271
44617,11947.824,2511.0763
44618,11938.317,2830.2769
44619,11946.1756,3577.0648
44620,11931.7823,3549.3635
44621,11965.698,3072.7462
44622,11912.7272,3739.7347
44623,11910.0453,3592.0519
44624,11910.5201,2896.7069
44625,11936.3008,3578.1834
44626,11910.9775,2556.4766
44627,11926.0701,3789.6197
44628,11923.7471,3291.1307
44629,11909.6787,3124.5552
44630,11911.088,3785.3437
44631,11934.9541,3811.5413
44632,11925.3286,3239.9478
44633,11948.6254,3619.7923
44634,11947.4128,2647.1617
44635,11942.4067,2871.2401
44636,11954.6574,3796.8036
44637,11935.6479,2866.2273
44638,11949.8836,3597.1848
44639,11920.8624,3869.3279
44640,11930.2201,2740.8384
44641,11904.5637,2773.7002
44642,11921.2805,3775.7413
44643,11922.6701,3733.785
44644,11935.368,3310.8603
44645,11901.899,2673.5661
44646,11911.4009,3685.1738
44647,11927.6378,3631.6817
44648,11936.7006,3001.2024
44649,11938.3384,2554.6652
44650,11928.7647,3707.5261
44651,11908.0041,2587.9099
44652,11923.6211,3705.0569
44653,11947.4193,3061.2631
44654,11911.2804,3339.0689
44655,11943.8913,2496.2727
44656,11923.0778,2580.6537
44657,11895.7785,3440.6288
44658,11927.368,2923.2137
44659,11911.0538,3657.8643
44660,11893.4188,3726.8152
44661,11932.9119,2779.2861
44662,11938.0654,3449.2132
44663,11893.2294,3605.0376
44664,11938.4045,2731.2486
44665,11945.5309,3502.3783
44666,11935.6868,2905.3032
44667,11942.026,3418.1971
44668,11906.2758,3684.3294
44669,11940.9788,3769.9219
44670,11907.8677,2794.8638
44671,11921.0065,3183.8378
44672,11894.9445,2837.0462
44673,11929.2341,2784.6794
44674,11890.5538,2907.4763
44675,11935.1653,3636.0796
44676,11897.5667,3637.4702
44677,11943.8016,3372.9526
44678,11922.858,3872.9358
44679,11902.715,2540.8307
44680,11937.4784,3598.2904
44681,11929.3012,3010.8643
44682,11940.7107,2425.3383
44683,11911.6429,3726.9958
44684,11883.5713,2447.2195
44685,11930.4673,2918.6239
44686,11925.6053,2540.2446
44687,11898.7612,3244.8943
44688,11891.8676,3340.8529
44689,11930.186,2775.4991
44690,11898.031,2859.9934
44691,11919.8982,3370.7994
44692,11920.8108,3908.1384
44693,11910.6756,2815.3672
44694,11887.5778,2849.9098
44695,11931.9272,3712.3387
44696,11919.2121,2787.4859
44697,11889.9136,2665.0505
44698,11891.1198,2710.4691
44699,11876.0565,3092.6276
44700,11901.8307,2931.0961
44701,11904.8377,3860.9315
44702,11927.3481,2704.5658
44703,11905.0972,3373.3933
44704,11927.7367,3246.2054
44705,11889.4054,3223.4818
44706,11886.3526,2585.4251
44707,11873.3372,3260.1353
44708,11897.1941,2664.0768
44709,11871.6764,3113.9294
44710,11922.8586,3579.4471
44711,11907.1769,2804.3751
44712,11876.503,3317.195
44713,11922.1029,2478.856
44714,11871.1474,2930.2944
44715,11892.313,2604.7704
44716,11881.1989,3099.5915
44717,11917.2908,3532.3474
44718,11869.3615,3540.3169
44719,11887.1607,3250.2109
44720,11914.1578,2883.9965
44721,11870.2629,3697.8297
44722,11867.0752,3043.3676
44723,11881.5692,3103.924
44724,11894.7337,3828.9522
44725,11916.4337,3244.5969
44726,11908.3497,2713.5753
44727,11894.6871,3243.2981
44728,11871.7148,2703.0078
44729,11901.9738,3073.9817
44730,11876.0936,3733.5004
44731,11908.4912,3413.6208
44732,11908.3196,3112.0353
44733,11910.0217,3044.123
44734,11907.6264,3500.2021
44735,11885.144,3307.9109
44736,11882.8945,3654.4419
44737,11901.5591,3898.1958
44738,11900.4293,3674.2478
44739,11911.8695,2658.4036
44740,11897.3607,3086.1285
44741,11912.5169,3283.82
44742,11895.8828,3548.9989
44743,11910.3897,3768.9175
44744,11907.8329,3839.0228
44745,11886.6668,3278.8421
44746,11863.2313,2781.2044
44747,11889.9513,3782.356
44748,11881.2478,2623.7947
44749,11857.4837,3203.4944
44750,11911.0615,3457.9234
44751,11907.793,3438.5414
44752,11868.1324,3453.6042
44753,11890.2031,2463.6363
44754,11852.6554,2463.5305
44755,11882.4254,3517.5631
44756,11883.8314,2966.1238
44757,11850.6016,3500.2429
44758,11886.8103,2789.5675
44759,11868.8008,2893.0335
44760,11848.46,3305.7941
44761,11878.8097,3647.6879
44762,11872.3383,3363.1417
44763,11891.2743,3856.5273
44764,11898.0738,3012.7542
44765,11868.2712,3459.1638
44766,11879.3134,2681.92
44767,11870.5087,3375.8864
44768,11890.1283,3418.3019
44769,11880.9793,3128.8157
44770,11876.9551,3602.6963
44771,11853.5497,2538.5908
44772,11856.7882,3032.7162
44773,11849.2254,2818.9409
44774,11859.2143,3308.3859
44775,11894.841,2905.6557
44776,11866.0514,2455.4717
44777,11898.6981,3230.5518
44778,11885.9569,3726.7621
44779,11878.9769,3269.0725
44780,11853.1955,3093.9035
44781,11841.8581,2405.4328
44782,11893.0444,2874.3671
44783,11854.765,2864.8215
44784,11881.5948,2490.0008
44785,11882.251,3395.5293
44786,11867.9082,3801.8708
44787,11869.7203,3221.2608
44788,11892.421,3493.4526
44789,11882.7713,2871.2275
44790,11866.5547,3673.7027
44791,11840.024,3863.7652
44792,11877.5273,3574.7195
44793,11839.9033,3174.6983
44794,11866.3032,3543.5175
44795,11884.0013,3719.2422
44796,11870.8277,3274.9357
44797,11859.4012,3418.4066
44798,11847.0371,3335.4429
44799,11854.0916,2690.6645
44800,11866.442,3187.2124
44801,11881.0237,3633.179
44802,11886.3665,2800.1567
44803,11854.2336,3055.5668
44804,11827.7974,3801.1949
44805,11831.3515,2858.1778
44806,11856.5322,2928.8897
44807,11850.0372,2435.9003
44808,11866.0467,3581.7136
44809,11827.2518,3176.6639
44810,11848.3454,3172.7102
44811,11863.3059,3098.3577
44812,11828.9907,3699.1596
44813,11843.1284,2832.0236
44814,11825.182,3454.8099
44815,11841.4489,3832.6919
44816,11865.8054,2857.7518
44817,11831.9118,2966.3185
44818,11827.0549,3832.4921
44819,11862.8807,3264.6112
44820,11851.9444,3403.5653
44821,11859.0902,3412.8546
44822,11869.1849,3350.3903
44823,11838.1497,2837.042
44824,11828.3457,3818.0757
44825,11872.7516,2936.7355
44826,11846.6205,3440.0542
44827,11850.2031,3652.5613
44828,11854.3948,2481.2414
44829,11841.808,2932.5034
44830,11844.6806,2514.1885
44831,11829.6119,3407.8275
44832,11815.4641,3355.8126
44833,11870.8982,3852.6663
44834,11842.6921,2759.4692
44835,11856.0247,3789.2877
44836,11825.0222,2801.502
44837,11866.7244,3767.5282
44838,11839.6867,3880.8886
44839,11840.4346,2806.5544
44840,11861.1018,2854.3232
44841,11842.7841,2655.6226
44842,11827.0421,3480.51
44843,11861.4019,2922.1061
44844,11864.122,2666.495
44845,11866.1838,3076.9871
44846,11862.4921,3204.1167
44847,11835.0365,3562.0314
44848,11846.5998,3319.6126
44849,11826.491,3109.7144
44850,11813.423,2767.7857
44851,11857.7565,3756.0913
44852,11821.3782,3044.8067
44853,11829.1644,2801.9962
44854,11813.3359,3575.1706
44855,11825.5324,3060.7095
44856,11861.2604,3280.7983
44857,11814.8872,2921.7071
44858,11812.4727,3442.8161
44859,11860.1448,2577.8088
44860,11852.4408,2742.3442
44861,11809.5756,3613.6829
44862,11801.999,3030.2292
44863,11825.8249,3044.2528
44864,11852.226,3811.2821
44865,11846.7112,2752.1055
44866,11851.8656,2823.2523
44867,11853.1398,2646.7103
44868,11818.3342,2906.1562
44869,11835.3636,2936.6069
44870,11831.0506,3498.4705
44871,11816.6384,3198.9201
44872,11820.5672,2825.2776
44873,11829.6307,2895.0684
44874,11823.7171,3622.744
44875,11833.0197,3345.0641
44876,11808.9116,2676.3288
44877,11831.36,3062.9355
44878,11844.2348,3394.226
44879,11814.1794,2927.452
44880,11844.9402,3428.2485
44881,11808.0926,2428.8782
44882,11813.7624,3827.1368
44883,11794.4765,3869.76
44884,11805.8943,3249.6133
44885,11797.6623,2634.8592
44886,11840.4084,3792.6036
44887,11815.0236,3625.5267
44888,11794.4761,2520.5148
44889,11831.3918,3491.9401
44890,11832.7741,3148.4025
44891,11819.3476,3710.8094
44892,11792.473,2509.5169
44893,11811.6831,2631.9023
44894,11792.9659,3835.0473
44895,11832.3987,3141.0802
44896,11816.3834,2559.72
44897,11829.2095,3878.8726
44898,11825.9993,2872.4905
44899,11789.1233,3650.508
44900,11801.7578,3047.5735
44901,11821.2287,3122.7587
44902,11807.6744,3179.987
44903,11802.2456,2499.2945
44904,11815.278,3028.0784
44905,11803.7142,3275.745
44906,11828.2162,3176.6203
44907,11829.8955,3348.2034
44908,11804.3858,3201.3782
44909,11816.5606,3262.431
44910,11821.2621,2613.5378
44911,11820.717,3252.7544
44912,11808.1431,3071.9196
44913,11829.4266,2942.265
44914,11802.9849,3014.5119
44915,11836.6101,3545.5126
44916,11817.4336,3054.9114
44917,11831.8543,3671.5011
44918,11826.2917,2836.5633
44919,11817.224,2977.158
44920,11802.3221,3258.1449
44921,11817.2758,2550.3974
44922,11796.4168,3342.5934
44923,11805.9944,3465.6235
44924,11782.8313,2936.109
44925,11829.7871,3455.3798
44926,11785.4105,2455.7622
44927,11810.0303,3116.2017
44928,11822.8877,2659.1959
44929,11784.4604,3494.8222
44930,11783.5578,2922.3901
44931,11777.9673,3232.0164
44932,11787.7693,2974.4505
44933,11812.2848,3832.5954
44934,11826.4387,3448.6511
44935,11809.9445,2723.0047
44936,11772.319,3247.8616
44937,11803.0074,3375.8916
44938,11776.5228,3533.5316
44939,11798.833,3655.375
44940,11809.6559,3630.0712
44941,11808.9537,3879.9278
44942,11810.8788,3583.9812
44943,11820.1896,2942.1747
44944,11793.2897,3840.1363
44945,11782.0571,2740.3298
44946,11812.2767,2618.4391
44947,11804.4089,2974.2031
44948,11774.6739,2895.3432
44949,11789.5881,3228.4424
44950,11788.0184,3071.7213
44951,11805.0776,2819.4964
44952,11818.6994,3066.9286
44953,11770.0613,3783.5648
44954,11791.8702,3173.2331
44955,11797.6538,2466.7883
44956,11780.5836,3119.6097
44957,11789.9507,3652.371
44958,11786.6355,3660.0443
44959,11762.6615,2919.2805
44960,11780.5343,2667.4561
44961,11775.0132,3131.4076
44962,11811.1413,3067.4334
44963,11780.1777,2950.8233
44964,11789.4643,3713.9797
44965,11813.6289,3764.1011
44966,11764.8139,3054.603
44967,11806.8383,3636.8048
44968,11765.6632,3520.1749
44969,11776.4438,3234.4994
44970,11810.752,3810.5119
44971,11757.028,3211.9233
44972,11809.2938,2600.8249
44973,11770.9599,3114.4655
44974,11764.5193,3607.1364
44975,11803.4267,2809.9834
44976,11789.4774,2679.7038
44977,11755.2795,3228.3819
44978,11755.207,2810.4277
44979,11806.6253,2704.4963
44980,11800.5931,3710.3075
44981,11753.5174,3431.2484
44982,11779.0063,2894.8906
44983,11804.6509,3042.6283
44984,11776.9421,2764.5704
44985,11792.0895,3302.1325
44986,11755.1498,2625.5403
44987,11751.3154,3125.9157
44988,11748.3813,3503.7486
44989,11764.3499,2870.1558
44990,11763.242,3085.7206
44991,11765.3028,3112.3904
44992,11776.7269,3672.91
44993,11749.6278,3711.6659
44994,11786.5476,2642.3633
44995,11797.0736,3159.8709
44996,11761.5041,3246.9614
44997,11792.4057,3179.225
44998,11759.9628,2583.5927
44999,11770.7921,2752.7936
45000,11761.7556,3289.4155
45001,11789.8504,3136.1348
45002,11769.824,3233.6458
45003,11793.6943,2757.1404
45004,11757.5222,2876.5724
45005,11764.5895,3766.4844
45006,11779.5109,3005.3253
45007,11772.1132,3415.869
45008,11797.7499,3353.0843
45009,11792.4385,3026.7183
45010,11792.1151,3749.2081
45011,11762.146,3453.2304
45012,11786.2094,2490.1688
45013,11767.1538,2712.5258
45014,11793.2202,3782.8678
45015,11762.8823,3004.222
45016,11741.6825,3812.4912
45017,11736.0062,2566.5477
45018,11762.5722,3176.0769
45019,11783.5042,3470.2834
45020,11783.2409,3695.7394
45021,11782.433,3179.8781
45022,11779.4062,3515.1466
45023,11770.7423,3085.588
45024,11758.4166,2483.9092
45025,11749.0181,3137.3478
45026,11749.757,3456.019
45027,11789.2052,2400.1783
45028,11766.6777,2428.1924
45029,11787.5184,2971.2076
45030,11783.5776,3803.2742
45031,11740.9563,3275.8611
45032,11739.0888,2908.6728
45033,11742.0958,3731.4292
45034,11776.9663,3651.3468
45035,11772.8882,2771.7648
45036,11753.8863,3328.226
45037,11781.679,3553.7994
45038,11744.1526,2703.7897
45039,11756.4859,3463.7784
45040,11752.4375,2436.8386
45041,11781.7756,3364.3362
45042,11729.2921,3504.9579
45043,11760.319,2621.7377
45044,11783.4871,2933.4979
45045,11752.0848,3848.052
45046,11738.4646,3381.6036
45047,11778.717,2972.8748
45048,11736.8149,2454.911
45049,11733.308,2869.803
45050,11739.2485,3468.6799
45051,11724.0629,3720.5017
45052,11776.635,3731.2714
45053,11738.7424,3558.4961
45054,11747.213,2630.3661
45055,11767.1418,3466.2796
45056,11779.7008,3372.7523
45057,11771.9212,2608.3325
45058,11728.8183,3484.0463
45059,11722.7222,2858.617
45060,11742.6389,3486.9489
45061,11747.2988,3380.4348
45062,11724.2756,3037.6385
45063,11776.942,2397.8544
45064,11733.9844,2629.0476
45065,11719.723,2621.0451
45066,11772.9888,3678.5126
45067,11727.6321,3639.4317
45068,11754.3196,3507.9555
45069,11747.7719,2631.7881
45070,11733.7621,3301.0605
45071,11763.2218,2665.1347
45072,11730.4637,3565.0202
45073,11745.2159,3383.0733
45074,11732.8654,3852.0956
45075,11737.0436,2882.8757
45076,11723.2121,2916.4832
45077,11752.6673,2870.4135
45078,11750.3419,3430.0434
45079,11722.1339,2956.8021
45080,11723.3657,3299.9841
45081,11719.4375,3236.9599
45082,11723.2782,3132.974
45083,11747.3502,3708.5906
45084,11761.7119,2653.9782
45085,11718.8342,3637.2244
45086,11751.7037,3763.022
45087,11751.9824,3274.742
45088,11744.0266,3013.0581
45089,11764.2097,3553.2789
45090,11717.8609,3738.4075
45091,11755.4045,3101.6952
45092,11734.2657,2874.8274
45093,11732.8025,2955.7612
45094,11713.4426,3604.3325
45095,11728.4882,3193.0622
45096,11715.9802,3064.625
45097,11716.5832,2932.891
45098,11719.0986,2788.7849
45099,11725.761,3463.2183
45100,11727.8513,3565.7457
45101,11722.7857,3107.4896
45102,11751.6931,3254.6598
45103,11724.9096,2825.8909
45104,11709.3375,2944.0009
45105,11758.8226,3448.4857
45106,11751.2659,3340.3361
45107,11743.2703,3399.5414
45108,11740.9079,3256.0627
45109,11716.9219,3009.0166
45110,11740.9869,3312.8936
45111,11701.7848,3340.0914
45112,11756.5951,2428.4403
45113,11703.5275,2492.565
45114,11730.1457,2455.4056
45115,11758.7805,3143.3358
45116,11750.0065,3405.608
45117,11755.9511,3243.9921
45118,11699.9016,3537.901
45119,11717.4848,2930.4155
45120,11706.2922,3436.6839
45121,11707.3335,3792.8537
45122,11749.5001,3291.5013
45123,11720.3334,2744.4073
45124,11749.9855,3645.2192
45125,11706.7156,2743.9816
45126,11696.4357,3237.3166
45127,11740.1125,2451.7006
45128,11727.8218,3831.9586
45129,11729.6758,2621.1462
45130,11708.8372,2801.609
45131,11702.1632,3686.7749
45132,11737.2992,2792.8802
45133,11709.7229,3746.7143
45134,11701.9646,2614.4202
45135,11725.1009,3238.6745
45136,11734.1415,2990.9385
45137,11736.1696,3022.1994
45138,11695.2932,2396.4142
45139,11742.4309,2882.691
45140,11740.2195,3395.5763
45141,11698.2626,3841.6975
45142,11721.2805,3294.3094
45143,11705.1277,3724.0581
45144,11713.3467,2952.0895
45145,11709.5037,3635.1182
45146,11701.54,3658.8475
45147,11708.6122,3824.7268
45148,11714.7363,2717.8794
45149,11728.1702,3770.7543
45150,11742.813,3476.6988
45151,11732.9779,3308.0245
45152,11740.2317,3230.7288
45153,11707.3865,3788.6249
45154,11699.1828,2475.1833
45155,11737.3858,2765.7292
45156,11742.0786,3339.6111
45157,11695.5871,2475.3861
45158,11688.9508,2511.4949
45159,11730.0629,3659.7986
45160,11737.1986,2908.6641
45161,11714.5904,3669.3255
45162,11720.7762,3097.7917
45163,11707.7173,3674.5306
45164,11742.2657,3231.819
45165,11715.2713,2969.2378
45166,11691.1441,3546.3567
45167,11728.1307,3557.8358
45168,11732.4344,3685.4206
45169,11694.3437,3332.1716
45170,11732.42,3853.8828
45171,11708.4662,3546.6908
45172,11725.6749,3367.4629
45173,11687.2458,2779.2084
45174,11704.8051,2918.5453
45175,11702.0652,3782.429
45176,11696.9718,3815.0196
45177,11715.8628,3639.7298
45178,11721.8628,2919.5155
45179,11688.5974,3366.675
45180,11713.4771,3475.3055
45181,11736.4248,2407.0474
45182,11700.02,3748.1994
45183,11730.6199,3693.4239
45184,11726.3332,2412.5846
45185,11682.7909,2872.9738
45186,11729.2573,2635.5607
45187,11700.9687,3616.515
45188,11696.3869,2941.1081
45189,11728.9494,3817.3107
45190,11727.9366,3213.7929
45191,11707.1082,2985.2298
45192,11726.5248,3596.0457
45193,11729.7637,3097.2074
45194,11724.7207,2921.2056
45195,11685.8322,2420.8515
45196,11695.9106,3162.0643
45197,11714.3276,2795.3113
45198,11673.666,3663.1927
45199,11706.4075,3121.3174
45200,11699.3985,2832.8934
45201,11716.5864,3677.7865
45202,11685.8306,3342.442
45203,11693.9291,3684.6681
45204,11728.0022,2558.8794
45205,11686.8028,2986.279
45206,11708.2015,2612.1875
45207,11671.0188,2424.7487
45208,11724.6345,3665.259
45209,11716.5749,2607.4189
45210,11685.1993,2783.9763
45211,11678.0126,3102.8327
45212,11715.3181,3243.4928
45213,11722.919,3208.1691
45214,11686.4534,2773.7417
45215,11705.3966,3664.4115
45216,11725.4835,3597.1223
45217,11690.1704,3198.7932
45218,11699.282,3500.9031
45219,11680.6782,2561.4215
45220,11674.9103,3713.6993
45221,11668.9409,3714.3148
45222,11723.4515,2834.3604
45223,11719.5996,3399.2153
45224,11677.1077,3103.8255
45225,11719.3295,3532.1982
45226,11685.7626,3360.4487
45227,11711.0507,3328.2747
45228,11697.3581,3707.6713
45229,11673.0266,3565.6031
45230,11681.5121,3488.4116
45231,11675.3632,2418.8245
45232,11692.7517,3047.1265
45233,11718.4154,2436.3207
45234,11691.3658,3628.1513
45235,11706.9219,2492.8229
45236,11717.647,3374.6751
45237,11669.9456,3383.367
45238,11699.6245,2867.4997
45239,11670.497,3754.8628
45240,11670.297,3625.7091
45241,11667.6506,3602.6171
45242,11683.5418,3427.2302
45243,11659.7569,3419.8454
45244,11691.4989,3623.9797
45245,11686.9713,3789.142
45246,11699.8781,3756.8703
45247,11709.5441,3003.3212
45248,11685.7685,2773.5538
45249,11695.3503,3174.0923
45250,11713.8132,3497.3443
45251,11714.6612,3129.0167
45252,11709.4349,3474.4355
45253,11707.7717,3668.9371
45254,11683.6018,3368.6904
45255,11662.4724,3736.4054
45256,11660.4663,2823.5059
45257,11658.5767,2519.039
45258,11660.9473,2756.5528
45259,11671.1795,2423.7921
45260,11681.4432,3127.3584
45261,11703.9388,2436.2119
45262,11674.4774,3508.5686
45263,11683.0223,3430.7009
45264,11670.7581,3203.891
45265,11660.3849,3698.9658
45266,11662.8571,3424.9811
45267,11674.0103,2795.379
45268,11668.5485,2931.6424
45269,11669.9672,2812.6034
45270,11702.5516,2629.8327
45271,11660.3652,3349.7306
45272,11660.0878,2838.9972
45273,11664.7354,3562.8169
45274,11696.5027,2782.2857
45275,11697.9447,3670.916
45276,11674.1102,2853.8764
45277,11651.9891,3407.8651
45278,11706.7142,2931.1534
45279,11672.626,3092.1467
45280,11649.1578,3561.019
45281,11659.8877,2929.645
45282,11668.1047,2378.2876
45283,11679.339,3214.112
45284,11665.4932,2743.6112
45285,11681.0092,3398.4382
45286,11702.0209,3069.7625
45287,11656.2219,2587.8216
45288,11678.6918,3496.2539
45289,11696.1788,3581.8952
45290,11679.3503,2608.0801
45291,11661.0931,3705.6492
45292,11679.4816,2491.8725
45293,11647.2219,3576.571
45294,11697.7559,3844.1837
45295,11659.3349,3555.1195
45296,11701.449,3366.5253
45297,11685.1769,2517.813
45298,11651.0295,3665.0968
45299,11642.8799,3533.5557
45300,11678.5217,2926.7082
45301,11643.2918,2926.6838
45302,11654.3396,3077.039
45303,11654.3717,3157.2798
45304,11666.2088,2514.1621
45305,11675.0011,3260.8799
45306,11679.9151,3349.3262
45307,11659.1316,3637.1756
45308,11684.336,2658.673
45309,11662.9005,3498.0637
45310,11684.5366,3467.331
45311,11656.5498,2550.8702
45312,11650.3056,3097.6215
45313,11677.3138,3306.9006
45314,11654.0595,2504.488
45315,11691.6829,3555.6185
45316,11655.003,2466.0571
45317,11671.1411,3274.9841
45318,11664.49,3553.5924
45319,11647.4776,3326.2525
45320,11652.5883,2623.6035
45321,11677.0319,3461.7915
45322,11637.9489,3699.1115
45323,11641.83,3761.6771
45324,11658.7802,3155.2712
45325,11661.3026,2935.3358
45326,11650.282,3726.9427
45327,11681.7287,2615.5974
45328,11682.2437,3229.4005
45329,11637.2493,2578.2054
45330,11685.8388,3366.8255
45331,11675.8835,3676.7603
45332,11658.9579,3709.5274
45333,11674.6464,3824.7721
45334,11640.6694,3147.0507
45335,11633.7293,3357.6326
45336,11637.6386,3561.0999
45337,11676.9444,3348.4951
45338,11640.1456,2692.1189
45339,11673.2988,2752.5358
45340,11637.3225,2981.1388
45341,11651.3573,3270.6604
45342,11678.7468,3724.7977
45343,11653.053,3190.251
45344,11631.4629,3135.6993
45345,11677.6231,3778.1621
45346,11672.6419,2825.903
45347,11677.7473,3252.0672
45348,11650.3648,2753.3543
45349,11648.3794,3068.35
45350,11630.813,3766.508
45351,11665.5547,3198.9502
45352,11675.1287,3393.4116
45353,11684.1748,3227.3036
45354,11627.8746,3336.8199
45355,11629.5753,2765.3795
45356,11650.607,3400.1917
45357,11667.7758,3321.7095
45358,11652.3098,3592.5169
45359,11666.4071,3419.6959
45360,11667.2189,2404.898
45361,11644.5747,2703.8651
45362,11661.4152,2882.7726
45363,11665.9228,3312.5993
45364,11634.4581,2899.3423
45365,11681.0031,3681.3273
45366,11642.9013,2446.0799
45367,11637.4062,3376.8727
45368,11677.5606,2905.5981
45369,11636.9777,3033.7884
45370,11624.8594,2442.3625
45371,11626.2024,3275.6265
45372,11636.6453,3791.1441
45373,11631.4058,3639.6109
45374,11677.7521,2745.5775
45375,11628.3569,2575.0002
45376,11621.4029,2774.5055
45377,11664.4373,3080.0655
45378,11663.41,3518.6924
45379,11649.2602,2865.0648
45380,11620.0059,3539.975
45381,11649.3691,3399.7706
45382,11641.0503,3821.6927
45383,11646.252,3408.6138
45384,11638.8488,3106.0955
45385,11627.5958,3123.2738
45386,11652.5779,2605.1134
45387,11634.6543,2729.6857
45388,11654.5191,2922.2388
45389,11666.8462,2602.0169
45390,11652.5432,3399.5671
45391,11649.8256,3037.3409
45392,11644.9684,2535.3198
45393,11622.7169,3756.2983
45394,11620.095,2721.7568
45395,11634.4619,2881.3187
45396,11658.3601,3695.8187
45397,11640.4622,2902.7824
45398,11634.0423,3761.2269
45399,11664.494,3712.1445
45400,11626.1896,3251.4773
45401,11649.958,3032.9177
45402,11663.7548,3578.8917
45403,11662.4328,3373.1697
45404,11642.9586,3682.4252
45405,11663.5816,3044.8474
45406,11644.0031,3239.4908
45407,11627.6223,3195.204
45408,11635.404,3452.0655
45409,11663.7799,3615.0429
45410,11634.8662,3014.3223
45411,11625.173,3633.3641
45412,11638.2002,2762.6046
45413,11631.1616,3391.6784
45414,11641.1669,3607.4618
45415,11667.3777,3198.5577
45416,11612.9544,3523.8537
45417,11627.3956,3257.6801
45418,11610.9651,3007.3674
45419,11642.8133,2977.6654
45420,11652.3135,3667.5995
45421,11645.6246,3344.0537
45422,11628.5785,3150.1611
45423,11613.8004,3470.7189
45424,11651.9447,3175.0116
45425,11639.9129,3270.4482
45426,11655.1367,2702.772
45427,11623.1439,3418.3722
45428,11626.5019,3148.2738
45429,11639.8888,2697.8202
45430,11662.539,2770.1736
45431,11658.98,2678.9176
45432,11618.9402,3527.2395
45433,11644.0795,2396.0513
45434,11641.0521,2501.0489
45435,11631.26,3244.8741
45436,11639.7672,2664.6453
45437,11624.1797,3810.0186
45438,11609.1098,3302.029
45439,11611.9506,3327.0457
45440,11633.1039,3407.8301
45441,11621.721,2544.1643
45442,11650.2766,3418.0384
45443,11602.9484,3042.9101
45444,11629.5624,2730.7235
45445,11654.9279,3360.919
45446,11615.2534,3075.12
45447,11640.8299,2745.9327
45448,11636.4599,3114.0829
45449,11623.0661,2803.1742
45450,11612.7274,3024.8294
45451,11608.9743,3179.4343
45452,11641.3375,2431.5238
45453,11631.4261,3736.2224
45454,11633.6144,2684.0916
45455,11638.1675,3364.3107
45456,11649.0615,2609.3086
45457,11654.5229,3604.718
45458,11598.6488,2361.7979
45459,11636.567,3152.5232
45460,11610.5377,3249.5499
45461,11653.785,2500.2031
45462,11622.6615,3029.1404
45463,11648.4509,2746.0428
45464,11622.2157,3212.6051
45465,11602.8196,3551.0057
45466,11635.6704,2392.182
45467,11603.8762,3063.4168
45468,11597.2693,2830.9326
45469,11613.5254,2772.6789
45470,11644.4127,3167.9895
45471,11622.3193,2812.5105
45472,11627.8758,3520.4381
45473,11644.9523,2831.0701
45474,11641.1562,2507.5749
45475,11626.2985,3221.0862
45476,11602.3473,3784.2373
45477,11626.356,3271.5653
45478,11633.9,3253.2809
45479,11633.3749,3745.0134
45480,11647.3622,2577.9216
45481,11638.2311,2983.1599
45482,11623.5356,3242.512
45483,11594.7072,2505.8074
45484,11646.0961,2969.6957
45485,11593.7152,2536.4213
45486,11598.4528,3228.0408
45487,11604.1743,3423.9512
45488,11603.1586,2623.6093
45489,11625.0425,3604.2979
45490,11594.9561,2531.734
45491,11625.2939,2663.9092
45492,11636.1763,3706.3364
45493,11630.8356,2530.844
45494,11618.3711,2759.5037
45495,11623.1012,3374.7699
45496,11621.0394,3464.4664
45497,11638.9561,2585.5767
45498,11629.1781,3440.0953
45499,11594.7323,3219.7756
45500,11587.2501,2791.0151
45501,11611.6029,3806.3172
45502,11599.5777,3253.3774
45503,11644.1942,2987.8024
45504,11633.3125,3732.8357
45505,11612.0595,3387.6011
45506,11633.0483,2864.9981
45507,11634.733,3650.2045
45508,11586.1572,3483.4035
45509,11629.9192,3510.5281
45510,11627.9076,2893.6525
45511,11630.1119,2649.1385
45512,11641.0185,3399.0718
45513,11603.9264,2672.1068
45514,11597.0388,3549.7959
45515,11639.6859,2489.0922
45516,11610.6103,2693.2895
45517,11593.4382,3248.737
45518,11627.7012,2389.1426
45519,11627.5012,3272.4982
45520,11594.4104,2398.2972
45521,11628.2,2823.9859
45522,11595.7858,2429.5038
45523,11594.8737,2478.3394
45524,11596.5552,2541.6581
45525,11607.1113,3618.9395
45526,11617.6085,2398.2903
45527,11606.9362,3686.2553
45528,11630.415,3221.6417
45529,11589.978,3437.9591
45530,11608.067,3814.3178
45531,11586.7278,2886.1542
45532,11605.9941,3451.204
45533,11636.0238,2991.8478
45534,11606.3982,2892.978
45535,11579.6668,3438.3732
45536,11608.1143,3500.852
45537,11618.7992,3308.1354
45538,11626.1396,3409.06
45539,11629.541,2475.5661
45540,11578.0126,3360.0641
45541,11605.5148,3689.9434
45542,11599.1789,2583.7173
45543,11620.985,3607.079
45544,11616.842,3582.2936
45545,11625.8143,3489.7574
45546,11606.8728,2927.5419
45547,11627.6065,3021.0598
45548,11623.5394,3307.7737
45549,11613.1725,3488.9178
45550,11583.0695,2723.2184
45551,11629.9166,3471.7275
45552,11609.7938,3471.5614
45553,11591.7463,3244.0454
45554,11604.025,2909.9163
45555,11573.0885,3186.7567
45556,11626.771,3629.8962
45557,11574.5589,3063.2239
45558,11612.1024,2381.1278
45559,11618.3104,3073.4351
45560,11614.2147,3332.2827
45561,11586.0398,3128.9508
45562,11580.9068,3144.194
45563,11583.2774,2936.4348
45564,11601.516,3663.935
45565,11596.5881,3059.5361
45566,11576.7909,3587.3892
45567,11624.8511,3180.8524
45568,11606.506,3751.7731
45569,11583.5081,2556.3923
45570,11596.1894,3057.5246
45571,11623.867,3370.0206
45572,11585.1338,2764.4256
45573,11582.5522,2907.6343
45574,11567.4184,3395.9948
45575,11616.1948,3073.9599
45576,11575.0276,3544.7667
45577,11574.761,3669.2721
45578,11609.3568,3328.8443
45579,11589.1928,3315.5664
45580,11610.67,3666.6259
45581,11566.4775,2824.3812
45582,11593.6063,2376.2902
45583,11607.5734,2747.8841
45584,11602.7748,3796.6902
45585,11591.586,2426.7385
45586,11564.2654,2646.1137
45587,11572.5454,3649.6448
45588,11575.7304,2698.9564
45589,11591.6929,3717.5992
45590,11602.0936,2798.2553
45591,11620.3958,2795.2637
45592,11603.6784,3603.9876
45593,11613.1516,2615.5211
45594,11619.1233,3000.9001
45595,11614.4441,3817.357
45596,11575.7657,3521.0867
45597,11577.7884,2587.5241
45598,11583.6483,3419.2655
45599,11596.1227,2476.4263
45600,11609.1104,2421.0048
45601,11565.301,3322.1206
45602,11613.5404,2558.5409
45603,11608.1963,2490.4868
45604,11587.9239,3491.9301
45605,11591.9442,2912.0642
45606,11599.573,3388.5326
45607,11574.8909,3095.9808
45608,11586.3455,3803.3481
45609,11561.5628,3787.78
45610,11596.2878,3595.5176
45611,11595.8661,3387.1048
45612,11592.6419,2977.4056
45613,11599.1209,2755.8172
45614,11594.5319,3239.9632
45615,11557.9606,3165.0907
45616,11598.2284,2624.1395
45617,11573.1556,3606.775
45618,11564.8997,2552.2185
45619,11570.4482,2708.9501
45620,11588.5538,3429.2218
45621,11556.1859,3166.8636
45622,11555.8054,2680.4061
45623,11581.6691,3308.219
45624,11567.6493,2472.3852
45625,11600.0273,3547.0797
45626,11593.9688,3669.9025
45627,11561.7889,3763.5705
45628,11595.5953,3198.1031
45629,11566.7488,2690.3044
45630,11600.2918,3779.6728
45631,11588.5986,2642.8433
45632,11584.675,3528.0636
45633,11570.6297,2881.8509
45634,11559.9751,2624.2015
45635,11583.4906,3349.8026
45636,11605.6256,2907.8109
45637,11591.3222,3488.8666
45638,11571.3269,2919.7045
45639,11577.5995,3702.7364
45640,11562.3762,3379.9634
45641,11584.0986,3150.5889
45642,11557.5918,3580.186
45643,11568.452,2991.1408
45644,11596.5175,3036.0271
45645,11599.3498,3476.0564
45646,11557.2429,2653.7373
45647,11582.8086,3421.5675
45648,11602.4604,3739.4983
45649,11591.3282,3772.8757
45650,11575.0512,2744.4564
45651,11557.1174,2512.7928
45652,11549.2381,2596.4965
45653,11582.5208,3116.9878
45654,11580.0348,2395.0421
45655,11587.8149,3089.4062
45656,11580.2381,2591.8021
45657,11581.5303,3090.0283
45658,11594.7292,3203.5434
45659,11572.0072,3023.839
45660,11595.3094,3707.5721
45661,11588.2708,3290.6828
45662,11554.7973,3707.4192
45663,11559.3429,2573.5924
45664,11546.8267,3627.4416
45665,11584.1947,3280.1428
45666,11594.7824,3007.6389
45667,11589.9983,3433.1471
45668,11556.1189,3368.3223
45669,11563.7709,3633.3277
45670,11575.4482,3043.3036
45671,11544.2585,2786.1035
45672,11576.4759,3730.3777
45673,11559.5374,3006.524
45674,11547.5907,3559.303
45675,11581.9903,2475.4298
45676,11568.5144,2647.5959
45677,11565.9183,2606.1178
45678,11580.069,3528.8559
45679,11595.2595,3034.2912
45680,11557.3857,2539.6406
45681,11572.6701,3802.5911
45682,11583.0438,3014.0937
45683,11558.9598,2864.1418
45684,11558.0557,3573.5641
45685,11570.1892,3464.6406
45686,11592.9317,3187.8648
45687,11583.898,2741.1506
45688,11571.4617,3570.7316
45689,11558.2725,3785.5262
45690,11591.7242,3104.3248
45691,11558.088,3123.9123
45692,11538.9141,3713.0759
45693,11535.9234,3137.6441
45694,11572.4359,2884.2461
45695,11538.5342,3524.9886
45696,11551.2706,2544.2676
45697,11552.5051,2820.075
45698,11533.8847,3633.3088
45699,11582.1606,2756.5384
45700,11541.1996,3011.9259
45701,11571.6179,2616.206
45702,11562.4769,2923.2209
45703,11537.5754,3532.1816
45704,11586.9688,3133.227
45705,11545.5478,2683.861
45706,11549.1921,3156.8685
45707,11581.7331,2398.5252
45708,11534.9905,2897.3243
45709,11559.0021,2551.516
45710,11577.9706,2839.9143
45711,11585.7376,2868.3414
45712,11566.9346,2569.834
45713,11560.2638,3520.5001
45714,11561.3681,2491.1824
45715,11547.0052,3709.3189
45716,11539.454,3250.7263
45717,11557.2408,3713.2736
45718,11570.3586,2534.471
45719,11532.2078,3740.4081
45720,11530.529,3096.919
45721,11582.4444,2966.0527
45722,11536.7893,3189.9417
45723,11582.3161,2724.532
45724,11538.3881,3728.7703
45725,11531.5255,3223.5937
45726,11562.3325,2825.5665
45727,11555.5737,2672.6472
45728,11574.1359,2922.521
45729,11558.2252,3212.8498
45730,11548.0258,3731.4323
45731,11540.8603,2572.9502
45732,11569.6031,2872.8247
45733,11541.1971,3502.2598
45734,11558.9575,3175.1935
45735,11534.1537,2909.3067
45736,11559.8047,3685.6324
45737,11534.3634,2418.1191
45738,11526.8056,2725.6429
45739,11551.271,3093.0548
45740,11562.2218,2716.7353
45741,11530.7532,2456.0207
45742,11539.7058,2862.5883
45743,11574.2401,2530.96
45744,11572.8095,3667.1416
45745,11562.482,3331.4254
45746,11538.9271,3612.1458
45747,11531.016,3212.2759
45748,11559.7732,2403.1466
45749,11541.4147,2743.9351
45750,11517.2595,2926.15
45751,11563.3409,2473.8988
45752,11559.1119,3163.4985
45753,11556.3789,3104.0562
45754,11563.5993,3596.4753
45755,11522.5548,2595.964
45756,11558.2172,3340.7857
45757,11529.6273,3596.1681
45758,11550.9947,3531.6405
45759,11523.332,2865.2143
45760,11528.4664,2531.9162
45761,11570.7054,3653.3643
45762,11559.172,2413.4616
45763,11533.5699,3032.5262
45764,11543.4287,2398.2
45765,11555.6922,3018.2061
45766,11539.0335,3155.6984
45767,11535.6421,2775.0495
45768,11523.4622,2734.9468
45769,11539.0459,3096.1254
45770,11552.1541,3720.3122
45771,11511.4479,3650.7321
45772,11562.8568,3418.3155
45773,11555.1616,3718.61
45774,11520.2435,2451.4381
45775,11552.2647,3263.4288
45776,11510.6903,3088.6387
45777,11538.1276,2788.0311
45778,11551.4728,3632.2578
45779,11514.4275,3058.9623
45780,11534.6446,3566.6421
45781,11549.1015,3524.108
45782,11563.2827,3434.1418
45783,11561.8984,3081.8826
45784,11540.1337,2537.8712
45785,11510.142,2924.9084
45786,11540.2,3671.8607
45787,11556.0049,2397.3628
45788,11509.1328,3671.1574
45789,11512.0048,2648.9788
45790,11550.586,2671.86
45791,11537.1867,3604.992
45792,11554.6444,3267.1915
45793,11512.7587,3440.8426
45794,11533.1888,3450.1808
45795,11551.5213,3674.8063
45796,11523.0548,2959.3026
45797,11505.271,3264.6592
45798,11550.9153,3106.4389
45799,11546.323,3025.3572
45800,11558.8055,3003.5648
45801,11518.5478,3761.2083
45802,11524.2816,2789.9047
45803,11505.3798,3300.9977
45804,11551.7557,2417.3552
45805,11528.7999,2674.7511
45806,11532.9325,3400.6701
45807,11530.8711,3066.1434
45808,11549.0952,3574.0808
45809,11552.657,3231.8071
45810,11511.5691,3216.1663
45811,11554.4085,2727.1499
45812,11499.8456,2383.0959
45813,11540.9912,3466.9712
45814,11551.295,3543.1132
45815,11514.2499,2699.6805
45816,11552.1447,3768.4189
45817,11526.8832,2604.5927
45818,11534.9661,2726.0262
45819,11533.4941,3639.7997
45820,11510.3553,2497.2226
45821,11510.8523,3609.9417
45822,11539.3918,2394.0813
45823,11499.2313,2830.6008
45824,11542.0238,3287.6085
45825,11522.164,3217.8057
45826,11543.7849,3471.1364
45827,11529.8524,3122.9087
45828,11526.9549,3708.8078
45829,11513.3785,3429.8251
45830,11499.066,3246.0483
45831,11513.3511,3092.8066
45832,11507.2633,3644.0508
45833,11491.6013,3276.6108
45834,11495.5089,2407.6539
45835,11504.3106,3043.1951
45836,11491.0712,3416.5458
45837,11517.541,3475.1704
45838,11509.9513,3768.9573
45839,11526.3716,3045.8352
45840,11503.7331,3183.9184
45841,11538.8172,2410.1736
45842,11488.6784,3333.2257
45843,11529.7907,2822.8154
45844,11525.0934,2735.1408
45845,11542.1989,2710.7379
45846,11519.1651,3062.2772
45847,11512.5053,2470.0202
45848,11509.7531,3627.2773
45849,11518.9297,2844.5455
45850,11487.0583,3747.8146
45851,11529.087,3162.1879
45852,11509.7464,3740.2659
45853,11519.2709,2919.3444
45854,11509.9415,3207.6799
45855,11484.0881,3091.7353
45856,11486.9409,3694.739
45857,11536.8421,2720.3397
45858,11515.505,3048.2864
45859,11506.578,3589.1426
45860,11523.076,3749.9267
45861,11526.1466,3138.1524
45862,11483.6466,2408.6096
45863,11532.7701,2521.9482
45864,11530.666,3045.8847
45865,11511.3671,3661.1617
45866,11493.5573,2713.5389
45867,11496.8853,3329.1797
45868,11479.2763,2723.3983
45869,11495.663,2592.9628
45870,11508.3563,3391.7762
45871,11528.0407,2864.8026
45872,11503.8216,2504.7902
45873,11497.6524,2917.9966
45874,11522.8473,2997.1404
45875,11523.829,2976.7873
45876,11519.6046,2842.3428
45877,11517.2741,2613.3526
45878,11496.452,3097.5793
45879,11485.1738,3525.5933
45880,11485.9136,3519.5464
45881,11491.4318,3343.6844
45882,11480.2228,3505.4978
45883,11511.3891,3555.9671
45884,11524.9417,2713.768
45885,11523.6844,2877.1362
45886,11481.7477,3733.6633
45887,11525.1297,3359.6012
45888,11502.4808,3607.7297
45889,11514.7529,3431.4467
45890,11513.1031,3101.5284
45891,11518.7116,2731.2005
45892,11483.1814,3702.8712
45893,11512.9222,3464.4334
45894,11516.2711,2963.5745
45895,11472.8786,3431.9924
45896,11482.4291,3530.2941
45897,11491.2979,3201.5293
45898,11480.4934,3384.7926
45899,11470.7745,3331.2918
45900,11486.8836,3402.7453
45901,11477.2722,2550.6189
45902,11485.9506,3745.2828
45903,11513.3736,3502.1551
45904,11501.5277,3707.5162
45905,11466.5394,2700.2342
45906,11511.918,2597.0508
45907,11465.1407,2349.9613
45908,11481.3273,3573.3349
45909,11508.5266,3307.2936
45910,11513.4031,3639.2961
45911,11482.2194,2647.5747
45912,11486.042,2890.5797
45913,11485.7565,3053.0344
45914,11502.8476,2473.2132
45915,11476.7392,2531.8031
45916,11470.5837,3449.1657
45917,11487.0658,3070.0312
45918,11478.8127,3505.8659
45919,11514.697,3683.802
45920,11482.2634,3018.5151
45921,11475.6765,3385.0086
45922,11461.746,2609.4988
45923,11507.6858,3603.1107
45924,11468.9875,3569.9531
45925,11462.7002,2454.7571
45926,11487.5035,3639.7448
45927,11489.7236,3052.8634
45928,11458.827,2896.5904
45929,11500.6236,2966.6124
45930,11464.6266,3514.4429
45931,11475.1993,2706.3783
45932,11508.6607,3179.3857
45933,11508.4556,3485.881
45934,11491.9845,3049.2019
45935,11506.1262,3435.3217
45936,11456.2273,2475.0147
45937,11484.5754,3183.84
45938,11504.6631,3571.7209
45939,11508.8101,2503.5531
45940,11491.2711,2822.307
45941,11477.9548,3538.5695
45942,11480.2864,3489.0557
45943,11500.9502,3266.8704
45944,11498.1833,3138.632
45945,11473.1753,3464.4033
45946,11469.0188,3508.5863
45947,11480.1559,3414.577
45948,11494.6361,2499.5694
45949,11471.6997,3409.2156
45950,11449.7168,2788.7541
45951,11480.0028,3315.36
45952,11486.303,3698.9178
45953,11462.4591,3334.7162
45954,11482.3693,3071.9379
45955,11455.2901,3750.298
45956,11480.3397,3584.6067
45957,11483.2635,3325.3608
45958,11484.6692,2439.6847
45959,11463.6288,2421.7141
45960,11466.353,2858.2966
45961,11500.6156,2763.5053
45962,11449.5345,3146.5393
45963,11476.5179,3557.112
45964,11469.0438,2606.9925
45965,11493.6096,3417.7919
45966,11451.2067,3451.0737
45967,11499.5463,2896.2495
45968,11474.0457,2812.5201
45969,11475.5895,3265.1813
45970,11473.4292,3605.8394
45971,11441.969,3043.6364
45972,11459.2357,3530.376
45973,11441.6564,2576.1232
45974,11459.5455,2871.513
45975,11458.9355,2703.6904
45976,11444.5084,2748.9773
45977,11474.7571,2566.1821
45978,11462.4425,3612.5727
45979,11474.3166,3636.0847
45980,11475.8807,3308.761
45981,11451.8161,2327.3832
45982,11441.9835,2421.805
45983,11482.1335,3527.1921
45984,11463.8416,3113.4568
45985,11460.5248,3249.7933
45986,11462.53,2552.9404
45987,11487.2251,3691.0907
45988,11460.272,2572.5104
45989,11484.373,3747.4077
45990,11459.2836,3734.5743
45991,11477.2603,3374.3839
45992,11437.5495,3253.8913
45993,11467.392,2558.0981
45994,11455.0509,2762.7488
45995,11486.138,2883.4789
45996,11444.254,2805.8405
45997,11485.1737,3685.2622
45998,11469.701,3643.1836
45999,11476.7563,2728.4675
46000,11454.4286,2727.0806
46001,11446.684,3302.8359
46002,11472.8995,3381.8294
46003,11440.7427,3260.4987
46004,11449.58,3284.4162
46005,11480.0854,3686.3123
46006,11444.0364,2531.2772
46007,11482.2655,3770.3563
46008,11440.8747,2469.1698
46009,11452.7772,2390.6773
46010,11462.4426,2762.2896
46011,11433.0008,2946.4787
46012,11458.871,2934.1574
46013,11440.2841,3679.6948
46014,11427.8092,3037.7052
46015,11474.741,2508.7314
46016,11469.5767,3082.6124
46017,11426.5379,2991.2998
46018,11423.7821,3309.9527
46019,11456.0357,3670.961
46020,11470.1621,3694.6666
46021,11424.667,2678.3879
46022,11454.4865,3310.0565
46023,11467.6444,3716.4339
46024,11448.6188,3608.9115
46025,11460.9741,3024.744
46026,11447.633,2881.8983
46027,11431.4655,3574.9809
46028,11474.6598,2748.9691
46029,11440.639,2708.6091
46030,11462.7737,2520.493
46031,11459.4696,2929.3926
46032,11454.2932,3392.3503
46033,11430.2199,3382.5794
46034,11471.4731,3224.0784
46035,11453.2233,3638.0206
46036,11468.2311,3337.0071
46037,11444.165,3345.4097
46038,11455.7578,3642.6174
46039,11413.5831,2552.2749
46040,11465.3,3732.346
46041,11441.5749,2917.1229
46042,11443.8047,3476.8054
46043,11464.9416,3629.2558
46044,11420.7702,2713.6226
46045,11453.3444,3747.0675
46046,11414.2896,3453.8737
46047,11429.4618,3657.4368
46048,11431.862,2768.8099
46049,11444.0642,3252.1321
46050,11455.7411,3365.7246
46051,11449.2752,3620.112
46052,11450.077,3587.191
46053,11452.0086,3536.8289
46054,11425.7998,2641.5878
46055,11406.939,3401.4223
46056,11458.0293,3577.9387
46057,11424.8451,3672.1158
46058,11434.4566,2853.3994
46059,11452.6922,3244.2639
46060,11440.4652,2359.5898
46061,11439.5851,2469.2321
46062,11455.9707,3372.2907
46063,11415.8339,3652.3459
46064,11438.6862,3224.2698
46065,11452.8356,2702.2242
46066,11443.654,2609.8923
46067,11436.8523,3673.4546
46068,11405.8941,3233.9363
46069,11413.2696,2615.7324
46070,11446.0521,2709.2515
46071,11408.1214,3623.3106
46072,11448.582,2554.511
46073,11422.4136,3179.9855
46074,11413.8513,3227.9814
46075,11436.9052,2755.2006
46076,11425.7679,3084.1939
46077,11420.7758,3729.4031
46078,11404.2338,2348.2383
46079,11439.2765,3033.852
46080,11447.9946,3120.5536
46081,11431.0785,3531.7948
46082,11414.4427,2924.8335
46083,11411.6538,3604.5203
46084,11423.1961,3323.7607
46085,11419.9868,3139.4687
46086,11395.6286,3531.3864
46087,11430.2178,2577.6113
46088,11394.8534,2632.5414
46089,11444.5547,3134.2802
46090,11440.8769,2876.6681
46091,11402.1837,2784.8152
46092,11438.7509,3211.2419
46093,11407.4182,3378.6803
46094,11426.4712,2572.3845
46095,11440.2337,3439.0762
46096,11428.6553,3753.1591
46097,11437.2669,3752.8637
46098,11403.4483,3342.5165
46099,11424.0374,3378.4729
46100,11401.5772,3519.8609
46101,11443.3148,2465.4433
46102,11409.9748,2532.0556
46103,11434.0108,3432.6563
46104,11410.5743,2501.4083
46105,11412.1967,3023.2598
46106,11409.7267,3137.7237
46107,11409.0666,3480.1257
46108,11419.8626,3327.7213
46109,11399.953,2716.8425
46110,11418.7671,2760.9261
46111,11387.5628,3729.6384
46112,11422.1012,3148.3592
46113,11404.132,3441.8653
46114,11429.441,2976.7294
46115,11421.73,2386.716
46116,11394.9083,2972.6435
46117,11420.5002,3347.301
46118,11422.3072,3645.9596
46119,11397.7493,3588.4702
46120,11399.0962,3367.6465
46121,11401.3518,3612.8892
46122,11426.5211,3609.5452
46123,11409.9605,2796.2992
46124,11391.4258,2653.6589
46125,11419.4198,3415.4021
46126,11427.5731,3227.2494
46127,11430.5608,3695.487
46128,11385.7376,3200.7085
46129,11401.8269,2700.4149
46130,11405.2054,2532.5853
46131,11394.0737,3545.6945
46132,11413.2116,3395.6066
46133,11385.7931,3018.8031
46134,11376.8127,3316.2812
46135,11389.6993,2611.2371
46136,11420.9164,2348.0558
46137,11405.3971,3488.0261
46138,11375.6267,2945.6913
46139,11410.1824,3501.9074
46140,11402.2523,2979.5919
46141,11401.3602,3480.9868
46142,11397.5538,3698.4211
46143,11383.2812,2679.3304
46144,11404.474,3008.0628
46145,11367.9343,3415.7928
46146,11389.1671,2603.664
46147,11395.9131,2819.0432
46148,11392.8051,3683.3652
46149,11402.4574,3395.5076
46150,11396.8851,2485.2454
46151,11387.0205,2629.8978
46152,11390.9322,3490.2573
46153,11392.2456,3116.67
46154,11399.2226,3138.25
46155,11404.7688,2617.4311
46156,11381.377,3041.7636
46157,11368.6981,2547.4589
46158,11400.8952,2655.5394
46159,11365.8862,3568.1709
46160,11362.1496,3721.7501
46161,11365.9288,3593.1823
46162,11401.0733,3217.3663
46163,11409.2177,2606.2299
46164,11372.7669,3437.9454
46165,11392.5958,2673.5568
46166,11398.1818,2936.6568
46167,11382.9319,3121.1785
46168,11400.1346,2479.6095
46169,11371.8895,3246.128
46170,11396.0061,2740.6916
46171,11397.2201,3688.1007
46172,11367.85,2849.6432
46173,11381.0912,3248.3409
46174,11387.5892,3646.7406
46175,11381.8192,2648.455
46176,11371.4249,3670.7007
46177,11367.9917,3258.891
46178,11375.8715,2857.1801
46179,11385.4948,2864.7275
46180,11370.3146,3475.4315
46181,11387.2282,3459.8148
46182,11351.2398,2949.4557
46183,11369.0021,3352.1108
46184,11391.9202,2454.0496
46185,11377.6483,3696.3964
46186,11385.1719,2737.5906
46187,11383.0054,2366.938
46188,11347.9449,2714.3558
46189,11374.8737,3043.0814
46190,11396.5871,2724.0368
46191,11352.9659,2533.8898
46192,11388.6019,3529.0716
46193,11399.3686,2847.9447
46194,11390.4976,3326.8247
46195,11392.5825,2496.363
46196,11385.2893,3740.6792
46197,11390.1047,2825.2652
46198,11359.7223,2936.1495
46199,11376.236,3630.7086
46200,11352.8202,2951.9674
46201,11388.1874,3255.9666
46202,11338.7104,2779.4346
46203,11368.4234,2391.1268
46204,11360.3054,3324.3883
46205,11349.0218,3217.7607
46206,11383.3649,3330.1766
46207,11364.4414,2792.8188
46208,11380.6273,2454.8808
46209,11367.542,3593.6479
46210,11356.5772,2977.9067
46211,11343.31,3022.036
46212,11337.3912,2821.2586
46213,11369.9791,2516.2503
46214,11361.1462,2988.0235
46215,11347.8336,2993.7393
46216,11382.2076,2369.3191
46217,11332.5419,2710.7277
46218,11371.2577,3097.4206
46219,11346.1337,2751.9032
46220,11359.1882,3545.1544
46221,11347.8012,3388.8825
46222,11334.2241,3129.0963
46223,11362.2389,3394.7656
46224,11374.6664,2905.1696
46225,11376.6705,3565.5423
46226,11372.4712,3062.0934
46227,11352.6384,2316.2838
46228,11354.8743,2620.8027
46229,11350.9888,2542.3254
46230,11334.7372,3185.6932
46231,11327.0647,3296.3627
46232,11370.7076,3401.5103
46233,11365.6561,2657.6407
46234,11355.7205,3541.5872
46235,11367.313,2625.1704
46236,11368.656,3326.7993
46237,11363.57,3684.5953
46238,11322.9425,2823.7016
46239,11327.9346,3390.1048
46240,11340.8829,3361.2123
46241,11335.6354,3509.9029
46242,11340.0962,3208.5688
46243,11329.242,2961.5659
46244,11370.5059,3201.1535
46245,11354.4765,3425.121
46246,11347.1538,2903.4189
46247,11367.1248,2562.4417
46248,11329.2645,3720.1116
46249,11339.6965,3197.9057
46250,11326.2064,3351.7601
46251,11340.5664,3225.4284
46252,11320.2933,3085.401
46253,11335.4773,3223.258
46254,11338.8847,2377.9057
46255,11351.717,3080.3077
46256,11326.4438,3706.8795
46257,11311.4629,3114.3003
46258,11325.1132,3330.9551
46259,11365.4653,2912.7781
46260,11359.1541,2448.6861
46261,11346.6866,3597.574
46262,11361.6427,2619.2793
46263,11337.4791,3363.9764
46264,11311.6786,3430.3158
46265,11349.2995,2517.9538
46266,11338.961,2887.4224
46267,11348.275,3460.7784
46268,11334.141,2622.8135
46269,11339.1103,3187.4143
46270,11337.3499,3331.6365
46271,11343.232,3660.8322
46272,11335.3745,2515.6592
46273,11306.3797,3454.0699
46274,11320.8493,3677.1996
46275,11303.091,3527.9777
46276,11349.1699,2588.5691
46277,11337.3366,2786.7056
46278,11304.7944,3269.8871
46279,11299.1873,3671.6305
46280,11308.5009,2977.928
46281,11343.64,2480.2413
46282,11306.5546,2776.5722
46283,11332.3827,3605.1335
46284,11332.201,3690.7461
46285,11328.1134,3498.5646
46286,11334.9994,2316.2802
46287,11311.974,2702.0835
46288,11329.5764,2708.2748
46289,11317.2064,2323.9933
46290,11307.0319,2572.87
46291,11301.0087,3231.851
46292,11342.8722,2500.685
46293,11293.0539,2969.9993
46294,11302.5952,3589.6504
46295,11318.1998,2517.6073
46296,11312.6845,3607.6933
46297,11304.647,3448.1929
46298,11290.9645,2687.0713
46299,11343.3706,3031.6122
46300,11304.5098,3637.2276
46301,11323.7709,3300.1874
46302,11289.3161,3608.4188
46303,11334.689,2326.2693
46304,11324.1321,2667.8017
46305,11324.7049,2408.6927
46306,11307.0716,3437.334
46307,11330.8059,2817.596
46308,11325.5516,3041.695
46309,11301.6793,3156.5838
46310,11306.0638,2639.0342
46311,11325.2656,3367.4474
46312,11332.9026,2321.8447
46313,11327.6986,3310.8258
46314,11295.2523,3294.3416
46315,11287.899,3416.912
46316,11308.7913,3284.5954
46317,11302.1528,3613.9872
46318,11323.8439,2309.7213
46319,11305.2823,3075.2625
46320,11302.8219,3145.7724
46321,11287.7065,3095.0531
46322,11282.8941,3054.3964
46323,11292.3716,2915.4793
46324,11294.751,2481.7934
46325,11287.7759,2613.443
46326,11283.2162,3310.6133
46327,11273.0807,2379.8175
46328,11295.747,2595.2963
46329,11319.3107,3430.3318
46330,11286.5389,3632.4364
46331,11270.6984,3232.59
46332,11291.9287,3324.4053
46333,11319.2095,3522.3768
46334,11272.3384,2806.4544
46335,11308.6496,2788.4137
46336,11301.309,2544.0798
46337,11312.6764,2503.0177
46338,11287.2059,3691.0172
46339,11320.6657,3654.9594
46340,11267.9399,2505.4895
46341,11270.2523,3300.9593
46342,11308.9014,3167.7874
46343,11285.3123,2405.4801
46344,11269.1871,3091.8011
46345,11282.5871,3661.5586
46346,11313.3812,2459.5684
46347,11284.2905,2955.5382
46348,11285.4413,3099.4355
46349,11294.5146,2576.35
46350,11260.2019,2287.5717
46351,11287.827,3072.4353
46352,11303.7781,3015.4979
46353,11261.4752,2833.4828
46354,11271.8162,3149.8344
46355,11294.6569,2435.8002
46356,11296.2084,3044.3893
46357,11274.0883,3453.2319
46358,11261.0235,3581.1247
46359,11280.9982,2933.0876
46360,11301.4291,3703.7693
46361,11279.9277,2533.4536
46362,11253.1809,3268.7228
46363,11277.0402,3334.3558
46364,11287.1786,2324.8617
46365,11271.9912,3137.8178
46366,11275.7727,3400.0069
46367,11300.1883,3139.3479
46368,11268.9049,3274.3124
46369,11298.7359,3182.3699
46370,11266.365,3522.1503
46371,11295.806,3174.8663
46372,11274.5533,2990.7531
46373,11277.3443,3246.9039
46374,11279.9541,2597.692
46375,11264.8632,3614.0372
46376,11270.8789,3577.4442
46377,11268.3622,3663.8685
46378,11265.8071,3513.4269
46379,11249.2432,2938.5269
46380,11274.2601,2808.2361
46381,11247.0888,3657.8377
46382,11293.218,3023.5516
46383,11275.2578,2892.4417
46384,11243.5005,2849.1561
46385,11286.0784,3154.1369
46386,11293.0787,3150.5183
46387,11267.5369,3221.6205
46388,11283.0647,3269.3066
46389,11268.5479,3054.8931
46390,11270.1263,3390.26
46391,11282.8178,3235.149
46392,11272.1178,3658.6891
46393,11286.7393,3517.1692
46394,11262.6951,2383.0701
46395,11264.5265,3263.2038
46396,11244.2081,2493.6361
46397,11235.5135,2667.5784
46398,11284.416,3360.2696
46399,11264.7265,2996.6624
46400,11283.2669,2331.7357
46401,11261.9031,3678.572
46402,11239.4936,2891.9916
46403,11282.3353,2731.409
46404,11261.4192,2794.1376
46405,11240.6198,3283.1545
46406,11236.3602,3635.1964
46407,11250.5261,3128.9678
46408,11271.2845,3522.4316
46409,11255.8566,2472.471
46410,11228.3665,3057.1442
46411,11247.7311,2587.4178
46412,11245.6694,3136.6638
46413,11239.6662,3206.2265
46414,11254.799,3500.1
46415,11272.6836,3172.5612
46416,11259.282,3050.0064
46417,11254.2384,3020.1838
46418,11248.9088,2494.3683
46419,11263.8764,3158.2067
46420,11269.1135,3684.0575
46421,11219.7503,3655.8641
46422,11236.6827,2738.1323
46423,11257.1433,3119.8884
46424,11218.8297,2726.5732
46425,11240.4684,3151.533
46426,11264.4688,3176.3908
46427,11223.2559,2725.247
46428,11217.5457,2808.7864
46429,11215.0016,2463.2094
46430,11243.7065,2567.6722
46431,11243.2513,3475.7549
46432,11253.4657,3593.4398
46433,11236.9289,2451.4947
46434,11227.4583,2829.8941
46435,11211.8101,3326.3271
46436,11227.545,2937.2676
46437,11260.6294,2346.898
46438,11260.1104,3593.595
46439,11211.9426,2680.02
46440,11219.1972,2556.7255
46441,11247.2866,2689.7371
46442,11224.8414,3664.3654
46443,11250.2336,3168.8134
46444,11224.1587,3521.5284
46445,11213.2164,3080.5751
46446,11243.3824,2900.5201
46447,11251.4982,3360.6357
46448,11217.3793,3250.1094
46449,11212.8963,2526.9144
46450,11221.7582,3331.6958
46451,11216.3415,2407.9303
46452,11229.2034,2903.9223
46453,11227.1597,2794.0148
46454,11230.091,3185.0401
46455,11219.5921,3577.0599
46456,11226.6699,2912.7903
46457,11208.2706,3633.5306
46458,11209.0054,3126.4025
46459,11235.0346,3549.8144
46460,11239.8166,3533.3235
46461,11201.0494,3410.882
46462,11207.4999,3290.7926
46463,11231.448,2711.6853
46464,11199.9812,3644.4949
46465,11241.4087,2577.0553
46466,11220.1093,3214.7657
46467,11213.314,2504.1116
46468,11216.9659,2782.7755
46469,11211.1069,3342.04
46470,11196.8076,3220.977
46471,11191.4607,3363.939
46472,11187.2337,2939.4713
46473,11224.2727,3352.0416
46474,11191.6527,3661.5342
46475,11187.207,2402.1916
46476,11221.7343,2926.0728
46477,11204.1025,2646.9418
46478,11209.8098,3082.2007
46479,11231.5265,2485.0372
46480,11195.7731,3512.9889
46481,11200.1743,3036.4104
46482,11201.0144,2670.4171
46483,11189.4463,2514.049
46484,11230.9859,3619.2459
46485,11205.4112,3137.7607
46486,11187.9088,2913.3028
46487,11221.4478,3619.4607
46488,11177.8966,3536.346
46489,11196.9699,2370.4135
46490,11215.9634,2408.1356
46491,11215.3141,2727.2453
46492,11190.2573,3208.0934
46493,11221.9278,2704.1286
46494,11214.8994,3502.4031
46495,11183.3454,3210.366
46496,11193.6549,3185.5494
46497,11221.016,2496.2094
46498,11186.0754,2704.2327
46499,11218.3115,3665.9194
46500,11200.8147,2609.0171
46501,11201.1827,2928.3487
46502,11211.4425,2490.7748
46503,11202.6515,3323.8431
46504,11169.6911,2381.2986
46505,11177.0191,3390.6361
46506,11170.006,2834.1623
46507,11210.5417,2881.4404
46508,11163.7672,3222.9706
46509,11163.328,3101.6278
46510,11178.7051,2877.8664
46511,11170.3436,2603.5215
46512,11201.2331,3489.9711
46513,11211.8908,2290.8631
46514,11181.5429,3095.2062
46515,11163.2548,3158.9253
46516,11192.5746,2575.9874
46517,11159.0589,2379.6626
46518,11174.7785,2572.4817
46519,11205.9856,3482.1022
46520,11164.0744,2740.088
46521,11173.9505,3244.4918
46522,11173.5507,3418.51
46523,11162.0952,3261.0809
46524,11182.1626,3512.8081
46525,11161.6288,3216.3342
46526,11188.09,3421.6325
46527,11149.5547,3134.9259
46528,11161.5395,3579.7727
46529,11170.69,2604.7792
46530,11159.6964,2398.1373
46531,11171.1789,2681.8194
46532,11164.5876,2586.5714
46533,11166.6152,3531.4248
46534,11196.8299,2700.9212
46535,11172.4639,3057.7073
46536,11146.289,3525.583
46537,11191.0875,3076.1988
46538,11183.8373,2295.5223
46539,11170.325,2788.1793
46540,11189.8147,2468.3971
46541,11186.993,3511.9014
46542,11177.5947,2833.1458
46543,11170.3957,2317.042
46544,11165.3601,2772.3902
46545,11136.8191,2449.4737
46546,11164.671,3022.1913
46547,11157.3084,3213.3386
46548,11145.5137,3449.2599
46549,11184.9842,2944.506
46550,11149.5267,2655.0631
46551,11152.8797,3003.7656
46552,11147.8298,3027.0199
46553,11131.6755,2904.1576
46554,11129.0959,3316.2828
46555,11135.2657,2737.0769
46556,11150.7895,3125.5524
46557,11170.6124,3670.518
46558,11170.9175,3234.4789
46559,11128.0222,3002.0457
46560,11142.8867,2563.6555
46561,11141.3714,2761.5874
46562,11134.8266,3559.5324
46563,11143.2433,3176.6788
46564,11150.7075,3496.6951
46565,11164.7445,2649.5297
46566,11139.7505,3178.5991
46567,11122.9248,3265.6576
46568,11139.3601,3141.5145
46569,11125.4778,2920.5283
46570,11140.2259,2271.467
46571,11144.0088,2947.4198
46572,11125.2418,2348.6783
46573,11164.5747,2641.9809
46574,11157.3389,3559.57
46575,11117.1298,3450.1077
46576,11166.7718,3434.0106
46577,11124.0939,2937.7053
46578,11144.0147,2731.1372
46579,11129.0407,3490.4568
46580,11138.3442,2334.6879
46581,11140.2001,2303.4871
46582,11122.2699,2757.8934
46583,11143.6728,2990.917
46584,11153.8272,2989.6688
46585,11113.6849,3458.4579
46586,11120.6835,3137.0278
46587,11130.3697,3559.5509
46588,11142.4161,2892.34
46589,11146.0587,3147.2126
46590,11141.2706,2593.0593
46591,11157.0779,2878.0726
46592,11148.2766,3490.2372
46593,11122.7021,3399.8673
46594,11152.0777,2288.6831
46595,11113.3565,2991.5008
46596,11103.6377,3099.1084
46597,11127.6624,3460.0007
46598,11147.5594,3506.7073
46599,11117.5452,3364.3995
46600,11140.3138,3048.0572
46601,11098.5716,3086.1822
46602,11125.057,3118.8471
46603,11126.276,2911.2534
46604,11096.9307,3328.0683
46605,11145.5163,2983.964
46606,11122.0201,2286.9208
46607,11093.9634,3451.0419
46608,11108.0073,2336.5403
46609,11109.5215,3413.066
46610,11109.2551,3416.7604
46611,11110.2194,3540.3936
46612,11126.6526,2452.1503
46613,11138.2747,2500.9332
46614,11108.8818,2775.1888
46615,11088.2688,3207.5384
46616,11087.3447,2361.5143
46617,11136.324,3473.9068
46618,11100.3746,3414.6769
46619,11098.1169,2686.2757
46620,11128.9279,2324.8314
46621,11099.1756,3411.3941
46622,11088.6322,3138.3594
46623,11129.7394,3194.6518
46624,11112.7754,2973.4305
46625,11088.5082,3515.0568
46626,11108.6291,3039.4661
46627,11130.8502,2847.7848
46628,11119.1589,2598.267
46629,11116.9134,3195.6825
46630,11110.1506,2396.393
46631,11101.7418,2386.4204
46632,11099.9434,3427.0289
46633,11110.7618,2503.657
46634,11096.2194,2268.6413
46635,11077.3105,3245.9892
46636,11119.1154,3534.1249
46637,11108.7928,3014.6784
46638,11114.2635,2978.6345
46639,11095.9929,2419.5315
46640,11092.4169,3628.8426
46641,11090.2669,3357.4933
46642,11113.4056,2434.5727
46643,11065.9026,3222.9744
46644,11071.5901,2915.2648
46645,11095.3476,2913.1057
46646,11083.4001,3601.0803
46647,11104.8851,2921.4456
46648,11113.4645,3013.6852
46649,11077.7384,2496.3748
46650,11062.7917,3181.0708
46651,11088.6431,2918.2401
46652,11062.772,2433.3614
46653,11093.0534,3002.3922
46654,11101.9567,2406.8869
46655,11102.3302,2373.4181
46656,11054.9021,3134.6435
46657,11102.8193,3017.0341
46658,11086.9584,2943.5114
46659,11074.2172,3634.626
46660,11060.9446,2945.69
46661,11055.4286,2863.141
46662,11080.2162,3582.9568
46663,11064.1193,3306.0133
46664,11055.1746,2651.1366
46665,11049.1264,3585.7059
46666,11098.906,2596.0042
46667,11075.7604,3511.9992
46668,11091.3317,3184.2726
46669,11087.8818,2551.9532
46670,11055.7294,2269.5984
46671,11084.2188,2969.9808
46672,11068.6323,3311.4193
46673,11087.2049,3072.7019
46674,11042.1672,3121.7954
46675,11061.0298,3391.6703
46676,11063.8356,2674.1107
46677,11057.282,3461.7898
46678,11064.9883,2762.3192
46679,11076.1385,2648.7063
46680,11055.9215,3338.5742
46681,11036.1199,2734.0997
46682,11056.0894,3538.7005
46683,11055.2094,3106.6341
46684,11045.3594,3357.2179
46685,11039.3335,3405.6164
46686,11081.2364,3617.088
46687,11040.8537,3153.3757
46688,11076.34,2342.1359
46689,11071.5409,2933.1751
46690,11078.5201,2406.4965
46691,11041.0987,2250.824
46692,11069.5922,3619.2737
46693,11032.7804,2381.8058
46694,11036.6872,2949.2329
46695,11076.4917,3586.5324
46696,11044.6619,2690.6925
46697,11037.474,3056.0889
46698,11036.5769,2993.2885
46699,11058.4056,3484.7565
46700,11055.365,2292.5846
46701,11054.3548,2669.0503
46702,11019.4511,2676.3531
46703,11027.1196,2252.0756
46704,11022.3562,3072.1536
46705,11042.6514,2994.727
46706,11038.4346,3035.4942
46707,11049.369,3531.7557
46708,11047.1782,3521.1778
46709,11045.7579,2629.2678
46710,11038.1059,2965.7561
46711,11049.9082,2716.0083
46712,11050.6316,3406.893
46713,11058.424,2968.1424
46714,11037.2692,2577.3323
46715,11049.4932,3215.1539
46716,11038.9339,2257.7438
46717,11051.8902,2553.9758
46718,11015.4328,2720.1343
46719,11025.3897,3117.1404
46720,11020.0681,2653.3203
46721,11013.8903,2544.6765
46722,11045.2836,3626.6346
46723,11043.5347,3336.4092
46724,11043.9112,3378.3953
46725,11029.5361,3405.959
46726,11000.7625,2498.6988
46727,11001.3858,3502.7164
46728,11001.8701,2993.6198
46729,11044.9638,2343.5658
46730,11013.3241,3211.3404
46731,11008.0053,3162.9808
46732,10999.1937,3537.9782
46733,11036.8377,2263.268
46734,11046.6555,2331.7043
46735,10995.0142,2336.0438
46736,10996.9342,3248.3318
46737,11004.9272,2962.882
46738,11003.8818,3327.5511
46739,11013.1044,2685.5768
46740,11008.7618,2699.8817
46741,11040.5512,2686.4456
46742,10998.4364,3506.1693
46743,10995.9823,3372.6119
46744,11010.1033,2409.6845
46745,10999.3692,2973.9894
46746,11018.7194,2287.1288
46747,11011.9129,3423.5835
46748,10998.1231,3289.8141
46749,11021.7153,2597.0717
46750,11022.2002,3397.0416
46751,10999.3633,2782.2617
46752,11026.0883,3181.7393
46753,10985.39,3315.6964
46754,11020.8783,2270.581
46755,11020.2812,2828.384
46756,11030.0214,3530.8228
46757,10999.8624,2339.0121
46758,10992.6901,3404.7854
46759,10979.4673,3323.1428
46760,11027.4336,3481.4877
46761,11003.5642,3174.252
46762,11000.7755,2703.6499
46763,10994.8035,3090.4913
46764,10987.6268,2365.3666
46765,10987.1775,3478.1242
46766,11017.8445,2267.9691
46767,10986.9254,2605.5741
46768,11003.3342,2809.4158
46769,11010.3624,3024.3954
46770,11012.8207,2552.304
46771,10984.1527,3140.94
46772,10970.6798,3504.6112
46773,10993.924,3386.0289
46774,10984.049,2599.4105
46775,10992.686,2509.6518
46776,11001.3948,3023.8908
46777,10990.6135,3367.7274
46778,10959.6891,2554.1677
46779,11002.2579,2640.7262
46780,10983.9795,3506.7681
46781,10966.0718,3226.8324
46782,10959.5407,2787.5485
46783,10962.571,2746.4762
46784,10991.2015,3271.1691
46785,10998.8525,3395.1969
46786,10984.6582,2991.8053
46787,10963.0852,3374.3334
46788,10989.2811,3416.4743
46789,10984.4695,3146.5734
46790,10993.2712,2702.8217
46791,10985.2334,2998.6886
46792,10997.339,3265.7586
46793,10995.828,2638.2238
46794,10945.6999,2534.7167
46795,10967.1512,2260.5842
46796,10975.9656,3501.5992
46797,10993.0409,3587.4939
46798,10942.4612,2590.8919
46799,10962.0746,2371.6167
46800,10945.9175,3063.0042
46801,10962.1732,3347.51
46802,10954.1166,3387.4627
46803,10954.4953,2619.8009
46804,10968.586,3301.1028
46805,10943.5804,3142.936
46806,10978.4671,2520.0824
46807,10958.8861,3150.8855
46808,10984.7195,2709.3675
46809,10973.8568,2942.7613
46810,10970.9545,2594.2154
46811,10931.4789,2782.3921
46812,10964.8806,3091.6567
46813,10932.132,2495.3447
46814,10935.5899,2513.1036
46815,10980.1718,2935.756
46816,10958.1313,3279.2741
46817,10941.1875,2792.4534
46818,10940.5502,2614.0296
46819,10942.9194,3129.4888
46820,10962.7937,3178.6916
46821,10958.8204,3391.4641
46822,10922.4484,2586.001
46823,10946.6551,2958.8964
46824,10947.3644,2793.505
46825,10959.4489,3437.7291
46826,10970.1535,2654.6227
46827,10917.9161,2801.5137
46828,10933.9473,2476.3323
46829,10939.8421,3005.6813
46830,10954.9088,2535.0174
46831,10943.4876,3170.7293
46832,10924.5577,3021.5573
46833,10938.1829,3569.8191
46834,10961.7245,2986.8475
46835,10914.8392,2293.2359
46836,10955.1458,3307.2059
46837,10940.8792,3154.674
46838,10926.6763,3202.3335
46839,10905.4522,2214.5012
46840,10908.8273,3449.4684
46841,10948.8497,3484.5183
46842,10947.4005,2999.2082
46843,10914.087,2672.2425
46844,10932.7138,2376.7148
46845,10902.0408,2491.6989
46846,10936.9462,3176.0284
46847,10931.9335,3056.725
46848,10942.1526,3295.9628
46849,10942.1219,2965.2891
46850,10896.6294,3320.6293
46851,10900.1219,3582.3313
46852,10905.1019,3551.2612
46853,10914.1706,3409.7391
46854,10911.7842,2962.5559
46855,10891.7649,2723.1161
46856,10934.235,3087.5121
46857,10915.0026,3413.8025
46858,10929.7661,2985.5889
46859,10939.8197,2277.0724
46860,10916.1753,3003.0433
46861,10931.7454,2919.1668
46862,10900.2754,2647.9562
46863,10885.8217,3091.2216
46864,10913.9733,3384.9486
46865,10911.4853,3261.7699
46866,10934.0593,3093.6836
46867,10903.3967,3220.099
46868,10917.6881,3256.1395
46869,10888.4332,3283.6889
46870,10889.5776,2935.9678
46871,10912.238,3345.2553
46872,10923.977,3569.6139
46873,10894.0686,3414.5212
46874,10893.8481,3062.4603
46875,10907.9923,3461.8901
46876,10888.9908,3281.499
46877,10916.0045,2822.8483
46878,10900.9809,3375.9997
46879,10880.6975,2961.1397
46880,10871.1359,2977.7293
46881,10885.9148,2797.9566
46882,10910.0382,2695.6866
46883,10877.5523,2267.6496
46884,10880.7175,2870.21
46885,10917.0865,2546.2944
46886,10879.7393,2300.8947
46887,10867.2305,2311.3687
46888,10867.5398,3524.4916
46889,10880.0475,2557.9588
46890,10873.9334,2549.6207
46891,10904.2795,2662.8287
46892,10879.9056,3199.0262
46893,10911.2929,3188.4525
46894,10857.1147,2396.4414
46895,10876.6965,2587.1905
46896,10868.4321,2305.0001
46897,10856.7804,2763.7071
46898,10884.5154,2915.9595
46899,10901.7427,2942.8701
46900,10851.3301,3462.0684
46901,10856.5011,2339.6021
46902,10865.441,2330.3047
46903,10869.7302,3536.9364
46904,10861.0806,3163.5
46905,10863.4414,3100.6706
46906,10867.7636,2415.811
46907,10853.3691,2878.0506
46908,10875.36,2639.0315
46909,10881.1845,2953.2123
46910,10882.3465,2917.728
46911,10865.714,2390.2916
46912,10889.1577,3052.5533
46913,10880.7946,2316.4186
46914,10880.0864,3103.3846
46915,10843.6107,2379.5224
46916,10846.0469,2978.2269
46917,10841.4641,2638.7513
46918,10859.483,2748.0767
46919,10864.4386,3042.0735
46920,10884.5706,3189.0692
46921,10878.0621,3507.6605
46922,10870.5232,2361.1634
46923,10877.7448,2736.1075
46924,10830.6216,2910.7675
46925,10845.4949,3352.32
46926,10869.9256,2396.9244
46927,10862.6344,3497.0954
46928,10835.9717,3218.5001
46929,10831.1862,3049.7302
46930,10829.8755,2928.2196
46931,10851.19,3224.4915
46932,10868.2881,2562.0951
46933,10841.1391,2497.4038
46934,10854.6859,3005.8596
46935,10837.154,2367.198
46936,10819.4002,3103.2871
46937,10862.5113,2494.7385
46938,10846.9972,2794.0751
46939,10856.6551,2232.395
46940,10826.8489,3192.4082
46941,10817.0984,2761.0782
46942,10851.3914,2479.5013
46943,10817.3415,3133.1969
46944,10835.3305,3414.2476
46945,10842.6948,2501.58
46946,10816.1301,3049.9148
46947,10833.6734,2625.1324
46948,10840.6939,3510.4543
46949,10824.8908,2342.1959
46950,10854.2502,3292.1017
46951,10857.6393,3482.6586
46952,10841.7478,3456.8399
46953,10830.2551,3048.0553
46954,10842.1988,2295.9402
46955,10801.8861,3142.4293
46956,10809.1969,3385.3362
46957,10827.4934,2242.0992
46958,10812.8156,2922.4417
46959,10808.4574,3399.4397
46960,10839.1197,3005.7272
46961,10824.6118,3057.3603
46962,10796.401,3517.8879
46963,10800.9371,3164.0923
46964,10837.1707,3118.7605
46965,10799.466,2472.281
46966,10803.8281,2993.7504
46967,10796.4796,2724.6581
46968,10830.9758,2483.8301
46969,10803.1462,3411.5976
46970,10804.21,2533.3351
46971,10800.9427,3390.6354
46972,10792.0553,3343.3316
46973,10784.559,3141.2122
46974,10823.8902,3210.13
46975,10831.0925,3515.38
46976,10817.8692,2315.981
46977,10815.8765,2978.0125
46978,10786.1611,2786.357
46979,10780.1247,2426.2728
46980,10824.2331,3044.7306
46981,10804.7678,3295.3494
46982,10805.1747,2419.1199
46983,10814.711,2880.9499
46984,10775.2707,3324.7512
46985,10818.4751,3461.6993
46986,10803.0022,3517.7064
46987,10794.7678,2812.2422
46988,10784.1606,3313.2629
46989,10769.346,3324.1493
46990,10796.3382,3095.4889
46991,10809.9784,2970.3535
46992,10797.3267,3489.7943
46993,10802.5397,3010.1229
46994,10770.5033,2935.597
46995,10771.8526,2494.868
46996,10777.8389,3141.1833
46997,10794.0222,3423.5757
46998,10767.3895,3199.459
46999,10766.1233,2445.2033
47000,10764.3618,2429.9472
47001,10805.7301,3468.0142
47002,10806.3701,2994.1874
47003,10783.8672,2943.863
47004,10789.7838,2883.8615
47005,10800.4746,2584.2543
47006,10804.1242,2234.5418
47007,10786.3431,2327.8419
47008,10771.7277,2906.7051
47009,10796.2175,2556.607
47010,10755.7298,2817.0067
47011,10782.0547,3425.9068
47012,10771.5714,3484.0796
47013,10797.0894,3066.3662
47014,10749.6679,2715.3686
47015,10769.1487,2422.8529
47016,10790.1962,3357.953
47017,10758.359,2747.1525
47018,10779.3266,2295.9287
47019,10775.7313,3020.8809
47020,10783.0666,3089.4385
47021,10755.9312,2943.9736
47022,10770.9356,3377.9184
47023,10749.402,2564.091
47024,10779.868,2991.8849
47025,10765.553,2761.7611
47026,10776.3452,3448.3076
47027,10735.7766,2559.199
47028,10732.9833,3239.2112
47029,10775.3689,2459.5672
47030,10745.3073,2367.1741
47031,10733.7447,3523.4819
47032,10759.7532,3046.1006
47033,10743.0556,2924.1927
47034,10775.0291,2345.1146
47035,10724.2743,2371.5232
47036,10755.0903,3226.4332
47037,10756.0118,3184.8165
47038,10739.7983,2629.9769
47039,10744.4965,3379.0898
47040,10732.9527,3359.8167
47041,10753.5173,2833.2029
47042,10742.7872,2278.4204
47043,10732.2476,3270.2075
47044,10754.5819,3190.3251
47045,10741.7992,2351.0737
47046,10751.7776,3361.6487
47047,10757.0222,3389.4139
47048,10712.6463,3187.0514
47049,10763.0651,3248.186
47050,10748.4354,2822.5536
47051,10746.3498,3232.3631
47052,10741.8418,3155.9112
47053,10754.6332,3059.5689
47054,10720.2085,2387.6616
47055,10722.4018,2570.3771
47056,10704.9575,2671.0348
47057,10733.2746,2776.904
47058,10750.0854,3461.3177
47059,10711.6006,3139.0484
47060,10716.8944,3258.7308
47061,10699.6514,3397.1848
47062,10747.9876,2338.2659
47063,10744.8455,3304.889
47064,10712.3201,3099.6121
47065,10733.763,3004.1508
47066,10712.1673,3384.1213
47067,10704.0022,2747.2529
47068,10723.1724,2693.8892
47069,10724.7368,3379.7477
47070,10707.7895,2268.9317
47071,10724.2401,3464.4303
47072,10700.619,3283.9994
47073,10713.2874,3254.954
47074,10688.1906,3336.5782
47075,10724.9354,3112.1689
47076,10704.7704,3127.4327
47077,10726.6451,3513.8083
47078,10717.592,2803.9049
47079,10712.4623,3227.0714
47080,10697.712,2721.4283
47081,10711.3707,3025.3864
47082,10682.668,3218.6597
47083,10727.6081,2365.2891
47084,10703.267,3287.06
47085,10694.5402,3427.345
47086,10673.2196,3221.2516
47087,10710.9013,3313.2631
47088,10711.1272,2920.4201
47089,10688.3903,3077.7634
47090,10720.3976,2493.4801
47091,10689.8655,3469.1583
47092,10718.2694,2797.8785
47093,10692.0998,3323.3267
47094,10693.732,2902.1421
47095,10668.4439,3240.6291
47096,10679.0751,2677.5411
47097,10679.9954,2460.3504
47098,10692.3999,3350.7732
47099,10675.8649,2655.8107
47100,10705.5521,3177.7328
47101,10687.4928,3431.7354
47102,10709.8306,2275.4672
47103,10657.39,2474.6192
47104,10690.4392,2937.6131
47105,10695.3972,3118.4099
47106,10693.8379,2864.2696
47107,10675.4835,2312.2114
47108,10695.4975,2361.2065
47109,10679.3914,2477.2686
47110,10677.1573,3236.7965
47111,10689.742,2392.0107
47112,10662.8632,2724.1597
47113,10671.8354,2640.0909
47114,10685.6898,3122.18
47115,10688.7986,2993.4815
47116,10656.3071,2975.0107
47117,10648.4687,3253.6929
47118,10687.3204,2980.83
47119,10681.3111,2958.4527
47120,10649.7319,2495.1765
47121,10682.3989,2415.179
47122,10669.5846,3104.2826
47123,10676.4475,2201.9445
47124,10638.6049,3052.5815
47125,10636.1881,3381.6097
47126,10684.6223,3303.0387
47127,10669.4902,3058.7863
47128,10651.4304,3340.9602
47129,10643.3199,2763.1432
47130,10646.4773,2369.7531
47131,10654.1948,3204.7418
47132,10640.4713,3057.7562
47133,10639.4633,3102.2455
47134,10628.1,3281.5973
47135,10647.3412,2392.2218
47136,10662.9472,2852.2356
47137,10657.9941,2439.4313
47138,10635.9511,2600.7989
47139,10673.0456,2381.954
47140,10650.3483,2808.2518
47141,10651.0269,2597.7806
47142,10646.7581,2509.091
47143,10646.7156,3198.0079
47144,10623.8437,2804.5268
47145,10653.1793,2864.9971
47146,10660.7298,3200.1553
47147,10625.065,2585.2334
47148,10618.6789,2529.0309
47149,10612.1761,2267.5212
47150,10634.7338,3412.9274
47151,10641.7698,3172.1683
47152,10627.7745,2334.1547
47153,10652.6188,2895.203
47154,10619.4475,3489.7131
47155,10618.7573,2606.3467
47156,10610.5849,2317.6785
47157,10649.1077,3087.0443
47158,10612.284,2535.6304
47159,10619.9337,3235.3784
47160,10621.0645,3227.3779
47161,10624.8771,2940.0335
47162,10604.6569,3319.2911
47163,10623.4011,3304.2615
47164,10637.8207,2433.7526
47165,10623.8017,2181.6188
47166,10615.8091,2900.2871
47167,10609.2889,3260.4414
47168,10618.4359,2922.6994
47169,10596.9832,3049.6789
47170,10606.6529,3181.7943
47171,10610.7583,2868.4425
47172,10593.5513,2655.8717
47173,10610.86,3297.9941
47174,10626.1441,2390.1371
47175,10625.1569,2591.8357
47176,10633.4594,2645.7691
47177,10626.7939,3020.0406
47178,10584.766,3187.3481
47179,10624.0253,3427.4053
47180,10586.4765,2870.2221
47181,10577.8233,2495.6418
47182,10590.8864,3438.8841
47183,10617.3751,3366.2815
47184,10588.5636,3189.4684
47185,10584.5427,2149.7355
47186,10623.9868,3291.5826
47187,10619.9832,2956.6889
47188,10619.9355,2555.9569
47189,10585.3561,2993.0034
47190,10581.6357,2529.2198
47191,10586.4887,3471.0429
47192,10591.7965,3419.8452
47193,10606.3127,2315.2859
47194,10600.9886,3302.4495
47195,10586.053,3271.3511
47196,10574.1923,2524.164
47197,10598.0538,3455.168
47198,10571.8933,2900.5929
47199,10602.9228,3290.8518
47200,10576.1559,3271.5447
47201,10567.9216,2989.2165
47202,10568.7406,2733.7185
47203,10577.7086,2802.6969
47204,10601.5849,3371.4214
47205,10578.0327,2787.6328
47206,10583.6106,2700.7629
47207,10576.3287,2261.8729
47208,10600.9156,2998.6732
47209,10572.1063,2500.6962
47210,10556.5612,2673.458
47211,10594.6139,3249.6051
47212,10558.8321,2880.9406
47213,10581.571,2815.2018
47214,10553.1694,3297.0933
47215,10564.6823,2948.5237
47216,10580.1705,3037.082
47217,10552.9596,2762.7251
47218,10574.8879,2230.3563
47219,10581.9594,2839.4841
47220,10550.7956,3014.3467
47221,10559.2757,3080.3616
47222,10539.0644,3130.0247
47223,10548.8821,2579.7666
47224,10569.4633,2871.2738
47225,10582.1089,3097.4706
47226,10548.1897,2667.6078
47227,10559.8196,2149.1549
47228,10581.3382,2259.4764
47229,10546.7799,2218.4526
47230,10566.2669,2830.8822
47231,10577.8358,3248.4975
47232,10545.0262,3221.9838
47233,10563.6205,2754.1459
47234,10556.7892,3145.5696
47235,10571.5999,2889.7092
47236,10567.1905,2894.6603
47237,10553.4154,2271.8012
47238,10530.4549,2792.0786
47239,10566.8312,2885.2148
47240,10553.5975,3454.6453
47241,10533.5134,2447.3904
47242,10561.5531,3359.5203
47243,10541.478,2920.7913
47244,10552.2856,3067.9266
47245,10555.7796,3137.8467
47246,10528.9834,2936.6529
47247,10532.1265,2898.5837
47248,10518.0736,2557.0637
47249,10522.0686,2793.0536
47250,10548.3408,2505.3436
47251,10508.2736,2812.9452
47252,10515.3448,3287.1283
47253,10515.6086,2402.6767
47254,10521.4411,3429.4944
47255,10548.6857,3087.4784
47256,10526.5299,2628.269
47257,10534.3957,3093.7806
47258,10505.2362,3238.2289
47259,10506.7222,3234.3358
47260,10546.3313,2936.678
47261,10503.3006,2272.0667
47262,10505.4548,3178.971
47263,10545.2199,3028.0449
47264,10531.6481,2754.7738
47265,10493.6056,2361.8571
47266,10542.7353,2787.4367
47267,10522.8536,3189.5536
47268,10508.8133,2798.451
47269,10535.4154,2762.09
47270,10526.4438,3064.2463
47271,10512.6094,3089.2077
47272,10531.5577,3272.0245
47273,10483.4977,3305.2539
47274,10490.3368,2571.1909
47275,10491.7579,2932.9683
47276,10504.1519,3111.0247
47277,10498.3727,2275.812
47278,10506.4082,2324.366
47279,10515.4437,3110.1335
47280,10499.7089,3137.8214
47281,10511.8146,3121.1485
47282,10481.703,2353.0454
47283,10491.2522,2575.1912
47284,10500.6595,3406.415
47285,10473.4288,3367.113
47286,10521.6134,3285.0006
47287,10475.4578,3019.0918
47288,10499.4547,3277.1392
47289,10497.5049,3258.6908
47290,10503.8324,2725.4287
47291,10513.0499,2855.8021
47292,10496.8383,2948.6897
47293,10481.3754,2836.8798
47294,10502.6934,2680.7029
47295,10478.517,3155.0978
47296,10489.0739,2646.8132
47297,10487.1324,3212.7553
47298,10485.5425,2845.4701
47299,10494.4897,3082.3639
47300,10501.139,2582.5061
47301,10483.5878,3237.6598
47302,10459.1847,2132.0081
47303,10468.7728,2396.6632
47304,10491.5057,2247.3459
47305,10459.6553,2374.2835
47306,10455.2822,3305.7693
47307,10460.2183,2564.4742
47308,10476.7187,3163.0745
47309,10456.1192,2248.4046
47310,10484.8671,2653.6824
47311,10486.8233,2792.0299
47312,10491.5577,3348.0677
47313,10482.262,2619.2134
47314,10478.4501,2806.8006
47315,10455.4747,3046.9429
47316,10459.6127,3366.1718
47317,10455.087,2346.69
47318,10462.8173,2402.2489
47319,10463.2603,3151.1111
47320,10451.889,3281.4076
47321,10470.0507,2658.2517
47322,10482.7648,3035.4083
47323,10460.5129,2714.8262
47324,10475.9364,2961.6527
47325,10471.3996,3300.1849
47326,10443.0575,2641.2615
47327,10446.7046,2449.6413
47328,10463.4345,2982.3974
47329,10463.8897,2285.2468
47330,10457.2789,2236.9656
47331,10459.2481,3150.1844
47332,10443.3158,2312.2205
47333,10462.5934,2525.8621
47334,10465.5325,3154.5192
47335,10436.1734,2454.5367
47336,10449.8396,2841.3398
47337,10460.5361,3285.783
47338,10423.8996,3047.788
47339,10426.4692,3337.6137
47340,10442.3531,2592.2714
47341,10416.8991,3238.0248
47342,10423.0475,2312.9511
47343,10429.9848,3413.0574
47344,10426.5337,3264.3829
47345,10418.6793,2951.3621
47346,10440.7094,2430.0087
47347,10428.4605,3033.6249
47348,10456.7772,3179.8984
47349,10405.9854,3053.6915
47350,10403.9371,3032.1486
47351,10402.4103,3314.0211
47352,10412.8754,2997.1128
47353,10423.8361,2824.43
47354,10405.9673,2889.3945
47355,10409.2084,2221.4682
47356,10404.9591,2387.8099
47357,10447.7076,2158.6156
47358,10415.0875,2615.9952
47359,10396.5126,2945.5284
47360,10439.048,2773.8844
47361,10393.2333,2643.037
47362,10433.9952,2252.5149
47363,10411.4114,2611.9355
47364,10413.9491,3197.0037
47365,10413.9751,3001.9263
47366,10431.4446,2252.291
47367,10423.2998,3354.0103
47368,10416.3091,2924.0123
47369,10416.2634,2430.0281
47370,10406.9711,2193.6518
47371,10410.9943,2637.0434
47372,10424.5209,3022.4243
47373,10410.3088,2787.4531
47374,10390.8869,3229.1124
47375,10386.8999,2477.8881
47376,10413.5489,2899.273
47377,10392.2084,2165.5545
47378,10385.2076,2925.2874
47379,10380.5715,2185.2395
47380,10413.2636,3180.1456
47381,10394.3863,2337.4272
47382,10376.8837,2340.4638
47383,10389.2267,2697.4659
47384,10369.1126,3013.4601
47385,10372.9375,3184.0896
47386,10394.6152,3181.9402
47387,10386.064,2944.8916
47388,10378.0909,2602.9387
47389,10370.0461,3298.1644
47390,10380.2099,2966.0153
47391,10409.5088,2374.2269
47392,10389.6318,3271.2484
47393,10378.0142,3402.944
47394,10383.7205,2811.9905
47395,10383.5361,2189.0551
47396,10364.4489,2826.3599
47397,10404.1836,3236.9846
47398,10364.2697,2827.7234
47399,10368.4806,3006.3954
47400,10394.1399,3195.5846
47401,10387.0254,2170.6234
47402,10360.0013,2841.4967
47403,10369.0412,2314.0682
47404,10398.5021,3276.801
47405,10362.1252,3286.0236
47406,10355.7436,3226.2907
47407,10394.7143,2887.5748
47408,10367.4187,3269.6569
47409,10383.9129,3134.4672
47410,10354.376,2717.0043
47411,10373.3044,3022.5701
47412,10344.2368,2818.2112
47413,10346.9446,3100.2015
47414,10352.2185,2306.0134
47415,10359.0451,2558.5777
47416,10352.8291,2333.7628
47417,10360.3756,3116.8897
47418,10380.4013,2778.4582
47419,10354.6287,2663.3638
47420,10367.6901,2448.382
47421,10360.327,2841.7158
47422,10374.1007,3076.4965
47423,10328.5451,2426.5423
47424,10343.4821,2588.3622
47425,10375.0583,3151.9037
47426,10371.377,3323.0804
47427,10327.8784,3362.9987
47428,10346.0444,2993.1082
47429,10341.9126,2293.9221
47430,10362.8447,2770.3387
47431,10332.8648,3389.97
47432,10361.7597,3088.1232
47433,10365.669,3284.1775
47434,10366.9897,3175.6728
47435,10325.2166,3019.609
47436,10350.309,2452.2933
47437,10345.8174,2983.9471
47438,10348.5002,2712.6129
47439,10332.7415,2333.1741
47440,10357.5632,2495.1342
47441,10320.0646,3330.7381
47442,10333.7169,3054.5904
47443,10321.9018,2849.6743
47444,10306.9771,3323.1355
47445,10340.2295,3126.1713
47446,10311.7029,2301.1219
47447,10339.3423,2353.0068
47448,10315.4366,2156.2191
47449,10326.7937,2960.9781
47450,10319.6262,2495.3714
47451,10322.1799,3126.3375
47452,10342.3454,2411.4161
47453,10296.7219,3370.1549
47454,10337.4766,3391.304
47455,10327.4373,3277.8546
47456,10315.9702,3107.3059
47457,10333.9057,3289.6045
47458,10323.7309,2513.9432
47459,10297.1919,3371.6108
47460,10321.4914,3064.6021
47461,10319.5643,2098.5152
47462,10322.0367,3208.1566
47463,10302.4066,2603.258
47464,10292.0688,2983.0357
47465,10322.584,2606.2004
47466,10298.0271,2802.1285
47467,10287.1008,3198.5677
47468,10324.1591,2850.8657
47469,10287.8709,2706.1287
47470,10287.6828,3247.986
47471,10299.5734,2487.2067
47472,10277.5112,3274.3691
47473,10318.1927,3315.5093
47474,10296.4331,2380.2889
47475,10306.1182,2629.7233
47476,10320.9432,2813.7245
47477,10312.1768,2881.7825
47478,10276.9425,2766.132
47479,10317.7899,3096.9562
47480,10299.4048,2791.1205
47481,10292.6579,3124.8801
47482,10282.4842,3308.9444
47483,10308.4037,2785.3115
47484,10276.4919,2576.665
47485,10284.7674,2950.1662
47486,10263.3153,2813.9304
47487,10278.1351,3151.6194
47488,10269.3705,2750.2537
47489,10262.1294,3348.8239
47490,10274.7019,3305.3656
47491,10277.262,2879.6683
47492,10269.4928,2874.5365
47493,10289.6542,3036.8266
47494,10301.0523,3217.6668
47495,10255.0077,2884.3173
47496,10296.8445,3009.7694
47497,10298.3598,2964.3571
47498,10294.1108,2879.7214
47499,10273.3661,2472.6561
47500,10257.1917,2925.7893
47501,10291.4238,2354.9278
47502,10261.2818,3183.759
47503,10251.1565,2179.5153
47504,10288.7706,3256.2429
47505,10270.2475,2886.7815
47506,10286.7918,3031.7902
47507,10249.3846,2340.8148
47508,10241.9083,2836.7985
47509,10262.3606,2855.5432
47510,10270.0285,2773.3035
47511,10238.0525,2500.0824
47512,10242.1452,3092.7892
47513,10255.4152,2425.0325
47514,10247.9429,2741.8202
47515,10271.4769,2520.3032
47516,10237.8817,3197.1298
47517,10232.6304,3081.0902
47518,10277.6316,2679.1248
47519,10262.0365,3149.8178
47520,10268.4272,2423.0605
47521,10261.0631,2182.8112
47522,10228.4958,2546.6847
47523,10248.1045,3113.1591
47524,10235.228,2493.6459
47525,10270.1205,2680.114
47526,10226.5092,2801.6091
47527,10269.1043,2741.7648
47528,10267.9028,2390.3647
47529,10236.9439,2322.7323
47530,10236.775,3359.0394
47531,10232.4941,3358.3305
47532,10224.1126,2330.0035
47533,10224.9825,2492.7402
47534,10239.0416,2691.4627
47535,10229.9494,2484.8735
47536,10236.9123,3069.0653
47537,10212.8078,2553.2556
47538,10240.5439,2293.7305
47539,10224.0922,2151.9748
47540,10214.3145,3230.3505
47541,10227.5978,2959.9648
47542,10246.8263,2674.0887
47543,10237.9526,2302.2429
47544,10246.3345,3242.9703
47545,10241.5977,2502.2417
47546,10234.1702,2556.441
47547,10233.5177,2986.4305
47548,10203.8276,3076.8709
47549,10223.1221,3207.4865
47550,10215.5569,2613.9205
47551,10221.8958,3197.4231
47552,10243.1712,2475.9667
47553,10198.5241,3018.7155
47554,10237.1903,2641.1181
47555,10234.7181,3021.75
47556,10240.3557,3103.7148
47557,10230.4198,2855.2472
47558,10230.9662,2588.3963
47559,10215.0259,2887.6515
47560,10219.2376,2632.1127
47561,10192.5176,2139.6221
47562,10199.4698,3047.4102
47563,10192.9259,2783.7015
47564,10230.65,3020.7929
47565,10191.4174,2587.5175
47566,10200.3093,2875.7684
47567,10222.443,3194.4001
47568,10180.539,2807.7924
47569,10216.4578,2504.7284
47570,10194.1605,3021.0199
47571,10215.7209,3216.4987
47572,10222.1562,2138.2211
47573,10174.0635,3101.794
47574,10202.8474,2224.7352
47575,10178.1638,2545.6861
47576,10220.0757,2909.9665
47577,10195.6351,2331.0394
47578,10168.5279,2607.3482
47579,10206.1825,2548.8764
47580,10196.1542,3230.426
47581,10176.3784,2371.1124
47582,10170.2875,2316.2518
47583,10195.9198,2178.1902
47584,10165.9869,3321.7602
47585,10203.8695,2445.3961
47586,10196.4122,2650.4307
47587,10194.6804,2527.7483
47588,10192.5029,2161.1973
47589,10194.3158,2296.4279
47590,10162.9138,2789.4764
47591,10181.3157,2883.841
47592,10184.8602,3133
47593,10182.9317,3222.631
47594,10163.6319,2719.7844
47595,10154.811,3102.8193
47596,10170.734,3317.0448
47597,10175.3828,3277.4171
47598,10147.5164,2241.5445
47599,10154.6705,2814.0321
47600,10156.695,3058.1698
47601,10144.8863,2655.5662
47602,10158.5063,3152.4733
47603,10142.1284,2691.5393
47604,10184.9121,3018.3355
47605,10174.9451,3170.5689
47606,10179.2811,2575.953
47607,10173.8666,2495.86
47608,10158.6799,3278.9165
47609,10173.9232,2294.0245
47610,10140.6618,2458.4826
47611,10159.7401,2149.5121
47612,10174.4031,3188.0036
47613,10140.1837,3303.3163
47614,10180.7266,2833.9919
47615,10156.2114,2856.6345
47616,10151.3249,3314.7572
47617,10144.114,2482.3365
47618,10167.039,3208.9142
47619,10151.8791,3315.8014
47620,10136.9717,2221.9385
47621,10174.0172,3189.8015
47622,10137.0217,2497.4969
47623,10171.3905,3329.5664
47624,10132.1964,2624.5113
47625,10145.9183,2229.0947
47626,10167.6952,3181.2938
47627,10124.9274,2619.2822
47628,10141.8258,2704.4142
47629,10158.0959,3186.0215
47630,10134.1469,2716.7413
47631,10154.533,2394.3854
47632,10155.4349,3262.7478
47633,10132.3243,2395.1037
47634,10148.5828,2117.9981
47635,10125.4372,2484.9744
47636,10150.6431,2468.9823
47637,10137.787,2884.5751
47638,10113.112,3064.2863
47639,10150.6089,3118.7986
47640,10140.4655,2620.8871
47641,10128.3255,2385.3643
47642,10111.6805,3276.1795
47643,10146.1245,2938.9872
47644,10112.524,3217.9078
47645,10148.2256,2933.0594
47646,10120.1537,2264.9236
47647,10138.1308,3216.5995
47648,10133.7441,2988.4167
47649,10146.2185,2485.9794
47650,10095.2012,2779.123
47651,10121.8999,3152.2316
47652,10122.559,2270.2091
47653,10116.6332,2070.537
47654,10130.4951,3234.0621
47655,10129.2313,3145.8118
47656,10092.9724,3199.0422
47657,10101.929,3242.3767
47658,10134.3017,3282.2863
47659,10103.5766,2913.6538
47660,10101.9888,3066.8964
47661,10107.3939,3057.7677
47662,10102.7788,2736.3871
47663,10086.3177,2945.3574
47664,10109.6448,3146.2963
47665,10108.5959,3152.4982
47666,10091.9974,3027.9867
47667,10109.1881,2224.3902
47668,10124.5941,2092.574
47669,10079.5417,2525.1591
47670,10075.7929,2928.6594
47671,10086.8969,2724.6709
47672,10083.487,2242.0373
47673,10113.6612,3046.1278
47674,10116.804,2309.4211
47675,10093.6081,3113.4058
47676,10095.4479,2691.6873
47677,10099.2382,2449.5431
47678,10103.6118,2866.0919
47679,10094.4947,2465.8714
47680,10092.8894,2990.825
47681,10065.4363,3198.2495
47682,10108.0093,2632.6272
47683,10106.7791,2332.5891
47684,10082.7533,2418.2403
47685,10086.1799,2118.1027
47686,10077.5873,2282.0811
47687,10085.6709,2641.8181
47688,10074.2438,3086.7011
47689,10082.5579,2755.7118
47690,10076.755,3286.1374
47691,10094.274,2598.9456
47692,10063.9205,2914.2298
47693,10056.6737,2831.1874
47694,10101.2637,2393.8831
47695,10067.4616,2200.0225
47696,10060.051,3194.0129
47697,10091.7882,2319.4763
47698,10088.5246,2540.4925
47699,10071.1798,2423.1712
47700,10050.2816,2807.3993
47701,10062.4706,2551.0383
47702,10077.5638,2353.3549
47703,10085.8546,2444.7069
47704,10043.0457,3113.4975
47705,10051.7838,2833.7655
47706,10067.2155,3040.7964
47707,10083.6382,3225.2276
47708,10082.2662,2772.8696
47709,10052.2296,2327.7814
47710,10061.3125,3286.0289
47711,10045.4031,2526.0361
47712,10082.5145,2714.6288
47713,10064.1835,3074.3528
47714,10068.9433,3248.9153
47715,10060.4381,2391.3583
47716,10071.0292,2913.5509
47717,10062.9638,2412.1651
47718,10062.8984,2984.6911
47719,10039.646,3118.621
47720,10075.4112,2457.8166
47721,10051.4607,3033.7957
47722,10058.9447,2815.9548
47723,10047.802,2119.6653
47724,10029.203,2524.7048
47725,10027.4252,2769.8672
47726,10037.6227,3247.839
47727,10067.584,3106.3308
47728,10066.9593,3045.5064
47729,10028.2109,2865.1342
47730,10035.5861,2768.3424
47731,10026.3393,3000.8803
47732,10031.5679,3202.8731
47733,10044.2582,3145.784
47734,10042.8374,2630.2393
47735,10058.7019,2177.1533
47736,10030.042,2131.3895
47737,10055.67,3055.2175
47738,10020.7574,2105.1536
47739,10038.4692,2209.3799
47740,10008.2505,2045.7702
47741,10008.3249,2879.805
47742,10020.3417,2990.3931
47743,10037.7807,2165.9845
47744,10040.745,2830.9544
47745,10047.9181,2503.4205
47746,10012.5598,2826.1525
47747,10014.2947,2611.8233
47748,10029.1628,3073.1146
47749,10045.7477,2361.2858
47750,10008.5255,2983.7919
47751,10041.3322,2977.3863
47752,10005.7628,2173.4137
47753,10036.96,2655.2134
47754,10008.7809,2621.8815
47755,9993.4775,2831.0794
47756,10003.355,2207.6304
47757,10023.8752,2709.616
47758,10020.4559,2956.5955
47759,10025.6504,2934.3037
47760,10037.4835,3248.1065
47761,10000.5739,3231.0327
47762,10026.5979,3038.9558
47763,9985.6898,2871.05
47764,10001.2458,2084.0764
47765,10031.5988,3000.0684
47766,10023.8919,2042.2833
47767,10013.7416,3259.3332
47768,9980.8133,2795.5521
47769,9999.8821,2726.1225
47770,10014.2768,2451.5093
47771,10026.206,3269.4531
47772,9987.9093,2612.6552
47773,10016.5747,2624.787
47774,9993.828,3117.5958
47775,9992.7047,3040.5828
47776,9973.5053,2323.5793
47777,10011.7546,2736.2733
47778,9980.75,3209.5524
47779,9998.5832,3198.5152
47780,9978.068,2445.4151
47781,9968.8209,2149.2991
47782,9973.057,2917.0772
47783,9985.2587,3257.7567
47784,9990.9282,2621.1724
47785,10000.5587,2059.4325
47786,9984.1573,2888.8958
47787,9981.5217,2107.2139
47788,10004.8133,2091.57
47789,9970.7577,3260.2304
47790,9963.6019,3055.7319
47791,9997.5833,3276.8122
47792,9969.4861,2951.0675
47793,9999.1619,2918.2417
47794,9963.312,2531.3793
47795,10001.5372,2615.3259
47796,9984.8932,2571.0736
47797,9955.2686,2487.7272
47798,9983.6271,2637.6984
47799,9966.6487,3020.9195
47800,9976.5443,3054.9927
47801,9954.2397,2588.8736
47802,9949.0472,2393.8488
47803,9990.2086,3264.5601
47804,9959.697,2649.0745
47805,9949.0143,2305.3184
47806,9978.2683,2824.5711
47807,9990.511,2944.1951
47808,9949.8703,2244.5774
47809,9946.6691,2631.5437
47810,9979.2049,2168.9703
47811,9960.0255,3065.1419
47812,9962.4092,2531.4593
47813,9965.8908,2444.1377
47814,9945.1942,3259.5039
47815,9983.5683,3241.8041
47816,9972.3247,3235.5355
47817,9962.4234,2608.6154
47818,9961.4688,2419.1163
47819,9977.2669,2343.8505
47820,9952.5616,2391.0552
47821,9973.0095,2473.8393
47822,9939.7429,2892.5192
47823,9973.4754,2641.5278
47824,9975.9276,2790.2529
47825,9955.0165,2196.9954
47826,9939.6922,2808.2402
47827,9934.7005,2809.5689
47828,9963.993,2101.309
47829,9953.7141,2744.5499
47830,9942.5926,2234.729
47831,9938.1333,2204.894
47832,9955.5682,2687.8065
47833,9921.8895,2149.6324
47834,9921.3949,2111.9101
47835,9930.726,2647.4103
47836,9923.4788,2555.6699
47837,9920.9041,2247.4518
47838,9939.5765,2414.8183
47839,9940.9147,3062.7266
47840,9918.5818,2269.2022
47841,9929.2234,2518.3257
47842,9920.8235,2844.1922
47843,9956.6028,2990.6516
47844,9931.3988,3175.406
47845,9942.3251,2511.3649
47846,9939.2191,2586.2766
47847,9934.8551,2991.5027
47848,9917.2111,3253.1776
47849,9936.3012,2949.3215
47850,9942.2448,2759.8629
47851,9922.6973,3256.6195
47852,9907.3718,3113.2845
47853,9918.2064,2130.3707
47854,9908.1587,2846.5196
47855,9904.2829,2030.8378
47856,9933.0135,2244.6963
47857,9946.0596,2116.8088
47858,9914.8867,2815.0491
47859,9900.32,2491.31
47860,9926.8927,3204.4473
47861,9906.7594,2974.042
47862,9905.0049,3192.4234
47863,9897.1552,3081.4611
47864,9917.2347,2149.9129
47865,9912.5143,3249.0085
47866,9901.576,2702.3207
47867,9906.4808,3211.5044
47868,9901.3603,2885.4015
47869,9915.9108,2951.6617
47870,9914.3597,2814.3398
47871,9894.4577,2534.2
47872,9889.412,2454.5164
47873,9920.5701,2337.45
47874,9898.6856,2371.366
47875,9927.9936,3164.8172
47876,9880.6917,2114.4489
47877,9913.7932,2567.0406
47878,9923.2421,3186.5033
47879,9919.3737,2414.1032
47880,9888.872,3179.3138
47881,9917.3838,2428.601
47882,9877.5341,3211.4105
47883,9883.027,3237.7098
47884,9884.7013,2836.4777
47885,9876.3572,2176.3642
47886,9907.1549,2731.6435
47887,9888.9673,2490.5468
47888,9872.3778,3108.8674
47889,9877.4337,2073.9528
47890,9890.6118,3233.291
47891,9881.6111,3118.2689
47892,9904.9614,2961.2286
47893,9905.7271,2224.0669
47894,9908.9835,3099.5573
47895,9892.7255,2781.232
47896,9898.4024,2670.7917
47897,9890.4742,3107.8877
47898,9885.3265,3173.5353
47899,9892.4809,2461.8602
47900,9906.1752,2650.3974
47901,9894.0448,3050.3292
47902,9886.6193,2319.4598
47903,9882.8387,2563.7669
47904,9877.1942,2688.6645
47905,9863.6166,2067.582
47906,9864.3412,2398.7883
47907,9866.6159,2508.9032
47908,9891.7909,2176.5244
47909,9885.2156,2587.2538
47910,9890.0963,2182.862
47911,9876.8113,2403.0358
47912,9874.5617,2985.2667
47913,9848.9619,2566.9136
47914,9856.8032,3159.9155
47915,9847.9822,3118.5772
47916,9842.8115,2682.2935
47917,9884.6436,2794.1797
47918,9876.4572,3100.2153
47919,9849.7528,3237.3493
47920,9873.8165,2719.0508
47921,9838.3375,2499.5436
47922,9870.9739,2423.6718
47923,9837.9111,2786.3849
47924,9838.1622,2766.3916
47925,9858.1067,2594.2875
47926,9849.2957,2867.1324
47927,9867.5914,2757.6651
47928,9842.0879,2986.3567
47929,9864.001,3088.053
47930,9856.1244,3051.2555
47931,9841.9452,2081.8201
47932,9837.2648,2595.4977
47933,9831.5968,2855.1154
47934,9837.8083,3019.5586
47935,9841.1257,2085.7841
47936,9846.6518,2261.3489
47937,9859.5519,2664.7243
47938,9826.8966,2654.9145
47939,9827.5682,3229.8138
47940,9869.1095,2239.886
47941,9821.3202,2465.163
47942,9832.8499,2450.5909
47943,9867.0337,2967.8521
47944,9829.0587,2128.0668
47945,9824.9878,2112.4465
47946,9818.3601,2993.0482
47947,9827.3042,2348.2062
47948,9819.5118,2538.2603
47949,9828.6132,2098.8412
47950,9850.992,2700.7019
47951,9823.8175,2185.6032
47952,9847.3754,2705.335
47953,9822.7948,2729.7888
47954,9849.2722,2636.9298
47955,9845.0663,3139.8584
47956,9817.249,2279.8673
47957,9832.4744,2480.8661
47958,9847.006,2774.8477
47959,9832.1317,3182.7934
47960,9818.9218,3059.051
47961,9824.0173,3166.1489
47962,9817.4716,2993.8181
47963,9846.6591,3156.476
47964,9819.3578,2800.7278
47965,9832.0698,2066.9952
47966,9832.4871,2611.241
47967,9825.2518,2731.2234
47968,9819.7085,2824.7814
47969,9798.5863,2705.4031
47970,9800.7535,2664.4787
47971,9815.2818,2182.2454
47972,9813.2181,2867.2573
47973,9802.2855,2711.1814
47974,9827.4426,2560.4678
47975,9819.0084,2496.7925
47976,9824.2699,2878.6232
47977,9791.5941,3157.0862
47978,9805.3231,2501.3963
47979,9811.5219,3183.0292
47980,9788.1217,2500.4626
47981,9793.5569,3026.9065
47982,9829.6841,2064.2487
47983,9821.5376,2538.2097
47984,9814.6535,3144.2286
47985,9806.4485,2052.3683
47986,9821.1865,2126.7268
47987,9791.5686,2745.7751
47988,9817.747,2876.756
47989,9809.0368,2374.4976
47990,9810.4918,2049.3588
47991,9790.095,3144.8259
47992,9788.9937,2178.7011
47993,9817.7048,2979.2571
47994,9791.2839,2331.9757
47995,9776.491,2901.1989
47996,9800.1203,2768.8981
47997,9818.6528,3177.2793
47998,9798.8315,2589.5919
47999,9789.5594,2763.1948
48000,9817.1554,2610.3549
48001,9784.2459,2832.5063
48002,9812.5403,2575.5448
48003,9789.0661,2760.895
48004,9775.7422,3110.7988
48005,9771.6181,2838.3491
48006,9800.3158,2968.1366
48007,9803.9011,2847.2735
48008,9803.1472,2599.2581
48009,9761.6652,3014.3522
48010,9773.0293,2604.2366
48011,9777.4603,2120.1845
48012,9784.8067,2267.3161
48013,9792.2169,2961.1431
48014,9784.7414,2221.4265
48015,9784.6145,3111.1674
48016,9764.0711,2142.6821
48017,9774.9912,2322.1019
48018,9772.3177,3090.5606
48019,9797.2248,2878.078
48020,9768.1794,3081.2146
48021,9754.7058,2637.7117
48022,9759.9816,2978.8505
48023,9768.1959,2439.528
48024,9785.8805,2806.9914
48025,9751.794,2433.3759
48026,9756.3722,2867.6771
48027,9768.9185,2887.9756
48028,9748.6587,3043.5421
48029,9780.1951,3069.7573
48030,9757.1007,2676.2624
48031,9778.5632,2053.2929
48032,9741.9056,3104.1824
48033,9758.1861,2338.8248
48034,9741.5755,3043.7145
48035,9759.6641,2829.5945
48036,9737.1212,2807.6742
48037,9756.343,2856.1912
48038,9738.0031,2821.3664
48039,9758.5711,2915.3418
48040,9763.2561,3196.5896
48041,9744.8616,2353.1643
48042,9774.3912,3204.2888
48043,9735.4587,2333.3441
48044,9756.4245,2589.4985
48045,9777.8426,2759.2551
48046,9747.0396,2665.7281
48047,9736.224,2834.6547
48048,9752.1525,3020.1247
48049,9757.2669,3101.3797
48050,9744.8087,2895.3535
48051,9756.5175,2767.1776
48052,9732.475,2401.2003
48053,9727.8521,3104.6661
48054,9729.9611,2427.8269
48055,9738.7548,2670.1275
48056,9767.086,2490.8961
48057,9741.7106,2050.3108
48058,9733.3921,2689.3836
48059,9730.0035,2987.9017
48060,9731.8253,2411.793
48061,9718.6663,2626.0779
48062,9750.238,2746.2848
48063,9714.0447,3010.3479
48064,9742.7286,2431.9953
48065,9747.5392,3078.0953
48066,9717.1413,3192.0718
48067,9723.58,2251.8146
48068,9745.7749,2768.0841
48069,9711.9679,2151.1868
48070,9708.9423,2839.8925
48071,9714.915,2094.1015
48072,9713.1906,2347.4284
48073,9724.4279,2522.6627
48074,9733.1431,2046.4637
48075,9730.7131,2658.8743
48076,9704.6612,3120.7341
48077,9746.8308,2024.542
48078,9735.4079,2596.9674
48079,9748.0439,2806.2735
48080,9725.9557,2511.3994
48081,9699.7944,2967.63
48082,9719.4042,2978.0234
48083,9713.8281,3092.6648
48084,9721.9079,3112.5179
48085,9738.5478,2497.2885
48086,9699.5477,2331.5465
48087,9727.1581,2396.1841
48088,9703.1749,2961.2551
48089,9716.509,2452.8713
48090,9737.6425,2840.4015
48091,9718.065,2736.2699
48092,9712.8595,2872.1041
48093,9693.3048,2940.384
48094,9712.1125,2118.8878
48095,9700.2418,2843.7126
48096,9700.128,2583.2813
48097,9686.6304,2891.1992
48098,9724.9984,3114.3664
48099,9720.0757,2789.4242
48100,9712.8661,2410.8637
48101,9712.2745,3190.0117
48102,9691.9965,2705.4793
48103,9712.8437,2160.4912
48104,9709.515,2670.319
48105,9702.3663,2243.8111
48106,9696.004,2922.2665
48107,9677.1183,2054.7842
48108,9684.7814,2896.8484
48109,9706.3694,2876.3072
48110,9684.7883,2180.225
48111,9708.8721,2004.3815
48112,9687.2029,2716.8196
48113,9716.1463,2191.0935
48114,9714.6737,3035.1962
48115,9710.4914,2504.3823
48116,9690.0354,2676.4484
48117,9696.1384,2594.9928
48118,9683.255,2590.0155
48119,9690.4058,2969.9067
48120,9687.7346,2758.915
48121,9693.4028,2375.289
48122,9707.5172,2222.5219
48123,9672.785,1968.5468
48124,9691.6704,2303.8732
48125,9663.7852,2327.4579
48126,9689.5249,2984.4184
48127,9692.0423,2739.4623
48128,9686.5355,2138.3237
48129,9687.2997,2563.4058
48130,9676.2288,2563.842
48131,9690.7574,2723.4551
48132,9673.4158,2728.1566
48133,9681.5526,2254.0149
48134,9683.3334,2099.6557
48135,9659.2059,2856.2486
48136,9664.386,2601.609
48137,9688.42,2007.0039
48138,9672.43,2508.8473
48139,9658.6722,2449.2053
48140,9676.6188,3002.3302
48141,9658.2911,2666.6607
48142,9682.7756,2962.6374
48143,9650.0318,3041.816
48144,9687.2673,2819.5095
48145,9658.6675,2835.3539
48146,9673.0172,2273.5203
48147,9669.8704,2571.8297
48148,9665.5281,2033.8728
48149,9686.6063,2150.1516
48150,9654.9279,2728.6828
48151,9682.3007,3172.3182
48152,9641.7023,2721.5838
48153,9678.3455,3085.0412
48154,9655.2065,2642.9192
48155,9647.8245,2945.3362
48156,9680.2848,2941.0202
48157,9664.7391,2701.2042
48158,9647.3204,2357.4584
48159,9664.0223,2650.6339
48160,9636.789,2458.4794
48161,9638.002,2542.9738
48162,9649.8281,2062.2763
48163,9664.3149,2353.6693
48164,9666.9229,2975.3186
48165,9673.3282,2550.2921
48166,9669.0929,3077.42
48167,9627.9593,1997.4604
48168,9650.5647,2369.4351
48169,9660.6028,2782.3921
48170,9668.7889,2664.9714
48171,9663.6526,2111.8645
48172,9627.1843,2374.8717
48173,9668.1381,2447.7471
48174,9639.6706,3132.4798
48175,9645.3506,3106.9552
48176,9641.5863,2382.1031
48177,9629.7303,3001.6459
48178,9656.6063,2250.874
48179,9659.4095,2168.1573
48180,9618.3952,3145.8303
48181,9629.8104,2445.2095
48182,9628.3087,2021.9758
48183,9629.1276,2752.9939
48184,9653.6619,2569.2073
48185,9625.3866,2984.7365
48186,9648.5872,2069.9895
48187,9622.9337,2485.7806
48188,9642.5016,2174.5649
48189,9621.6592,2601.4707
48190,9646.2037,2375.4061
48191,9621.7525,2662.47
48192,9621.0037,2941.0047
48193,9621.3316,2071.3815
48194,9649.3597,2259.0482
48195,9638.3837,2940.8636
48196,9635.4096,2800.8743
48197,9648.1775,2611.4873
48198,9646.828,2813.4643
48199,9638.9873,2956.5827
48200,9617.5818,2096.7682
48201,9642.3897,3134.8594
48202,9614.1078,2770.0899
48203,9629.9886,2721.5348
48204,9635.3538,2839.1183
48205,9642.7305,2435.0057
48206,9626.1855,2675.025
48207,9607.6277,2164.0473
48208,9602.5332,2398.372
48209,9598.3437,1970.5231
48210,9626.8641,2090.6572
48211,9619.5456,2304.6389
48212,9607.3282,2765.705
48213,9606.8131,2572.3726
48214,9630.4785,2433.6335
48215,9629.598,2603.3859
48216,9593.6411,2445.3122
48217,9590.1858,2243.7204
48218,9594.0206,2941.4255
48219,9588.4955,2100.341
48220,9627.519,2314.9327
48221,9591.4221,2662.7732
48222,9611.7655,2728.1476
48223,9591.8097,2951.0155
48224,9617.5061,2275.7023
48225,9612.7283,2435.6701
48226,9625.8872,2646.281
48227,9606.0818,2537.7772
48228,9588.8698,2684.0579
48229,9599.8728,3041.6468
48230,9583.795,2740.7706
48231,9617.9255,2550.581
48232,9611.7878,2013.1379
48233,9604.9472,2860.2457
48234,9588.2082,2965.013
48235,9590.7228,2905.7675
48236,9579.643,3094.3883
48237,9604.8028,2238.8223
48238,9594.5763,2082.2094
48239,9600.372,2559.5036
48240,9567.8362,2296.3519
48241,9593.2707,2786.8063
48242,9565.8157,2949.5735
48243,9571.941,2497.3448
48244,9582.8842,2680.0064
48245,9597.2972,2075.7761
48246,9573.3837,3040.7584
48247,9604.7248,2210.8823
48248,9570.1979,2178.743
48249,9581.4023,2999.0165
48250,9583.9226,2377.9219
48251,9585.0126,2933.8035
48252,9582.5191,2737.4848
48253,9564.6994,2127.8298
48254,9594.2402,2684.7911
48255,9593.5557,2686.9046
48256,9594.4418,2353.8438
48257,9562.2732,2703.5794
48258,9581.3677,2374.6068
48259,9562.7433,2852.0708
48260,9584.7611,2064.4788
48261,9575.0332,2925.8775
48262,9583.6868,2554.3107
48263,9555.5162,2839.3213
48264,9552.7344,2987.7285
48265,9583.7563,2988.4961
48266,9552.474,3112.9753
48267,9581.0618,2567.8949
48268,9554.5629,2252.7397
48269,9562.6753,2591.3188
48270,9589.1443,2122.7462
48271,9544.9367,2825.9411
48272,9542.3058,2591.9029
48273,9545.1155,2307.4509
48274,9580.2038,3058.6515
48275,9561.1235,2142.7293
48276,9538.8623,2362.1346
48277,9546.1084,2464.6075
48278,9567.6153,2050.5364
48279,9538.4886,2568.7798
48280,9581.813,2317.1977
48281,9561.5154,2807.4286
48282,9544.1442,2660.5412
48283,9573.2599,3068.3787
48284,9572.2429,3075.9763
48285,9537.2176,2096.3858
48286,9554.0751,2561.4078
48287,9532.7518,3124.7161
48288,9543.0334,2458.0373
48289,9566.4192,2849.7168
48290,9535.6235,3099.7847
48291,9537.1743,2170.3359
48292,9562.154,2804.042
48293,9533.6817,2137.6022
48294,9555.6228,2088.7068
48295,9556.4146,2308.6783
48296,9560.4756,2591.4294
48297,9565.0131,2844.4817
48298,9537.1613,2776.867
48299,9520.7123,2871.065
48300,9552.2344,2080.8182
48301,9534.3615,2924.4655
48302,9548.0861,2705.0542
48303,9544.3471,2140.6471
48304,9544.1233,2826.1898
48305,9543.4962,3120.6512
48306,9548.7764,3054.345
48307,9539.1232,2360.7618
48308,9546.2205,3122.855
48309,9528.2765,2803.903
48310,9525.2718,2890.3943
48311,9551.1846,2442.9278
48312,9537.1175,2694.8587
48313,9534.0249,2334.7076
48314,9539.3731,2183.7445
48315,9509.6066,2998.4823
48316,9508.1215,2570.0895
48317,9521.3057,2666.0456
48318,9538.9852,2258.959
48319,9540.951,2125.8582
48320,9511.0914,2268.2495
48321,9512.6041,2511.6303
48322,9513.0464,2754.9569
48323,9532.5879,2232.0299
48324,9536.11,2684.1739
48325,9521.0338,2662.3004
48326,9514.4715,3031.8849
48327,9531.6692,2723.8509
48328,9507.2024,2136.6405
48329,9498.1304,2633.6683
48330,9517.6737,2525.5292
48331,9496.5131,2340.9251
48332,9535.741,2207.8344
48333,9497.1334,2414.8897
48334,9511.9777,2007.3064
48335,9507.483,2739.8012
48336,9506.7652,2724.3948
48337,9508.7097,2612.0332
48338,9511.0415,2963.1527
48339,9513.3083,2908.2328
48340,9495.7443,2343.0457
48341,9493.4289,2507.4239
48342,9492.8428,2929.5953
48343,9514.6408,2719.4831
48344,9531.7142,2205.8589
48345,9487.5981,2263.2628
48346,9510.3943,2404.0918
48347,9490.7968,3004.6763
48348,9514.4629,2142.6123
48349,9520.7666,2214.6654
48350,9480.7858,3052.6339
48351,9484.2837,2963.2278
48352,9480.3213,2327.8971
48353,9515.9248,2983.2381
48354,9506.6297,2198.118
48355,9504.7515,2396.5971
48356,9484.6291,2099.5366
48357,9493.9266,1936.2638
48358,9502.5873,2202.278
48359,9493.5403,2437.3297
48360,9484.2145,2915.7245
48361,9508.1913,2078.4374
48362,9516.424,2653.3686
48363,9482.602,3103.7444
48364,9502.93,2024.3674
48365,9469.2093,3075.5001
48366,9480.9272,2556.2718
48367,9496.9708,1994.3887
48368,9496.8366,2942.948
48369,9498.0956,3111.2251
48370,9492.6977,2198.8796
48371,9484.6109,2653.7949
48372,9509.413,2499.679
48373,9495.2528,2526.9485
48374,9488.1414,3107.1162
48375,9483.8804,2713.8966
48376,9465.4645,2004.1984
48377,9492.2,2250.7246
48378,9460.8334,2901.6175
48379,9472.8616,2813.1311
48380,9489.6161,3081.2468
48381,9462.4271,2438.7355
48382,9475.6988,2388.6365
48383,9486.9017,2997.1379
48384,9470.9864,3032.3676
48385,9482.593,3061.0687
48386,9482.5218,2828.3415
48387,9458.2675,2116.4722
48388,9481.0675,2627.8669
48389,9471.0663,2909.3326
48390,9492.8736,2673.5801
48391,9452.11,2094.7504
48392,9488.9351,2672.1278
48393,9480.0902,2309.198
48394,9456.9809,2063.9676
48395,9468.9385,2989.1125
48396,9472.0178,2709.882
48397,9473.2538,2793.2317
48398,9476.3679,3023.7949
48399,9450.7157,2234.0345
48400,9455.5731,2858.7631
48401,9449.6994,2421.0741
48402,9482.8826,2489.5366
48403,9474.7388,2012.7689
48404,9481.6367,2606.5403
48405,9470.2997,3065.2151
48406,9437.1977,1990.6927
48407,9445.5088,2266.5611
48408,9445.9713,2729.1984
48409,9447.4731,2187.5333
48410,9438.4523,2216.5324
48411,9459.7749,2169.4368
48412,9444.9214,2856.4252
48413,9469.7466,2779.657
48414,9465.3435,2925.6222
48415,9455.1867,2912.5502
48416,9463.651,2636.9561
48417,9429.2155,2716.5361
48418,9467.6735,3061.2021
48419,9452.4356,2164.8593
48420,9454.7677,2110.3041
48421,9438.3268,3024.1718
48422,9444.2363,3102.0598
48423,9470.5381,2161.3687
48424,9453.4452,2404.8411
48425,9445.3103,3068.8105
48426,9435.0973,2669.0638
48427,9466.1157,2356.0971
48428,9429.7335,2833.4354
48429,9425.2522,2736.4084
48430,9434.6569,2426.8217
48431,9443.0102,2980.8507
48432,9454.9232,2293.1024
48433,9430.4062,2623.6476
48434,9450.3166,2962.5036
48435,9420.731,1991.7271
48436,9452.6009,2095.0178
48437,9449.6771,2945.6326
48438,9448.4738,2780.8173
48439,9446.2898,2290.7566
48440,9413.002,1993.761
48441,9428.7739,2433.1552
48442,9412.7712,2340.7265
48443,9443.7244,2243.5011
48444,9416.0366,2903.1836
48445,9425.1132,2070.195
48446,9409.6972,2525.2711
48447,9437.1835,2690.3033
48448,9420.5794,3074.8741
48449,9430.4917,3061.5675
48450,9442.97,2837.3664
48451,9438.1827,1960.5157
48452,9440.4297,3028.1889
48453,9418.1,2315.1438
48454,9418.1132,2799.7039
48455,9401.1809,2200.6768
48456,9438.4433,2056.4145
48457,9431.8375,2854.6804
48458,9424.6619,2354.9628
48459,9434.7003,2804.6612
48460,9409.431,1959.9182
48461,9432.0354,2441.6809
48462,9415.945,2459.1066
48463,9439.1252,2839.9599
48464,9422.7051,2165.8356
48465,9412.1084,3043.5946
48466,9396.5787,2482.8859
48467,9410.4772,3030.7975
48468,9436.2278,2441.8916
48469,9432.3319,3096.5802
48470,9414.5861,3077.0826
48471,9391.8879,2621.4253
48472,9411.018,2222.6344
48473,9405.5157,2415.3492
48474,9395.7186,2783.521
48475,9411.7094,2397.3651
48476,9430.6047,2456.7258
48477,9403.4981,2907.3055
48478,9425.5302,3005.6808
48479,9396.5401,2395.036
48480,9421.1429,2144.8393
48481,9410.8704,2894.9044
48482,9417.2865,2777.1624
48483,9425.5472,2235.8719
48484,9379.1789,2762.8783
48485,9390.046,2432.2708
48486,9406.3437,2412.6635
48487,9402.2583,2886.6379
48488,9377.0147,2590.7397
48489,9385.0069,2637.4262
48490,9375.6482,3046.1363
48491,9419.453,1978.9906
48492,9389.466,2764.6361
48493,9389.2202,3027.6993
48494,9409.2496,2192.897
48495,9415.5422,2982.6707
48496,9407.2791,3061.6829
48497,9415.2263,1976.449
48498,9381.0993,2780.562
48499,9369.2904,2410.6843
48500,9381.193,2577.7219
48501,9379.0273,2676.6688
48502,9399.8745,1919.4851
48503,9398.381,2896.3003
48504,9407.1913,2788.6857
48505,9376.6133,2648.7176
48506,9402.4281,2774.9217
48507,9400.1188,2468.145
48508,9366.4735,2426.8869
48509,9388.7662,3076.2371
48510,9364.045,2601.3391
48511,9395.6974,1972.7283
48512,9395.9744,3039.7399
48513,9382.6624,2743.5915
48514,9360.4494,1941.5038
48515,9392.8773,2171.7263
48516,9398.4429,2925.2646
48517,9378.4673,2082.6257
48518,9392.9561,2230.6627
48519,9398.2212,2958.8181
48520,9369.7933,2807.8963
48521,9376.8334,2995.9752
48522,9367.037,2235.071
48523,9380.5134,2792.9239
48524,9390.3461,2743.8466
48525,9362.7273,2959.2177
48526,9392.5984,2313.8138
48527,9369.0402,2474.9774
48528,9357.9914,2200.3245
48529,9376.4782,3065.8604
48530,9366.1465,2896.9574
48531,9355.5359,2681.5364
48532,9386.8925,2635.0102
48533,9368.8213,2974.9841
48534,9384.0999,2576.5569
48535,9342.6724,2347.1233
48536,9365.1617,2542.0571
48537,9378.9003,2068.1421
48538,9349.2526,2570.0551
48539,9343.3948,2939.3009
48540,9379.1857,2729.1903
48541,9364.1223,2033.3996
48542,9370.2951,1922.3795
48543,9363.1621,2045.1189
48544,9362.4898,2681.3411
48545,9348.6458,2762.2257
48546,9333.2593,2820.0293
48547,9363.1394,2565.6267
48548,9347.316,3015.3627
48549,9358.9647,1982.7859
48550,9374.188,2948.6002
48551,9372.7753,2453.267
48552,9363.7369,2302.679
48553,9356.7486,2015.5394
48554,9341.8004,2842.6378
48555,9371.7498,3062.4831
48556,9345.427,2150.1915
48557,9324.4004,3062.8624
48558,9329.4144,1914.9435
48559,9364.8588,2393.9556
48560,9360.3098,1917.0079
48561,9331.5068,2010.084
48562,9345.5806,1960.4953
48563,9343.2452,2768.1016
48564,9345.3032,2363.9052
48565,9338.7299,2094.4151
48566,9321.7563,2933.5676
48567,9335.4692,2021.9502
48568,9358.912,2339.4845
48569,9355.4388,1955.6817
48570,9338.3271,2555.9986
48571,9314.3942,2966.6688
48572,9315.7807,2918.8495
48573,9354.7133,3013.019
48574,9313.4454,2619.2597
48575,9334.3275,2814.2911
48576,9333.5031,2241.5225
48577,9343.8309,2736.0755
48578,9321.7365,2937.8056
48579,9313.7131,2057.6273
48580,9317.1524,2088.683
48581,9344.8294,2291.0797
48582,9340.6859,2245.0766
48583,9317.6427,2926.5406
48584,9324.879,2365.7914
48585,9325.9465,2833.4578
48586,9341.3846,2803.5276
48587,9344.3625,2455.5952
48588,9303.3143,2634.238
48589,9330.1696,1936.5284
48590,9303.872,2069.8949
48591,9338.2796,2275.9415
48592,9327.8391,2760.7426
48593,9308.2743,2846.3771
48594,9330.4972,1993.9149
48595,9320.2483,2265.6859
48596,9318.3905,2450.7668
48597,9308.3314,2201.9837
48598,9300.731,2955.2722
48599,9326.1338,2268.7079
48600,9300.509,2941.5515
48601,9302.4645,3040.7403
48602,9321.841,2973.4523
48603,9305.9975,2903.3694
48604,9299.7401,2848.4311
48605,9305.2314,2083.0487
48606,9315.3535,2807.8325
48607,9305.8389,1934.1013
48608,9291.9944,2166.6717
48609,9294.685,2803.1339
48610,9290.3518,2603.7139
48611,9306.1384,2603.7541
48612,9306.2591,2305.6166
48613,9293.2644,2831.1151
48614,9300.6024,2216.1344
48615,9313.7019,1924.6481
48616,9306.9083,2458.1824
48617,9302.6848,2060.247
48618,9320.3998,2876.8165
48619,9292.5769,2949.6407
48620,9290.3069,2729.9959
48621,9296.3968,3006.5789
48622,9288.4866,1893.8526
48623,9300.4001,2731.7377
48624,9301.5022,2711.2805
48625,9302.2749,1944.0923
48626,9304.9185,2293.3511
48627,9277.1337,2883.7683
48628,9279.9538,2967.4533
48629,9307.7285,2362.5309
48630,9308.5269,2354.2699
48631,9293.2703,2813.3069
48632,9292.7785,2048.1177
48633,9300.1582,2977.1859
48634,9303.5729,2428.0713
48635,9279.869,2884.8857
48636,9284.1696,2595.0833
48637,9303.5499,2238.4787
48638,9310.0107,2097.9776
48639,9273.8592,1988.1227
48640,9281.1358,2386.647
48641,9287.3771,2771.2219
48642,9291.3532,1905.8924
48643,9289.0068,2149.4674
48644,9294.3353,1956.2549
48645,9282.3687,2681.3501
48646,9270.4664,2744.491
48647,9302.5243,2068.4564
48648,9303.7165,2445.1892
48649,9296.3216,2385.1265
48650,9284.2533,2537.6842
48651,9257.1376,2258.2024
48652,9269.1566,2350.7509
48653,9268.9342,2076.3754
48654,9300.3788,2817.6246
48655,9277.4328,2862.2713
48656,9269.6335,2013.5662
48657,9273.2049,2738.0754
48658,9267.2765,2874.4535
48659,9262.0442,2267.7329
48660,9279.3904,2487.9851
48661,9266.9631,2509.1785
48662,9287.5217,2215.0098
48663,9292.0208,2996.261
48664,9269.3808,2147.0308
48665,9257.2397,2942.4102
48666,9267.2194,2999.1868
48667,9263.4658,2499.0712
48668,9252.2742,2600.8194
48669,9267.2011,2842.1948
48670,9279.9431,2121.4321
48671,9247.766,2947.8044
48672,9261.3273,2291.0087
48673,9241.6756,2688.3966
48674,9275.8623,2919.4773
48675,9244.6293,2324.4391
48676,9281.9225,2464.3132
48677,9272.9081,3029.4411
48678,9255.8375,2719.9302
48679,9247.3317,3006.8124
48680,9277.2004,2937.5545
48681,9254.1116,2151.0645
48682,9239.4399,2345.1907
48683,9252.7026,2540.0512
48684,9252.7748,1975.1745
48685,9255.0337,2566.1468
48686,9236.5777,2675.6322
48687,9243.8992,2330.4116
48688,9249.8826,2373.7193
48689,9234.8163,2054.3923
48690,9238.5632,2334.0004
48691,9245.5125,2032.9323
48692,9258.109,2472.8503
48693,9250.6673,2408.1417
48694,9268.0847,2447.5089
48695,9250.5797,2958.7503
48696,9232.5794,3030.745
48697,9241.8401,2078.1725
48698,9226.1508,2421.1129
48699,9223.1238,2047.8423
48700,9260.7049,2766.7085
48701,9248.5441,2789.5527
48702,9261.0744,2998.2488
48703,9257.5648,2780.6357
48704,9239.0408,2226.8675
48705,9222.7353,2829.0596
48706,9244.1398,2087.3176
48707,9218.4131,3016.8028
48708,9252.3412,2704.7654
48709,9258.6114,2033.4043
48710,9249.3206,2436.8486
48711,9250.6886,2142.0083
48712,9233.8712,2525.6484
48713,9247.3152,2473.6905
48714,9226.8998,2886.7165
48715,9247.3087,2591.0683
48716,9253.3312,2508.5446
48717,9247.0302,2334.3788
48718,9220.7414,2483.1252
48719,9222.8697,2744.4344
48720,9236.9512,2565.0049
48721,9227.4816,2938.3571
48722,9223.1462,2865.6292
48723,9224.7825,2941.1753
48724,9217.0814,2961.1859
48725,9222.6123,2501.5992
48726,9236.7534,2007.4424
48727,9244.8808,2201.8549
48728,9234.3493,2836.8592
48729,9203.6207,2395.5727
48730,9211.2644,2195.9873
48731,9203.0499,1978.6876
48732,9243.9129,1957.6231
48733,9222.8462,2545.047
48734,9242.1305,2926.7393
48735,9223.8751,3019.2528
48736,9237.0289,2241.207
48737,9209.1109,2801.494
48738,9236.4884,2677.8545
48739,9235.9457,2618.4251
48740,9215.5864,2011.7241
48741,9222.3741,2315.8469
48742,9219.3272,2621.4018
48743,9222.7053,2403.1418
48744,9214.7773,2956.8694
48745,9212.1804,2872.6928
48746,9205.15,2189.5468
48747,9232.3109,2006.9338
48748,9200.4915,1933.9027
48749,9233.694,2110.632
48750,9200.0985,2395.6955
48751,9194.8368,2954.4357
48752,9218.3559,2849.219
48753,9202.8365,2581.1091
48754,9192.1015,2378.55
48755,9214.1504,2178.2094
48756,9187.5525,2992.6238
48757,9197.5007,2949.0223
48758,9221.1637,2351.8634
48759,9221.842,1927.6174
48760,9210.292,2207.5145
48761,9197.127,2209.8727
48762,9222.1796,2689.1293
48763,9183.5665,2028.9182
48764,9208.3356,2810.7378
48765,9190.7952,2503.0856
48766,9213.7993,2307.8082
48767,9208.9986,1990.6746
48768,9209.1925,2838.2885
48769,9192.2283,2843.3652
48770,9176.0624,2609.5416
48771,9216.8176,2435.7384
48772,9181.1018,2844.4358
48773,9197.0382,2240.6606
48774,9207.2173,2194.1914
48775,9210.7209,2147.9256
48776,9171.865,2098.3817
48777,9176.0895,2907.8166
48778,9202.4476,2218.754
48779,9211.6507,2788.011
48780,9190.6344,2161.4956
48781,9168.7245,2989.7746
48782,9191.9383,1947.2243
48783,9209.3011,2637.9967
48784,9182.0258,2470.1044
48785,9191.0399,2424.5903
48786,9184.824,1908.7611
48787,9166.3133,2997.8831
48788,9180.8144,2537.0412
48789,9163.3921,2343.6733
48790,9170.5686,2379.0369
48791,9199.741,2321.7025
48792,9201.6959,2475.0269
48793,9191.5698,2998.0404
48794,9177.0891,1993.5161
48795,9198.6501,1939.7983
48796,9165.7581,2928.4201
48797,9180.5225,2221.6986
48798,9183.4861,2002.4101
48799,9165.7256,2810.9446
48800,9192.125,2490.1711
48801,9189.1096,2615.0683
48802,9182.0961,2353.0104
48803,9156.5646,1952.7519
48804,9168.9482,2864.8775
48805,9163.0104,2643.4249
48806,9170.6922,2333.9446
48807,9164.2004,2709.3316
48808,9163.3167,2458.5523
48809,9170.9357,2654.7101
48810,9156.4308,1979.6346
48811,9161.5174,2153.4602
48812,9175.3132,2338.8679
48813,9177.1313,2243.2447
48814,9157.7584,2986.9419
48815,9146.8312,2878.0405
48816,9152.6472,2225.084
48817,9183.4763,2727.796
48818,9158.0138,2950.2424
48819,9150.9736,2978.4198
48820,9153.7665,2448.9974
48821,9167.3475,2989.6844
48822,9152.7311,2200.1558
48823,9141.6358,1886.7551
48824,9172.1735,2504.6704
48825,9163.4357,2435.9987
48826,9139.4056,2823.7924
48827,9141.7891,2981.0577
48828,9172.8826,3003.4872
48829,9142.6228,2766.7752
48830,9161.7095,1972.8066
48831,9142.5699,2235.63
48832,9152.2486,2241.4451
48833,9156.1296,3005.3243
48834,9169.9831,2701.4575
48835,9139.0629,2431.2752
48836,9139.117,2951.5021
48837,9135.5141,2519.9933
48838,9140.4794,2059.4828
48839,9128.9684,2548.145
48840,9168.7342,2502.6029
48841,9137.9449,2443.3752
48842,9166.8392,1866.2556
48843,9153.5143,2120.2989
48844,9157.7796,2285.3204
48845,9165.5863,1947.3465
48846,9126.2639,2901.4151
48847,9134.4256,2682.1106
48848,9125.78,2870.3864
48849,9122.7748,2756.3556
48850,9130.7025,1952.2052
48851,9136.3186,1892.1115
48852,9162.4886,2032.7371
48853,9145.3995,2705.577
48854,9161.0587,2285.9424
48855,9137.8865,2123.1983
48856,9161.0466,2783.5238
48857,9159.6657,1919.0532
48858,9121.9845,2436.2473
48859,9141.6122,2498.7515
48860,9154.3688,1974.4181
48861,9129.5465,2558.5225
48862,9123.6636,2236.4492
48863,9137.7268,2975.7526
48864,9127.6039,2094.7853
48865,9119.6654,2603.1725
48866,9147.2055,2808.5702
48867,9119.386,2167.5137
48868,9122.0003,2848.2983
48869,9131.7417,2821.0696
48870,9122.1893,2071.0856
48871,9112.4475,2381.6485
48872,9137.0829,2909.5255
48873,9122.6586,2916.3729
48874,9114.1293,2165.9382
48875,9134.7411,2038.4948
48876,9111.8893,2273.3668
48877,9142.7043,2594.8221
48878,9123.5566,2990.4754
48879,9116.3921,2452.7857
48880,9139.449,2416.7033
48881,9145.1466,2694.3885
48882,9101.5703,2751.1507
48883,9110.2665,2359.2064
48884,9129.7032,2039.5908
48885,9103.9411,2491.5589
48886,9139.5211,2945.5433
48887,9141.4744,1991.6409
48888,9098.5553,2127.8024
48889,9137.859,2073.5232
48890,9123.1998,2494.5944
48891,9120.1165,2968.5106
48892,9113.6673,2313.2899
48893,9116.6537,2781.1581
48894,9118.628,2186.7745
48895,9095.1062,2295.0215
48896,9105.328,2985.4622
48897,9094.9481,2097.8923
48898,9105.7622,2126.8411
48899,9100.959,2726.8184
48900,9124.5756,2200.4791
48901,9122.5078,2295.7807
48902,9100.4641,1898.0183
48903,9088.5496,2555.1522
48904,9121.3523,2924.7172
48905,9129.025,2877.8826
48906,9124.7126,2352.0399
48907,9106.7327,1945.7348
48908,9130.0616,2395.7543
48909,9114.9934,2301.8159
48910,9115.6334,2538.4543
48911,9088.5581,2968.5581
48912,9091.1466,1902.8487
48913,9100.9551,2680.0277
48914,9090.7832,2861.7883
48915,9090.8371,2220.1768
48916,9121.2274,2038.3055
48917,9089.537,2819.314
48918,9102.6412,2420.4413
48919,9085.4716,2614.8342
48920,9104.7195,2223.9882
48921,9098.5992,2264.7746
48922,9120.2225,1859.3648
48923,9120.1783,2268.8539
48924,9105.4637,2743.5527
48925,9101.8761,2730.5132
48926,9079.3361,2890.6228
48927,9081.0897,2257.3338
48928,9096.7398,2426.896
48929,9109.7265,2666.8826
48930,9083.7007,2356.6752
48931,9114.0308,2848.808
48932,9090.2343,1928.8116
48933,9087.5252,2839.004
48934,9104.9853,2891.0827
48935,9092.3163,2813.3695
48936,9078.2082,1856.2873
48937,9107.0166,2520.6123
48938,9107.1507,1888.1957
48939,9086.4703,2687.0591
48940,9080.5918,2233.9988
48941,9072.1278,1944.1229
48942,9108.5717,2642.5402
48943,9088.7079,2355.1558
48944,9070.2915,2519.0633
48945,9066.1065,2889.0977
48946,9106.7222,1989.6875
48947,9105.7211,2868.1593
48948,9069.5908,2677.393
48949,9063.9637,2549.3904
48950,9083.5484,2709.5462
48951,9105.322,1980.091
48952,9099.9486,2460.1827
48953,9099.7189,2168.4439
48954,9081.2621,2166.8647
48955,9098.1514,2290.4301
48956,9061.0357,2853.0606
48957,9072.9014,1921.5705
48958,9095.654,2555.0555
48959,9096.7245,2604.6818
48960,9073.1319,2186.8387
48961,9086.4032,2986.5024
48962,9069.8644,2401.6114
48963,9056.7733,2815.6739
48964,9096.7475,2330.7333
48965,9067.2633,2545.8937
48966,9069.6125,2067.8727
48967,9096.0404,2825.5727
48968,9085.2397,2002.38
48969,9055.3234,2198.1838
48970,9087.5896,2221.4693
48971,9057.813,2920.2197
48972,9063.8717,2792.4969
48973,9070.6155,2816.418
48974,9057.9189,2111.8923
48975,9051.7817,2339.1381
48976,9086.4838,1864.7612
48977,9046.5842,2905.9636
48978,9065.232,1979.0714
48979,9061.2441,2373.0136
48980,9060.8983,2939.1227
48981,9084.7843,2212.5323
48982,9070.7954,1928.1729
48983,9062.3022,2496.9882
48984,9080.2533,2542.5761
48985,9071.5262,2463.5496
48986,9044.1705,1871.0886
48987,9060.1601,2109.0422
48988,9068.6117,2178.7627
48989,9079.0874,2799.0741
48990,9039.4037,2792.6676
48991,9065.9518,2144.7516
48992,9053.4546,2849.7304
48993,9051.1518,1912.7768
48994,9060.7719,2912.427
48995,9060.9836,2652.6893
48996,9052.8092,2656.0006
48997,9061.6502,2478.201
48998,9075.8025,2542.0763
48999,9054.1055,2382.9879
49000,9067.3231,2169.2099
49001,9067.5163,2611.6546
49002,9072.6283,2280.4036
49003,9066.5754,2953.2393
49004,9030.6,1858.7459
49005,9063.5731,2153.9209
49006,9056.8267,2325.4619
49007,9059.0496,2943.3355
49008,9028.9653,2516.0333
49009,9032.7595,2073.1409
49010,9029.2626,2749.6521
49011,9039.5099,1933.8061
49012,9050.6152,2644.9303
49013,9045.4577,2146.2481
49014,9054.7791,2095.6818
49015,9063.9662,2488.4435
49016,9068.7436,2859.578
49017,9032.4884,2186.2952
49018,9050.1404,2750.8016
49019,9044.2164,2680.5493
49020,9031.4877,1845.3123
49021,9036.2673,2184.1089
49022,9048.952,1882.5814
49023,9053.2496,2804.3675
49024,9059.7199,2319.9663
49025,9057.0406,2739.8845
49026,9019.7143,2777.6688
49027,9056.9116,2441.2222
49028,9053.3013,2960.1034
49029,9038.5414,2601.0197
49030,9050.6491,2803.6084
49031,9060.326,2953.9218
49032,9049.0597,2049.5361
49033,9015.9024,1853.5987
49034,9014.381,2353.1029
49035,9029.6389,2646.4058
49036,9019.1019,2938.2639
49037,9019.3617,2499.5559
49038,9028.8522,2029.876
49039,9026.927,1936.3695
49040,9019.4514,2489.4003
49041,9048.3481,2744.8765
49042,9039.7037,2294.0705
49043,9031.0019,2461.5862
49044,9011.277,2480.9503
49045,9019.9277,2060.9458
49046,9044.2212,1904.165
49047,9047.6401,1974.2998
49048,9029.1895,2836.3919
49049,9028.4458,2058.2313
49050,9015.9392,2275.8952
49051,9007.1661,2180.9024
49052,9047.678,2861.8389
49053,9029.8995,2080.2148
49054,9044.0956,2571.378
49055,9033.8647,2627.2029
49056,9036.3233,2796.3053
49057,9046.2735,2093.6768
49058,9012.8786,2859.6391
49059,9039.9416,2631.684
49060,9026.1401,2725.0333
49061,9012.4457,2856.619
49062,9019.7542,2139.1441
49063,9016.2519,2617.0903
49064,9019.909,2096.9379
49065,9023.7116,2803.0911
49066,9034.8727,2347.6405
49067,9035.5381,2119.0958
49068,8998.1223,2067.8844
49069,9012.7221,2533.3976
49070,9034.552,2631.8177
49071,9007.8253,2638.576
49072,9012.7122,2124.7739
49073,8999.4543,1848.3007
49074,9018.8729,2914.7149
49075,9033.1966,2909.293
49076,9006.4832,2131.7172
49077,8992.8507,2825.5927
49078,9018.8712,1917.7372
49079,9004.8459,2090.5765
49080,9013.2982,1850.1245
49081,9001.4347,2394.752
49082,9013.4616,2274.688
49083,9012.1724,2359.2751
49084,9003.3967,2922.9834
49085,9023.8685,2637.8356
49086,9028.5574,2145.7654
49087,9028.7929,2819.9099
49088,9031.5917,1869.9393
49089,9021.1772,2000.5781
49090,9001.2448,2370.0285
49091,9025.4743,2882.7041
49092,9021.3504,2755.3282
49093,9015.0563,2546.5171
49094,8998.5983,2467.5122
49095,9011.5109,2919.8847
49096,9005.6323,1836.5902
49097,8995.218,2382.1343
49098,9021.2549,2520.747
49099,8995.6724,1989.3908
49100,9003.0843,2639.0501
49101,8987.0768,1832.301
49102,8994.6196,2331.8291
49103,9023.7807,1969.4943
49104,9016.575,2270.3573
49105,9017.6329,2588.324
49106,8993.2891,2579.6086
49107,9005.6995,2499.6648
49108,8985.0385,2726.7219
49109,9008.4954,2900.9714
49110,8999.4879,2885.7829
49111,8981.062,1987.6445
49112,8979.2302,2447.0219
49113,8978.2364,1837.2016
49114,9018.3506,2094.2766
49115,8975.8956,2660.4545
49116,8978.7292,2847.4837
49117,8977.5106,1942.5333
49118,8993.5568,2009.9181
49119,8980.1158,2857.2289
49120,8999.0793,2856.0693
49121,8980.612,2766.143
49122,8987.4876,2586.807
49123,8994.4095,2783.9094
49124,9009.668,2706.8033
49125,8993.0726,2311.7075
49126,8996.3189,1991.4913
49127,9004.7407,2123.3184
49128,8969.079,2513.0364
49129,8981.6901,2497.8459
49130,8988.5619,2590.8921
49131,8978.9695,2944.6049
49132,9002.0053,2949.8103
49133,8969.1173,1841.5639
49134,8972.3746,1868.8819
49135,9006.5609,2224.5283
49136,8970.0353,2013.067
49137,8996.1032,2516.7768
49138,8982.3401,2488.2957
49139,9003.9064,2611.9852
49140,8971.1203,2206.8408
49141,9007.5918,1884.7884
49142,8980.8228,1974.6275
49143,8974.5345,2569.3252
49144,8968.6427,2072.9078
49145,8997.8961,2570.0161
49146,8962.2374,2598.997
49147,8966.8724,2536.6347
49148,8992.8531,2644.6182
49149,8962.3373,2119.9117
49150,8988.5463,2842.4455
49151,8984.2512,2482.2225
49152,9001.8449,2918.4927
49153,8977.8968,2257.8734
49154,8975.6361,2640.7766
49155,8965.3043,2906.1906
49156,9001.7319,1850.9638
49157,9000.6217,2261.4875
49158,8973.0809,2829.8541
49159,8961.3037,2708.3166
49160,8999.5111,2066.1049
49161,8983.4232,1996.393
49162,8989.8311,2142.2525
49163,8976.3758,2692.2943
49164,8966.2947,2384.1341
49165,8968.6233,2129.3407
49166,8982.8224,2572.2864
49167,8973.8509,2529.1592
49168,8987.5972,2381.5044
49169,8966.2231,2229.929
49170,8976.8436,2180.5286
49171,8967.9876,2533.4585
49172,8961.6085,2884.3757
49173,8993.4145,2930.8061
49174,8963.5796,2496.3025
49175,8955.6535,2205.2403
49176,8975.8207,2020.6149
49177,8956.8701,1901.8936
49178,8991.9549,2192.5451
49179,8955.6946,2873.0013
49180,8966.3434,2078.8266
49181,8957.4154,2082.8532
49182,8969.7397,2381.0536
49183,8956.1669,2636.041
49184,8946.5605,1950.0431
49185,8976.0755,2743.9471
49186,8975.8986,2316.1327
49187,8980.8465,2898.5633
49188,8967.8016,2068.1426
49189,8945.2447,2809.6162
49190,8984.3729,2485.0097
49191,8982.1379,2544.2316
49192,8970.683,1827.7415
49193,8949.9353,2476.189
49194,8950.1201,2938.1892
49195,8944.395,2897.7839
49196,8957.2722,2068.9776
49197,8970.7436,2439.0569
49198,8984.5567,2791.2212
49199,8972.0766,2044.1734
49200,8964.3278,2494.7011
49201,8943.8732,2159.3733
49202,8957.5249,2754.4379
49203,8981.5721,2157.8445
49204,8944.3447,2244.137
49205,8948.8636,2142.0572
49206,8951.7574,2549.2924
49207,8938.2121,2578.1037
49208,8969.4146,2156.1778
49209,8937.5691,2881.731
49210,8944.6092,1949.698
49211,8974.6123,2105.8763
49212,8958.2018,2308.6189
49213,8948.2036,2678.9998
49214,8964.5169,2362.9381
49215,8954.8169,2788.4861
49216,8958.0429,1925.6652
49217,8938.4197,2138.4025
49218,8965.9571,2862.1865
49219,8964.3379,2816.3213
49220,8956.3744,2615.529
49221,8961.9213,2312.2162
49222,8958.8029,2102.0964
49223,8938.5772,2208.0626
49224,8945.8398,2892.5891
49225,8964.3767,2616.7144
49226,8938.8963,2162.5943
49227,8948.3456,2087.88
49228,8967.2663,2639.1443
49229,8953.1068,2267.1386
49230,8939.5087,2276.9619
49231,8964.705,2591.1682
49232,8951.0182,2234.4045
49233,8957.7977,2347.0889
49234,8966.6965,2333.2416
49235,8955.4377,2567.141
49236,8958.1456,2481.0246
49237,8956.9038,2003.9883
49238,8926.5055,2440.2975
49239,8935.2954,1995.4455
49240,8963.6247,2757.4798
49241,8939.7956,2168.2769
49242,8956.9428,2752.8311
49243,8945.6442,2266.8732
49244,8936.4393,2272.5333
49245,8960.2243,2590.5291
49246,8949.3557,2216.3033
49247,8935.9311,2594.6866
49248,8952.8836,1919.6001
49249,8952.4492,2403.3934
49250,8934.5486,2148.7383
49251,8926.4965,1868.0767
49252,8933.2508,2730.4564
49253,8941.7458,2702.1457
49254,8954.8266,2917.4529
49255,8922.8343,2799.9746
49256,8949.2634,2447.8487
49257,8923.3052,2530.9069
49258,8928.5152,2376.8537
49259,8943.601,2272.2526
49260,8929.7817,2283.6391
49261,8961.2402,2629.3688
49262,8927.3902,2360.8136
49263,8938.7209,1960.9555
49264,8924.209,2302.0504
49265,8961.214,2295.4367
49266,8928.2004,2907.081
49267,8922.4359,2599.6182
49268,8919.0517,2859.3311
49269,8957.2679,2057.9121
49270,8952.6058,1939.1985
49271,8946.3564,2676.3218
49272,8923.5866,1830.7299
49273,8920.0429,2334.9375
49274,8953.6374,2637.1571
49275,8924.5966,2907.8668
49276,8948.3134,2113.3348
49277,8940.4278,1904.6091
49278,8947.0464,2322.8526
49279,8916.1204,2687.3183
49280,8940.4891,2613.6562
49281,8916.4692,2923.1438
49282,8923.8483,1869.2901
49283,8920.3129,2414.1717
49284,8917.9355,1964.6868
49285,8955.1964,2544.9727
49286,8911.7031,1840.8238
49287,8949.4417,2870.9771
49288,8939.3462,2926.4262
49289,8926.2799,2604.5365
49290,8949.8241,2209.8498
49291,8922.5509,2808.3629
49292,8915.2964,2436.3657
49293,8923.8075,2614.365
49294,8917.6771,1896.6149
49295,8921.0877,2253.7769
49296,8917.9152,2232.7914
49297,8951.2871,2186.8277
49298,8917.3665,2533.5467
49299,8913.626,2228.9707
49300,8912.4683,2231.8344
49301,8921.7555,2652.5895
49302,8909.2814,2375.2329
49303,8941.1378,2378.9191
49304,8929.8209,2864.6374
49305,8926.772,1972.2921
49306,8941.1106,2497.4567
49307,8929.8361,2099.7793
49308,8943.3028,2545.4668
49309,8929.516,2380.4086
49310,8919.8405,2063.3953
49311,8925.361,2185.9112
49312,8908.0522,2376.3168
49313,8929.0452,2921.3673
49314,8930.6067,1933.1772
49315,8930.1894,2779.5855
49316,8946.5484,1938.1956
49317,8922.5547,2549.622
49318,8905.4049,2621.8194
49319,8942.7971,2374.6811
49320,8909.3291,2552.4442
49321,8938.3389,1856.2541
49322,8913.4018,1890.5625
49323,8918.8603,2111.8901
49324,8914.51,2072.417
49325,8918.3425,2365.3348
49326,8916.6158,2406.2146
49327,8918.0868,2577.2594
49328,8924.6613,2267.392
49329,8916.7584,2369.824
49330,8932.2908,2371.9713
49331,8899.0311,2563.1389
49332,8940.5066,2591.0968
49333,8925.2404,1861.3015
49334,8910.5969,1979.4101
49335,8931.5209,2895.1368
49336,8926.612,2090.4557
49337,8930.7716,2888.0695
49338,8930.4459,2707.9047
49339,8914.6014,2854.4943
49340,8910.965,2777.451
49341,8903.7803,1993.0779
49342,8917.2515,2900.7843
49343,8927.0834,2717.8677
49344,8939.2561,2825.0332
49345,8930.3725,2711.7101
49346,8907.938,2135.2334
49347,8903.2427,2225.3701
49348,8924.6186,1948.0822
49349,8924.8357,2789.3974
49350,8938.3495,2371.5505
49351,8926.8737,2679.3008
49352,8918.6221,1991.912
49353,8911.9193,2328.134
49354,8938.1426,2747.5759
49355,8902.1711,2855.2233
49356,8923.7732,2507.3261
49357,8905.7087,2901.9393
49358,8895.1041,1911.3847
49359,8892.9438,2704.822
49360,8894.2035,1906.7704
49361,8929.7763,2789.5878
49362,8919.494,2678.8717
49363,8899.5579,2234.5993
49364,8892.0631,2426.6417
49365,8918.1448,2396.1168
49366,8915.2357,2117.2811
49367,8923.7278,2206.021
49368,8917.4752,2531.7277
49369,8931.0906,2359.8264
49370,8910.2148,2089.8597
49371,8933.2738,2621.0941
49372,8906.876,1970.6323
49373,8916.3939,2051.8091
49374,8894.7634,2384.6884
49375,8899.7834,2394.5936
49376,8926.1186,2055.149
49377,8915.331,2489.0262
49378,8893.3152,1994.5936
49379,8922.5156,2178.6218
49380,8894.6267,2227.9426
49381,8920.1935,1977.0301
49382,8913.5749,2752.447
49383,8892.551,2839.096
49384,8901.04,2100.522
49385,8910.2431,2245.016
49386,8898.2355,2488.4305
49387,8916.7578,2689.4407
49388,8928.48,2463.2284
49389,8911.2329,2199.9945
49390,8908.6591,2033.5806
49391,8907.0255,2281.6581
49392,8893.7975,2293.543
49393,8902.0024,2010.743
49394,8900.5523,2445.9908
49395,8925.3804,2306.4737
49396,8899.1976,2415.0501
49397,8901.1528,2165.2345
49398,8921.1653,2388.1724
49399,8893.9706,2248.296
49400,8928.7873,2555.1707
49401,8908.8041,2431.7863
49402,8928.1316,2626.5949
49403,8926.2467,1829.0799
49404,8894.5084,2305.421
49405,8898.158,2903.967
49406,8887.427,2218.7717
49407,8926.9746,2790.6202
49408,8909.5989,2298.5181
49409,8897.6979,1815.0487
49410,8916.7218,2924.5443
49411,8919.8635,1911.8973
49412,8899.9741,1892.3125
49413,8916.4307,2507.8356
49414,8909.8044,2716.8381
49415,8925.786,2644.7022
49416,8907.2105,2470.8454
49417,8922.7073,2361.0491
49418,8891.5825,2755.779
49419,8903.4073,2111.5965
49420,8885.4776,2874.2457
49421,8907.2271,2421.818
49422,8897.2387,1932.4478
49423,8886.7403,2344.7545
49424,8908.7457,2670.8957
49425,8887.4908,1950.7172
49426,8884.944,2635.9303
49427,8918.259,2893.369
49428,8923.5743,1881.165
49429,8891.9745,2544.1493
49430,8909.9731,2340.9598
49431,8913.3955,1890.3644
49432,8906.363,1815.9317
49433,8919.3411,2564.864
49434,8885.2693,2613.8373
49435,8905.0986,2468.7267
49436,8918.0772,2694.2539
49437,8922.8119,2657.851
49438,8906.6034,2031.1918
49439,8905.5536,2003.499
49440,8895.9962,2053.3381
49441,8903.9766,2874.7402
49442,8911.5088,2120.8353
49443,8913.8256,2719.9145
49444,8881.4169,2231.5675
49445,8896.4671,2388.9453
49446,8918.7273,1837.0365
49447,8896.6234,1990.013
49448,8888.0544,2102.845
49449,8907.4733,2055.965
49450,8914.2156,1983.9167
49451,8890.3355,2724.7526
49452,8919.779,1901.0959
49453,8919.9698,2812.816
49454,8886.7976,2782.0509
49455,8905.0972,2522.0293
49456,8892.6885,2259.6521
49457,8887.7805,2062.0586
49458,8906.338,2675.9232
49459,8897.7017,2907.1729
49460,8913.1905,2575.9666
49461,8907.0525,2812.1174
49462,8905.3466,2779.6094
49463,8915.7431,1964.4603
49464,8920.2824,2223.7159
49465,8880.6565,2614.8255
49466,8887.9818,2512.9778
49467,8921.1268,2518.8077
49468,8882.534,2467.0061
49469,8887.5758,2313.9468
49470,8884.0146,2241.0493
49471,8880.1436,2811.1909
49472,8905.0688,2522.9879
49473,8885.1282,2887.5963
49474,8905.0266,2202.8224
49475,8888.8057,2485.3927
49476,8891.9053,1963.4649
49477,8879.1909,2780.0579
49478,8888.6125,1964.4039
49479,8913.693,2250.4134
49480,8878.0124,2714.211
49481,8894.5528,2515.115
49482,8882.1304,2464.3355
49483,8886.0181,1953.7768
49484,8896.3876,2461.4327
49485,8903.4117,2780.3474
49486,8900.6836,1846.6523
49487,8900.2747,2216.8326
49488,8910.6143,2626.5517
49489,8906.8571,2857.0928
49490,8909.2661,2120.0895
49491,8917.6863,2413.2242
49492,8885.0762,2895.8058
49493,8902.057,2909.0797
49494,8898.0701,1851.1853
49495,8892.0116,1906.7177
49496,8915.93,2118.8941
49497,8908.572,1966.9798
49498,8917.8887,1815.3779
49499,8906.1852,2721.3741
49500,8905.4045,2058.085
49501,8914.0743,2372.0388
49502,8918.9585,2421.85
49503,8886.2986,2509.7528
49504,8894.3806,1818.8151
49505,8916.6335,2251.1327
49506,8903.8333,2487.8523
49507,8891.1286,2104.6383
49508,8910.9543,2469.5173
49509,8894.229,2367.8055
49510,8877.1776,2542.2991
49511,8910.605,2323.2933
49512,8900.1443,2783.4368
49513,8915.4431,2289.1651
49514,8882.2747,2550.9913
49515,8877.9247,1996.9363
49516,8893.8802,2811.4089
49517,8887.9609,2458.6415
49518,8913.5809,2114.064
49519,8908.3204,1980.8698
49520,8917.7591,2855.4198
49521,8908.6624,1982.1082
49522,8879.4813,2407.3389
49523,8901.573,2340.0602
49524,8910.8156,2191.1955
49525,8902.5073,2880.291
49526,8876.7695,1993.8638
49527,8896.872,2411.9285
49528,8904.9115,2165.8854
49529,8911.4743,2811.8348
49530,8908.9896,2813.2516
49531,8900.6053,1904.752
49532,8887.2821,2734.6416
49533,8899.1642,1937.1826
49534,8919.7695,1973.4442
49535,8912.7044,2277.2823
49536,8883.2285,1988.4553
49537,8913.9427,2159.8745
49538,8898.7604,1889.2158
49539,8878.6105,2623.0806
49540,8907.1161,2344.6196
49541,8902.194,1817.5699
49542,8905.8567,1854.0119
49543,8918.4227,2142.2838
49544,8895.6731,2798.7038
49545,8877.0141,2137.1885
49546,8914.501,2349.7774
49547,8913.3572,2649.0531
49548,8911.7051,2852.1292
49549,8905.4961,2703.7287
49550,8918.1823,2430.8773
49551,8884.8699,2122.6347
49552,8912.327,2282.6887
49553,8897.9119,1841.6961
49554,8918.2211,2832.6645
49555,8913.7172,2730.361
49556,8885.7502,2806.7243
49557,8890.343,2919.2248
49558,8897.1495,2776.0685
49559,8905.5668,2285.227
49560,8919.319,2678.8852
49561,8890.7503,2430.3335
49562,8888.9181,2301.0043
49563,8887.1507,1861.6203
49564,8921.0057,2320.7495
49565,8884.2234,2218.232
49566,8891.9159,2566.3847
49567,8877.6947,2395.1295
49568,8882.0311,1969.0217
49569,8920.7561,1858.7967
49570,8894.7096,2074.4911
49571,8914.2978,1833.6258
49572,8878.6022,2655.6539
49573,8892.6266,2699.0357
49574,8877.5168,2904.075
49575,8910.1928,1975.437
49576,8915.0448,2332.5333
49577,8904.341,2877.1438
49578,8891.3175,1815.0097
49579,8886.5109,2887.9121
49580,8913.8296,2614.7821
49581,8897.6983,2455.6278
49582,8880.1548,2596.8885
49583,8890.8272,2885.7234
49584,8913.401,2030.953
49585,8919.6733,2838.4287
49586,8900.4728,2504.6819
49587,8913.2113,2568.0514
49588,8913.5892,1850.7992
49589,8917.067,2823.0827
49590,8884.2847,1894.7985
49591,8884.5855,2668.0688
49592,8883.8581,2442.1866
49593,8886.6477,2408.055
49594,8899.9696,1877.3809
49595,8888.5108,2746.9073
49596,8920.0643,2007.4249
49597,8911.7214,2184.0129
49598,8901.8497,2434.0679
49599,8888.4003,2510.3179
49600,8905.8016,2686.6006
49601,8919.6653,2594.0521
49602,8891.1833,1949.187
49603,8902.4403,2829.475
49604,8915.7252,2027.8353
49605,8919.2236,2929.4261
49606,8899.922,2471.075
49607,8884.1996,2367.5405
49608,8903.6901,2226.8421
49609,8891.8035,2690.5516
49610,8898.7064,2632.0443
49611,8907.4287,2392.3031
49612,8881.1745,2908.4461
49613,8915.531,2441.3935
49614,8904.4122,2237.3203
49615,8912.4168,2563.8689
49616,8902.6688,2276.334
49617,8915.6999,2221.7125
49618,8895.0383,1985.7823
49619,8922.903,1832.3086
49620,8917.5126,2686.5495
49621,8907.6863,2823.6788
49622,8924.4082,2869.4607
49623,8892.0356,2475.0794
49624,8891.3085,2635.5669
49625,8885.2904,2256.4056
49626,8924.7017,2015.7502
49627,8909.8629,2792.2368
49628,8885.7816,2091.6977
49629,8883.8322,2048.6081
49630,8923.1008,2898.0401
49631,8907.4381,2603.1075
49632,8883.4436,2791.9886
49633,8899.1888,1846.3812
49634,8913.8604,2709.5043
49635,8897.7438,2118.4565
49636,8914.5304,2811.6277
49637,8889.4562,2156.8208
49638,8896.5997,2544.0939
49639,8923.1363,2635.9835
49640,8897.3822,2795.4348
49641,8904.1919,2400.2527
49642,8896.7276,2586.086
49643,8907.801,1825.8021
49644,8894.6876,1928.4273
49645,8924.1452,2753.1711
49646,8910.0611,1966.4594
49647,8919.3369,2764.2276
49648,8886.3951,2782.8042
49649,8910.4742,2375.5778
49650,8929.5274,2242.2106
49651,8927.1915,2931.6177
49652,8891.6459,1874.9329
49653,8907.2748,2254.8935
49654,8899.1741,2650.0834
49655,8908.4533,2780.2375
49656,8918.9415,2651.0601
49657,8923.562,2071.8234
49658,8915.6003,1960.931
49659,8892.7403,2288.435
49660,8889.0997,2611.852
49661,8927.8309,2505.4269
49662,8900.1822,2356.4868
49663,8901.1069,2100.5093
49664,8889.0534,2502.9159
49665,8907.6461,2726.5519
49666,8920.3796,2221.4248
49667,8917.1216,1878.8505
49668,8931.6485,2262.6262
49669,8931.4211,1886.0781
49670,8899.076,2586.4165
49671,8918.2131,2007.0209
49672,8918.8827,2508.0064
49673,8923.7807,2121.8705
49674,8931.051,1981.7585
49675,8919.6859,2084.8911
49676,8900.8982,1847.5822
49677,8913.6771,2014.8754
49678,8933.6654,1845.2277
49679,8915.3328,2880.2648
49680,8906.8247,2150.3079
49681,8908.9946,2398.8406
49682,8934.0608,2601.2722
49683,8901.1355,1994.4093
49684,8892.1779,2294.7604
49685,8909.1611,1945.1172
49686,8931.7323,2726.7651
49687,8918.6006,2043.552
49688,8929.1746,2733.7334
49689,8912.5299,2253.248
49690,8905.8211,2296.6465
49691,8895.7402,2581.1582
49692,8933.3321,2616.1228
49693,8905.7394,2907.4447
49694,8936.2851,2227.8506
49695,8925.7712,2778.9849
49696,8924.3421,2751.2939
49697,8918.3847,2001.7054
49698,8919.0612,2256.4434
49699,8932.7673,2751.4884
49700,8935.5234,2377.9716
49701,8917.9922,1816.4988
49702,8921.6676,2438.0698
49703,8923.2908,2736.0425
49704,8918.345,2226.6288
49705,8898.5897,2530.9456
49706,8939.7498,2071.6617
49707,8899.179,2357.9188
49708,8917.1268,1979.1139
49709,8938.0755,1815.677
49710,8933.0735,2410.806
49711,8896.7003,2078.3933
49712,8909.8201,2781.1935
49713,8936.4343,2398.2734
49714,8920.6007,2560.764
49715,8919.4206,1975.195
49716,8933.6508,2741.6299
49717,8910.6746,2452.1065
49718,8940.4878,2152.4266
49719,8937.654,2394.9569
49720,8910.3579,1960.7427
49721,8925.2404,1980.2527
49722,8933.3138,2298.2607
49723,8938.5879,2350.9739
49724,8911.3447,2454.8906
49725,8900.5053,2445.6703
49726,8935.1099,2326.2813
49727,8942.8498,2485.5325
49728,8913.0557,2118.9859
49729,8901.4893,2796.1543
49730,8932.8489,2624.7495
49731,8906.794,2074.4471
49732,8917.5609,2097.4602
49733,8902.3707,2828.1319
49734,8916.1691,2223.5821
49735,8913.5053,2812.7088
49736,8929.4715,1842.2223
49737,8909.8358,1861.5182
49738,8912.8898,2077.2959
49739,8924.9521,2391.9714
49740,8928.441,2535.6214
49741,8906.0805,2046.4391
49742,8918.5906,2476.8074
49743,8920.0042,2907.9905
49744,8907.1994,2817.7033
49745,8905.9189,2787.5278
49746,8946.9113,2488.3351
49747,8933.6776,2879.6047
49748,8927.4272,2863.5898
49749,8928.0435,1842.3179
49750,8920.8956,2024.6209
49751,8946.4207,2809.2483
49752,8936.6952,2093.7105
49753,8947.4499,2484.5883
49754,8936.444,1914.9519
49755,8909.5758,1839.525
49756,8939.7225,1909.3459
49757,8921.166,2569.2299
49758,8947.0603,2909.9374
49759,8911.5013,2287.5042
49760,8910.7969,2219.6556
49761,8949.2359,1952.7618
49762,8937.1586,2272.2019
49763,8946.047,2248.9109
49764,8917.9649,2095.766
49765,8950.0966,2168.8821
49766,8946.7174,2456.8173
49767,8941.6219,2705.6326
49768,8939.3577,2663.9884
49769,8936.6418,2669.6714
49770,8919.974,2615.3938
49771,8918.9971,2176.0739
49772,8930.1929,2175.4679
49773,8921.6709,2810.9979
49774,8912.9845,2526.7119
49775,8930.574,2806.8133
49776,8922.4692,2336.0872
49777,8931.8013,2923.3528
49778,8933.4434,2749.2151
49779,8950.1009,2602.868
49780,8933.5871,2574.4383
49781,8917.2093,2345.8845
49782,8943.303,2255.6225
49783,8946.744,2494.6049
49784,8956.0048,1943.2875
49785,8941.2036,2371.889
49786,8935.0506,2865.8896
49787,8952.0404,1999.5923
49788,8948.9582,2604.4885
49789,8957.1793,2461.4252
49790,8918.7824,1812.7464
49791,8939.7233,1972.4337
49792,8932.1301,2169.8825
49793,8934.1188,2169.2551
49794,8928.0839,2039.4314
49795,8950.999,1827.28
49796,8934.4486,1915.6912
49797,8951.1987,1853.9403
49798,8943.9927,2428.2348
49799,8940.1424,1827.9782
49800,8940.1373,2170.605
49801,8919.7786,2814.8514
49802,8951.8467,2464.2813
49803,8922.1985,2654.4192
49804,8938.8583,2722.6561
49805,8939.2049,2548.133
49806,8941.3395,2634.456
49807,8962.4185,1875.6199
49808,8952.4017,2841.6876
49809,8950.9145,2603.7469
49810,8959.9582,1967.2424
49811,8928.7263,2453.2439
49812,8935.116,2498.9873
49813,8955.1819,1909.5623
49814,8952.79,2776.724
49815,8935.5799,2613.6548
49816,8929.2938,2215.5855
49817,8952.9132,2874.4941
49818,8924.6568,2893.6954
49819,8953.9863,2122.971
49820,8922.5792,2898.6858
49821,8963.4754,2543.9937
49822,8931.083,2536.9172
49823,8923.4443,2494.703
49824,8930.7323,2657.2301
49825,8946.1485,2822.2148
49826,8939.8234,2044.5648
49827,8942.6615,2822.0419
49828,8959.208,1922.6625
49829,8966.6157,2735.1521
49830,8963.0637,2134.2367
49831,8954.9389,2557.942
49832,8927.0059,2196.7371
49833,8955.0694,2332.8909
49834,8965.1364,2850.4277
49835,8951.3247,2317.6544
49836,8930.8967,2274.148
49837,8953.8495,2739.9663
49838,8964.6611,2157.2114
49839,8938.4937,2018.562
49840,8961.0515,1821.479
49841,8969.7526,2379.2511
49842,8936.2463,1896.7021
49843,8953.3166,2287.027
49844,8944.9008,2606.9993
49845,8967.1252,2560.87
49846,8943.9241,2340.9745
49847,8936.0288,2654.4975
49848,8945.6675,2623.8448
49849,8953.7537,2844.1634
49850,8951.7462,2504.0995
49851,8954.89,2035.8095
49852,8969.0819,2411.5191
49853,8948.4539,2427.5817
49854,8964.6182,2834.2511
49855,8967.5088,2138.8965
49856,8937.7245,1831.7811
49857,8953.6709,2781.6322
49858,8972.7744,2176.4086
49859,8934.3214,2423.464
49860,8944.0291,2766.3755
49861,8962.3741,2787.8408
49862,8947.5646,1969.1633
49863,8968.9004,2042.6767
49864,8937.151,2893.0545
49865,8954.9863,2868.8838
49866,8943.5315,2350.4097
49867,8949.5277,2481.8424
49868,8964.8941,2148.1157
49869,8969.1653,2863.8883
49870,8971.0142,1988.9475
49871,8972.5812,2765.7884
49872,8953.8977,2788.9392
49873,8948.4484,2422.2126
49874,8942.4034,2733.8791
49875,8950.492,2703.8208
49876,8945.6268,2179.1398
49877,8958.6394,2473.9865
49878,8960.4402,2593.1275
49879,8969.1512,2103.9838
49880,8983.2125,2885.7855
49881,8941.6776,2159.6466
49882,8958.1825,2331.2896
49883,8946.1783,2796.1161
49884,8966.9645,2476.8282
49885,8971.7592,2695.3122
49886,8971.7398,2243.2174
49887,8986.0015,2225.3821
49888,8967.3298,2042.2686
49889,8968.4923,2424.945
49890,8975.568,2792.3269
49891,8945.1037,2228.2472
49892,8981.8674,2258.5013
49893,8950.4051,2742.4221
49894,8946.6961,2147.6889
49895,8952.3119,2680.2252
49896,8983.0288,2628.8427
49897,8979.7176,2693.7828
49898,8955.1122,2570.3214
49899,8972.4109,2925.7987
49900,8980.5121,2228.5297
49901,8974.6883,2273.8867
49902,8963.6552,2154.8435
49903,8973.5496,2867.8393
49904,8961.7659,2764.4042
49905,8973.84,2189.2866
49906,8964.6971,2258.164
49907,8951.1861,2520.747
49908,8984.9326,2469.1741
49909,8957.1713,2550.6599
49910,8964.7294,2299.5432
49911,8972.6344,2555.9984
49912,8978.8812,1974.4193
49913,8956.577,2062.295
49914,8968.9087,1899.2637
49915,8991.8445,2846.573
49916,8970.1956,2763.3817
49917,8973.0448,2099.5256
49918,8977.2105,2876.0407
49919,8965.1271,2298.8975
49920,8969.3625,1935.904
49921,8971.8553,2366.0065
49922,8976.0633,2260.7399
49923,8956.2851,2140.2994
49924,8967.6782,2845.559
49925,8964.494,2217.9105
49926,8970.0439,2465.1687
49927,8993.1534,2857.91
49928,8996.7798,2205.6898
49929,8977.0667,2245.8948
49930,8993.2874,1971.3838
49931,8963.8852,2119.5572
49932,8973.9812,2203.4497
49933,8958.0808,2696.8385
49934,8978.6371,2386.8169
49935,8979.5824,2539.6391
49936,8983.491,2868.2468
49937,8965.6792,1908.4704
49938,8971.8382,2318.0295
49939,8965.8942,2165.6123
49940,8990.9985,2919.8441
49941,8978.4837,2459.2399
49942,8991.0768,2066.566
49943,8959.349,2593.9713
49944,8982.0685,1832.6401
49945,8995.0761,2208.8524
49946,8987.2899,2782.4477
49947,8968.9301,2181.4043
49948,8969.2642,2564.6746
49949,8987.6848,2850.3868
49950,8968.2237,2471.5724
49951,8974.1699,2539.996
49952,8986.0745,1935.7532
49953,8968.7325,2394.1202
49954,8968.7955,2617.1454
49955,8993.6003,1986.1875
49956,8983.7709,2691.0801
49957,8999.5091,2577.6815
49958,8964.5009,2397.8875
49959,8991.309,2456.7897
49960,8990.2402,2834.3376
49961,8978.1706,2271.5651
49962,9005.7727,2728.508
49963,8997.9272,2428.8621
49964,8970.5173,2293.1792
49965,8993.0887,2438.7451
49966,8988.1814,2157.667
49967,8969.8128,2658.1028
49968,8973.2557,1857.3332
49969,8983.6874,2392.0511
49970,8997.1727,2239.4484
49971,8972.841,2632.6368
49972,9009.6554,2371.6528
49973,8980.1697,2279.1105
49974,8998.1224,2945.0164
49975,9007.7235,2762.3316
49976,8975.1579,2195.5603
49977,8987.6671,2907.4053
49978,8991.7466,2932.1071
49979,9005.6213,2155.1318
49980,9014.8007,1876.079
49981,9004.4752,2348.8952
49982,8994.504,2658.8832
49983,8996.2728,2089.6397
49984,8991.6804,2860.5279
49985,8999.3403,2795.1202
49986,8977.7378,2911.4383
49987,8998.9677,2598.4164
49988,9013.7299,2048.6525
49989,8999.9498,1938.6822
49990,9015.717,2931.8581
49991,9010.0614,2238.3556
49992,9009.9441,2278.6188
49993,8984.3657,2941.8252
49994,8985.2424,2415.6928
49995,8992.21,2395.8825
49996,8990.3813,2863.3437
49997,8993.7423,2135.2913
49998,9003.8324,2846.7612
49999,9012.0766,1966.341
50000,9006.7284,2170.4171
50001,9006.4494,2913.9022
50002,9020.5622,2706.5921
50003,9001.2125,2895.9223
50004,8991.6048,2928.5306
50005,9007.1112,2740.6443
50006,9019.2476,1937.6583
50007,8989.6648,1988.3909
50008,8981.1346,2876.8331
50009,8998.1348,2935.6824
50010,8991.9744,2143.0167
50011,8995.2857,1966.2691
50012,8995.1266,1889.4644
50013,9015.7779,2892.3664
50014,9009.7006,2407.7555
50015,8992.4713,2493.8305
50016,9001.3734,2825.0724
50017,8992.6064,1849.5586
50018,9010.6684,2004.18
50019,8987.552,2866.154
50020,9028.4607,2364.7003
50021,8988.6263,2654.5694
50022,8991.6292,2800.9778
50023,8989.0105,2325.9113
50024,8990.3304,2551.9454
50025,8985.7703,2032.1067
50026,9018.2473,2695.594
50027,9014.3221,1858.5567
50028,9016.3869,1889.1616
50029,9018.5954,2449.0632
50030,8994.3456,2405.4986
50031,8988.773,2415.728
50032,9030.2418,2949.3607
50033,9010.023,2790.1063
50034,9025.5257,2652.4613
50035,9003.4762,2710.0565
50036,9011.7741,1921.0727
50037,9025.2292,2844.078
50038,9017.6218,2156.6097
50039,9025.5541,2519.1998
50040,9005.0204,2415.784
50041,9002.2645,2813.8654
50042,9000.7628,2776.0599
50043,9034.112,2908.1016
50044,9017.9082,2517.7943
50045,9029.7368,2853.2828
50046,9018.0988,2808.2967
50047,9008.3253,2783.1926
50048,9001.0807,2365.5448
50049,8994.5084,2947.871
50050,9027.7864,2345.1208
50051,9028.5366,2324.7398
50052,9024.4568,2366.9241
50053,9026.0593,2286.4586
50054,9035.9796,2625.5795
50055,9015.2114,1874.6871
50056,9008.1016,2743.0567
50057,9010.5994,2778.5819
50058,9031.7016,2091.9039
50059,9039.9616,2292.7471
50060,9021.4566,2409.7494
50061,9003.3307,2205.5389
50062,9017.0803,2592.1092
50063,9002.7357,2469.9537
50064,9023.9807,1988.9748
50065,9004.6328,2680.7112
50066,9023.2937,2729.7692
50067,9039.8246,2794.558
50068,9010.7106,2644.477
50069,9043.4042,2667.7366
50070,9006.6621,2311.728
50071,9000.6274,2785.0864
50072,9001.7661,1919.3742
50073,9029.9658,2932.1267
50074,9039.5726,2760.8757
50075,9038.6535,2241.1964
50076,9034.0216,2841.8254
50077,9002.6105,2357.2628
50078,9028.1014,2273.5132
50079,9009.8285,2558.8973
50080,9038.3717,1857.2403
50081,9009.7886,2196.1168
50082,9011.0614,2091.7824
50083,9038.3116,2235.8877
50084,9034.3834,2578.2716
50085,9012.392,2214.7826
50086,9007.1946,2600.7366
50087,9016.6162,2002.1715
50088,9025.1819,2679.3488
50089,9022.7325,2395.7889
50090,9020.2492,2597.3344
50091,9016.8626,2103.061
50092,9015.215,2801.0621
50093,9016.3402,2765.8416
50094,9027.0899,2850.343
50095,9024.6892,2380.7428
50096,9016.2654,2240.1651
50097,9013.1818,2268.3813
50098,9023.8126,2553.9605
50099,9013.4186,2636.5245
50100,9029.4915,2455.4981
50101,9020.2536,2386.4023
50102,9024.5845,2419.426
50103,9043.9354,2885.2814
50104,9013.2775,2471.4598
50105,9027.1338,2233.8361
50106,9042.3363,1855.6101
50107,9034.2689,2622.7722
50108,9035.1847,2065.0406
50109,9055.9764,2566.8255
50110,9017.7225,2234.4762
50111,9041.1685,2528.9901
50112,9013.0953,2555.2435
50113,9054.0455,2267.6696
50114,9014.929,2950.935
50115,9043.1983,2935.8543
50116,9025.5381,2617.3449
50117,9042.5605,2949.167
50118,9016.6248,2382.2116
50119,9040.6783,2678.9527
50120,9024.7745,1986.2799
50121,9023.8086,2647.3843
50122,9046.2109,2705.6014
50123,9033.4239,2821.3569
50124,9053.0774,2267.3429
50125,9038.1352,2509.8797
50126,9043.7558,2603.2216
50127,9033.4824,2692.7578
50128,9019.9562,2461.3347
50129,9058.3735,1869.294
50130,9060.991,2845.0976
50131,9061.3585,2954.1351
50132,9027.4313,2414.2824
50133,9023.9601,2668.1415
50134,9040.2198,1918.7032
50135,9027.8761,1938.2977
50136,9046.0184,2625.0312
50137,9058.9567,2317.5026
50138,9038.1568,1866.3023
50139,9064.0566,2811.9952
50140,9022.72,1842.095
50141,9053.5118,2429.7158
50142,9025.5372,2756.0218
50143,9031.3097,2763.9077
50144,9056.0328,2207.3581
50145,9046.1189,2548.4598
50146,9064.2183,1880.0671
50147,9054.3599,2651.5788
50148,9065.934,2636.0315
50149,9041.4776,2333.7749
50150,9041.1464,2956.2328
50151,9057.0985,2555.049
50152,9026.2689,2630.4292
50153,9068.4641,2358.5266
50154,9036.3024,2883.5694
50155,9049.6653,2800.742
50156,9062.1798,2133.6519
50157,9068.6082,2180.2125
50158,9043.9424,2629.6227
50159,9061.2298,2142.5754
50160,9052.8809,2181.7061
50161,9055.8484,2427.2938
50162,9039.8669,1914.3077
50163,9069.8736,2426.5296
50164,9032.9488,2516.4119
50165,9042.8159,2745.3173
50166,9063.9441,2457.5531
50167,9070.3884,2885.5893
50168,9046.0599,2616.6901
50169,9062.891,2359.6495
50170,9056.8035,2496.6614
50171,9052.0161,2338.399
50172,9075.5547,2254.948
50173,9041.0864,2915.9559
50174,9045.8886,2813.1656
50175,9035.0666,2108.8775
50176,9044.7261,2553.7534
50177,9064.8907,2299.9125
50178,9075.6141,2432.1979
50179,9045.9875,2922.5009
50180,9052.0674,2684.1241
50181,9046.7408,2925.5205
50182,9071.3197,2731.5901
50183,9077.6447,2536.5009
50184,9043.9402,2804.013
50185,9046.3794,2347.0337
50186,9047.1193,2557.5569
50187,9063.795,2814.6671
50188,9048.2535,2866.0628
50189,9073.7652,2562.0273
50190,9069.9319,2774.9506
50191,9044.519,2627.2192
50192,9062.8228,2672.06
50193,9056.1065,2058.7094
50194,9066.972,2501.5988
50195,9064.3994,2417.812
50196,9070.6105,2761.6794
50197,9045.6822,2640.4168
50198,9039.6928,2436.2159
50199,9044.2502,2784.5336
50200,9045.6082,2958.1376
50201,9044.9789,2848.2204
50202,9067.262,1945.2514
50203,9049.0547,2585.6724
50204,9043.566,2963.4379
50205,9076.7794,2078.4715
50206,9040.6425,2121.3588
50207,9059.3289,2654.937
50208,9077.7664,2208.7902
50209,9067.4054,2440.9094
50210,9063.5389,2966.3231
50211,9084.9562,2524.0627
50212,9071.7409,2684.4972
50213,9070.9628,2870.2909
50214,9071.2331,2469.1566
50215,9073.4884,2853.3983
50216,9086.0299,2929.0673
50217,9048.5004,2779.1397
50218,9060.4477,2639.2834
50219,9052.4084,2747.4112
50220,9080.4346,2218.8238
50221,9075.673,2181.1975
50222,9046.5738,2610.5926
50223,9064.7127,2364.0287
50224,9066.9649,2667.9673
50225,9057.1536,2661.7938
50226,9069.8778,2576.5401
50227,9051.1479,2553.487
50228,9066.6368,2829.6835
50229,9063.4583,2453.5075
50230,9075.7102,2982.577
50231,9085.6025,2489.1809
50232,9091.5657,1868.0385
50233,9066.2096,2378.0218
50234,9081.6896,2828.3878
50235,9060.2546,2659.6919
50236,9066.557,2060.7414
50237,9053.9884,2914.3977
50238,9074.7511,2951.8907
50239,9050.6241,2526.8365
50240,9063.9118,2845.201
50241,9067.3978,2228.5264
50242,9080.4783,2852.5222
50243,9062.5021,2518.0763
50244,9061.3739,2262.5736
50245,9074.4206,2891.8138
50246,9083.4349,2277.6331
50247,9063.4283,2771.4081
50248,9081.4055,2509.3187
50249,9052.041,2276.1245
50250,9054.3621,2450.4927
50251,9065.2233,2449.465
50252,9061.1077,2388.6741
50253,9089.9433,2058.3469
50254,9073.0134,2541.3438
50255,9091.6596,2540.2048
50256,9077.4539,2829.8121
50257,9088.3015,2202.0275
50258,9080.0683,1908.3933
50259,9064.2721,2711.3767
50260,9078.5379,2731.6213
50261,9079.1677,2983.9282
50262,9081.2872,2718.96
50263,9097.8852,2435.7869
50264,9096.8323,2323.6315
50265,9068.8267,2943.9955
50266,9094.5625,2041.0963
50267,9062.4735,1870.1638
50268,9091.508,2984.9714
50269,9061.2584,2160.351
50270,9096.1645,2023.1722
50271,9074.2675,2625.3963
50272,9098.4066,2287.6305
50273,9101.3489,2119.1736
50274,9093.6525,2668.6284
50275,9073.3353,2818.4948
50276,9101.796,2492.9182
50277,9067.763,2922.8461
50278,9103.3929,1999.6146
50279,9102.7941,2533.458
50280,9062.9731,2544.1064
50281,9069.9689,2847.3554
50282,9085.6504,2466.6392
50283,9063.344,2842.4047
50284,9077.7806,1978.5182
50285,9099.6396,2012.7757
50286,9071.9273,2793.3607
50287,9063.4167,2390.0423
50288,9073.4824,2925.4288
50289,9102.8941,2319.0011
50290,9102.4437,2224.4276
50291,9101.8217,2893.8804
50292,9089.4326,2412.8858
50293,9101.9886,2662.5844
50294,9096.7079,2091.6502
50295,9081.0736,2711.089
50296,9067.3839,2459.1668
50297,9065.8638,2789.1045
50298,9070.8536,2283.0237
50299,9084.4409,2257.2282
50300,9099.9543,2885.0003
50301,9077.0061,2189.9621
50302,9090.6904,2873.4769
50303,9085.7103,2498.3357
50304,9069.4206,2015.7958
50305,9097.6022,2740.6205
50306,9091.5147,2601.4175
50307,9090.4273,2070.4205
50308,9065.091,2433.0046
50309,9077.3058,2186.7272
50310,9070.5496,2055.6561
50311,9076.5498,1856.0721
50312,9083.7991,2073.113
50313,9109.5547,2873.4243
50314,9108.8064,2734.5294
50315,9092.1176,1900.6389
50316,9083.8424,1937.3155
50317,9103.1088,2801.2232
50318,9111.357,2658.5062
50319,9075.5437,2064.823
50320,9069.4517,2805.5835
50321,9100.5329,2832.1352
50322,9070.6253,2442.7431
50323,9101.0126,2320.6856
50324,9084.6608,2947.079
50325,9078.9922,1846.6053
50326,9068.6487,2386.6386
50327,9112.053,2032.344
50328,9070.4676,2386.4671
50329,9071.4584,1958.403
50330,9107.562,2505.2619
50331,9080.6321,2557.7857
50332,9083.6989,1948.7832
50333,9114.4635,2667.2565
50334,9113.0916,1881.5652
50335,9094.1968,2758.5533
50336,9074.1447,2085.2684
50337,9082.652,2564.3933
50338,9089.9929,2475.556
50339,9079.5665,2758.8761
50340,9085.1224,2639.4874
50341,9114.3369,1938.6807
50342,9111.4733,1870.0362
50343,9086.5582,1996.7746
50344,9089.9283,2756.8705
50345,9074.4628,2803.2819
50346,9077.542,2503.9249
50347,9093.8918,2953.5541
50348,9079.4217,2970.2974
50349,9093.0233,2477.6047
50350,9109.7572,2648.5629
50351,9095.8948,2310.2327
50352,9074.2445,2746.2864
50353,9085.3152,2101.0418
50354,9118.2346,2888.774
50355,9082.5178,2599.0927
50356,9097.6186,2523.5831
50357,9117.9934,2601.3309
50358,9085.1565,2772.3031
50359,9113.0885,2340.1153
50360,9095.8825,2236.0233
50361,9078.8521,2349.4565
50362,9102.9584,2696.8424
50363,9115.7839,2964.7397
50364,9094.672,2091.0308
50365,9077.5494,1971.3137
50366,9088.1488,2628.9051
50367,9101.1205,2488.8485
50368,9086.4203,1911.8665
50369,9082.8956,2630.8795
50370,9100.1229,2871.8489
50371,9100.5615,2888.0153
50372,9097.8096,2579.3066
50373,9120.7622,2744.8715
50374,9121.586,2378.1012
50375,9118.6985,2499.7139
50376,9116.5786,2531.8597
50377,9093.8369,2363.2673
50378,9086.3972,1874.111
50379,9117.4607,2301.804
50380,9111.0994,2420.5082
50381,9087.3752,2427.9113
50382,9115.8374,2903.296
50383,9123.3092,1861.461
50384,9093.5165,2007.6258
50385,9092.0126,2969.4299
50386,9116.1511,2759.9936
50387,9113.7925,2246.9918
50388,9097.8063,2768.7129
50389,9092.1387,2042.0241
50390,9096.8346,2017.0434
50391,9106.8993,2911.8803
50392,9092.8765,2388.8571
50393,9081.2846,2135.371
50394,9082.3097,2711.7448
50395,9117.084,2995.2573
50396,9084.3978,2166.2402
50397,9098.8006,2902.643
50398,9105.1482,2856.9774
50399,9112.1445,2451.6236
50400,9081.2842,2533.4478
50401,9098.5106,2947.2562
50402,9123.5506,2725.231
50403,9095.4074,2939.5869
50404,9089.1695,2806.1246
50405,9112.3825,2933.7453
50406,9113.3429,2484.4507
50407,9092.5684,2972.0988
50408,9114.263,2302.1049
50409,9090.8906,2675.0135
50410,9100.8479,2489.6308
50411,9118.1326,2813.6404
50412,9100.2691,2773.2197
50413,9114.2357,2549.7251
50414,9111.7493,2870.2137
50415,9106.5427,2216.812
50416,9120.0695,2970.2001
50417,9116.7586,2159.3193
50418,9106.6739,2111.1418
50419,9085.1569,2164.5106
50420,9117.6594,2715.0165
50421,9110.4413,2837.9302
50422,9127.0598,2044.8352
50423,9105.6635,2077.9145
50424,9091.8488,2846.2587
50425,9119.2708,2067.1694
50426,9084.9969,2861.8756
50427,9085.9588,2933.7773
50428,9085.1634,2795.9149
50429,9094.8745,2085.5942
50430,9127.2791,1964.3067
50431,9101.7069,2621.2884
50432,9105.6836,2645.0234
50433,9119.6662,2687.1965
50434,9098.542,2215.6388
50435,9119.3994,2972.6357
50436,9122.8967,2488.0878
50437,9126.8772,2850.9218
50438,9125.0328,2373.0885
50439,9114.3801,2836.5941
50440,9117.9294,2477.1151
50441,9125.3037,1975.5832
50442,9123.4117,2737.0191
50443,9124.5454,2360.883
50444,9117.1831,2563.7422
50445,9118.7962,2951.3889
50446,9111.4692,2841.347
50447,9113.1185,2145.8309
50448,9107.4851,2517.6402
50449,9101.7832,2827.6344
50450,9114.5571,2804.9285
50451,9130.0369,2849.6774
50452,9108.6701,1924.5735
50453,9109.6251,2592.3528
50454,9105.5615,2659.8057
50455,9089.9036,2230.8541
50456,9096.6523,2761.6035
50457,9090.4753,2580.8736
50458,9102.1662,2978.0968
50459,9125.2548,2890.2501
50460,9118.6382,2621.4628
50461,9099.7239,2537.4058
50462,9130.245,2801.8492
50463,9095.2608,2262.4759
50464,9094.8251,2403.1719
50465,9094.8459,2975.444
50466,9127.1902,2796.5061
50467,9099.6614,2366.4195
50468,9093.5669,2047.9929
50469,9110.4747,2900.3202
50470,9095.7668,2802.209
50471,9094.4657,2377.2801
50472,9124.3503,2099.9911
50473,9122.6213,2420.2074
50474,9104.9836,2763.2217
50475,9112.2299,2357.9384
50476,9104.135,2167.5955
50477,9093.9653,2734.0523
50478,9106.8667,2118.4316
50479,9087.3704,2280.5788
50480,9095.9773,2408.7967
50481,9102.6847,2415.9168
50482,9107.3597,2813.6959
50483,9097.4128,2112.0152
50484,9109.5176,2384.8767
50485,9099.1629,2445.7997
50486,9119.2364,2917.5361
50487,9130.859,2720.4257
50488,9102.1768,2591.0214
50489,9131.6964,2988.983
50490,9096.6445,1901.6522
50491,9116.931,2956.1736
50492,9090.436,2418.2806
50493,9095.5838,2075.7317
50494,9113.9557,1919.4904
50495,9100.5456,2379.3771
50496,9095.6262,1998.8545
50497,9133.3332,2641.6628
50498,9095.3776,2945.1288
50499,9127.2983,2791.2896
50500,9130.7438,2929.5003
50501,9114.8989,2848.9912
50502,9099.6101,2631.953
50503,9098.3214,2442.0076
50504,9094.5944,2947.6015
50505,9122.8082,2564.3571
50506,9096.9065,2811.8981
50507,9090.8179,1871.4897
50508,9092.3692,2299.5753
50509,9092.4168,2424.4997
50510,9131.6646,2367.0774
50511,9122.3394,1853.1295
50512,9096.3357,2900.7425
50513,9125.6749,2048.8005
50514,9117.2924,2584.0306
50515,9108.0324,2873.3871
50516,9089.107,2340.2144
50517,9108.5406,2297.3647
50518,9118.047,2730.6918
50519,9098.271,2188.3093
50520,9111.6647,2187.0227
50521,9099.1463,2619.1364
50522,9092.7282,2470.8639
50523,9122.2994,2603.5957
50524,9115.6059,2202.1527
50525,9098.1723,2795.2528
50526,9126.2264,2563.5598
50527,9099.4822,1952.548
50528,9131.5158,2955.1152
50529,9128.9432,2196.351
50530,9118.5874,2714.804
50531,9129.9727,2637.8186
50532,9129.4265,1891.2519
50533,9098.4801,1963.2282
50534,9092.9746,2256.5809
50535,9121.5925,2713.3802
50536,9100.872,1954.2027
50537,9121.0801,2152.9856
50538,9089.2403,2924.2619
50539,9090.4681,2651.7722
50540,9098.3054,2229.3997
50541,9119.8334,2413.1056
50542,9107.1948,2607.7246
50543,9093.4726,2962.536
50544,9128.7141,2930.6616
50545,9101.9238,2418.11
50546,9092.4359,2494.0653
50547,9114.0463,2756.3431
50548,9133.0096,2414.7917
50549,9090.8645,2057.7298
50550,9126.5209,2683.0086
50551,9128.6999,2980.3639
50552,9121.8666,2341.0243
50553,9113.3876,2680.5503
50554,9115.4791,1961.9106
50555,9100.7067,2807.147
50556,9123.3419,2591.8326
50557,9133.3409,2436.0278
50558,9129.1419,1887.8178
50559,9119.0778,2337.7689
50560,9105.2733,2906.9208
50561,9131.6134,2919.4553
50562,9114.7835,2778.8167
50563,9120.804,2493.0342
50564,9105.8487,2883.0195
50565,9091.113,2167.766
50566,9107.1822,2456.1279
50567,9092.438,2950.6785
50568,9124.4708,2868.231
50569,9107.3854,2399.0239
50570,9088.1439,2931.473
50571,9101.3902,2826.2129
50572,9087.7557,1880.05
50573,9093.9428,2097.2807
50574,9093.9905,2653.4427
50575,9126.1227,1874.2884
50576,9091.479,2193.4507
50577,9107.9725,2453.5149
50578,9127.8835,2177.437
50579,9131.2712,2152.7607
50580,9107.1323,2912.1768
50581,9088.719,2579.4822
50582,9116.3349,2149.5471
50583,9127.7955,2640.8182
50584,9114.2808,2194.9541
50585,9118.8906,2688.769
50586,9121.0059,2436.7512
50587,9089.7489,2570.0915
50588,9089.0916,2847.213
50589,9125.3147,2786.4678
50590,9119.7796,2624.3122
50591,9124.9565,1980.243
50592,9098.073,1993.3388
50593,9127.5705,2758.4438
50594,9102.2337,2359.7111
50595,9126.1792,2455.0691
50596,9116.9898,1954.2962
50597,9095.4007,2201.548
50598,9087.5212,2471.9768
50599,9111.0308,2870.984
50600,9131.5261,2020.569
50601,9115.5564,2379.4641
50602,9110.8111,2683.7492
50603,9113.9215,2957.5442
50604,9124.9922,2224.9378
50605,9092.3921,1900.7346
50606,9120.0265,2236.0911
50607,9114.6959,2569.2717
50608,9124.8282,2913.5489
50609,9091.1825,2510.0016
50610,9093.7092,1967.1289
50611,9110.2703,2271.4257
50612,9126.3344,2540.4478
50613,9116.5276,2727.2119
50614,9104.6797,2238.9789
50615,9105.6832,2722.9538
50616,9103.9353,2852.7639
50617,9087.6981,2779.2497
50618,9113.2406,2778.75
50619,9124.5035,2992.9609
50620,9125.058,2342.1284
50621,9123.7424,1975.553
50622,9123.3145,2153.5568
50623,9091.8065,2253.096
50624,9103.9749,2771.6399
50625,9115.9621,2684.5318
50626,9117.8719,2970.6143
50627,9084.6367,2909.0037
50628,9091.4067,2605.1502
50629,9106.6924,1974.7782
50630,9088.998,2796.4512
50631,9086.7897,2260.402
50632,9128.2419,2994.3123
50633,9128.1639,2272.2774
50634,9099.5349,2409.1683
50635,9104.3617,2608.4046
50636,9127.4992,2756.7283
50637,9116.1034,2002.2065
50638,9105.4451,2361.6741
50639,9091.0508,2564.2203
50640,9118.0864,2626.1553
50641,9099.0837,2917.6658
50642,9110.2874,2754.7199
50643,9111.2755,2533.576
50644,9093.4105,2345.0449
50645,9106.3183,2215.6955
50646,9092.9172,2582.6829
50647,9127.0125,2144.0426
50648,9120.2295,2575.9953
50649,9093.6379,2661.2763
50650,9119.3515,2906.5131
50651,9124.5137,2472.4453
50652,9109.2048,1954.0959
50653,9099.8393,2446.0686
50654,9083.2797,2078.4357
50655,9087.5489,2613.2825
50656,9105.3257,2881.7965
50657,9126.486,2861.8245
50658,9114.1358,2294.5753
50659,9100.2123,1914.9517
50660,9109.0201,2617.4941
50661,9081.6635,2086.6678
50662,9084.5781,2553.0556
50663,9117.0085,2869.896
50664,9106.7372,2034.4083
50665,9085.2704,2145.347
50666,9098.5944,2672.9067
50667,9108.6417,2962.9628
50668,9124.0551,2551.5708
50669,9083.7263,2490.7507
50670,9094.5893,2087.0248
50671,9087.9908,2033.5024
50672,9108.2402,2455.2045
50673,9118.7575,2731.6392
50674,9098.5382,2898.3661
50675,9085.0544,2448.2475
50676,9110.2995,2093.9174
50677,9122.5349,2521.2455
50678,9093.7695,2141.835
50679,9115.014,2599.8512
50680,9106.1626,2651.8125
50681,9088.0859,2711.5382
50682,9107.8882,2697.1377
50683,9106.8693,2953.6539
50684,9115.562,2923.4705
50685,9094.6766,2435.7464
50686,9082.484,2511.2369
50687,9085.9375,2038.044
50688,9112.3519,2254.8923
50689,9089.2479,2360.0983
50690,9118.3678,2477.835
50691,9116.4438,1981.6385
50692,9083.679,2033.9861
50693,9097.4499,2763.154
50694,9095.235,2341.5844
50695,9119.0006,2113.271
50696,9080.9483,1873.9271
50697,9096.5685,1949.1962
50698,9120.9783,1906.8728
50699,9115.2807,2079.8994
50700,9090.0455,2835.5117
50701,9076.8633,2695.8604
50702,9085.2247,2366.7772
50703,9108.513,2919.7571
50704,9109.5182,2333.2046
50705,9091.0105,2637.8937
50706,9094.6834,2682.3351
50707,9096.0157,2155.5215
50708,9076.0129,2635.4248
50709,9076.7076,1907.7666
50710,9074.9593,2291.8405
50711,9078.6405,2941.1262
50712,9082.8896,2234.7809
50713,9118.2885,2230.2753
50714,9092.1538,1947.6918
50715,9079.9333,2495.3616
50716,9079.7859,2435.2732
50717,9079.8599,2453.521
50718,9102.7983,2563.8176
50719,9116.0024,2895.9617
50720,9092.5017,1949.4774
50721,9073.4693,2197.2788
50722,9094.4675,2486.7832
50723,9103.4482,2198.5825
50724,9087.1934,1899.5791
50725,9072.1894,2863.0431
50726,9109.7527,2183.4545
50727,9076.6913,2845.531
50728,9079.0848,2750.224
50729,9073.6535,2539.655
50730,9111.9475,2521.571
50731,9106.351,2300.3316
50732,9111.4732,2545.3552
50733,9111.6132,2351.7534
50734,9076.3027,2732.0596
50735,9088.8496,2615.9175
50736,9113.0548,2843.8741
50737,9093.7952,2559.4909
50738,9072.5581,2130.4587
50739,9079.8297,2974.435
50740,9101.3854,2077.4361
50741,9081.2923,2917.2439
50742,9111.6668,2955.6413
50743,9075.8937,2209.8263
50744,9069.5368,2233.3338
50745,9104.4497,2340.0995
50746,9094.9318,2504.282
50747,9103.882,2527.2125
50748,9095.537,2499.8248
50749,9100.709,2969.7123
50750,9105.2149,2883.737
50751,9082.822,2180.3287
50752,9099.8761,2337.4021
50753,9078.3696,2419.7955
50754,9072.229,2781.6164
50755,9070.9052,1862.2303
50756,9073.3676,2210.5086
50757,9081.6744,2475.5602
50758,9091.9002,2111.2407
50759,9097.4566,2689.0627
50760,9084.2696,2924.0424
50761,9090.9773,1956.5438
50762,9100.5918,2657.3913
50763,9090.2358,2594.1329
50764,9093.978,2600.0346
50765,9082.4883,2869.1121
50766,9081.2436,2662.2928
50767,9094.466,2091.853
50768,9069.7835,2934.7271
50769,9079.4897,2290.0994
50770,9082.4049,2364.7837
50771,9087.1912,2607.6732
50772,9082.8447,2189.1081
50773,9106.7067,2849.1706
50774,9089.599,1984.4752
50775,9100.7402,2666.6657
50776,9063.5584,1958.3449
50777,9062.2832,1939.2259
50778,9068.374,2108.2411
50779,9070.8684,2275.2585
50780,9101.6813,2661.614
50781,9082.694,2075.5163
50782,9064.2808,1968.0999
50783,9085.3217,2140.3528
50784,9079.3475,2255.7524
50785,9103.5071,2702.6896
50786,9101.3778,2296.2109
50787,9063.7236,2025.5472
50788,9071.7822,2732.9374
50789,9084.3818,1851.1558
50790,9078.2403,2960.1369
50791,9078.7288,2684.0159
50792,9066.7824,1846.4859
50793,9078.7059,1896.5148
50794,9080.0035,2022.8653
50795,9079.283,2869.028
50796,9087.945,2849.6103
50797,9061.7649,2107.4128
50798,9076.6286,2105.0319
50799,9067.1743,2822.5135
50800,9098.7952,2331.3284
50801,9061.7017,2579.0847
50802,9087.5025,2690.9342
50803,9082.2989,2878.4582
50804,9076.0906,2408.1874
50805,9058.7069,2664.5602
50806,9090.0071,2977.6312
50807,9083.6375,2961.4036
50808,9062.083,2438.9748
50809,9054.9287,2600.2995
50810,9092.2156,2948.8213
50811,9086.9341,2772.7201
50812,9080.3272,2651.1901
50813,9088.5511,2841.0482
50814,9069.2903,2092.9248
50815,9092.5541,1965.5419
50816,9056.5558,2376.7567
50817,9057.8669,2480.1867
50818,9083.3359,2383.0343
50819,9065.0355,2609.2179
50820,9067.785,2761.9519
50821,9080.0313,1926.8003
50822,9088.9759,2526.0246
50823,9073.6984,2721.6249
50824,9055.7926,2703.1296
50825,9052.7267,1854.741
50826,9064.0672,2398.9502
50827,9064.278,2527.1201
50828,9091.7885,2641.7086
50829,9063.0424,2215.3844
50830,9083.7635,2654.1884
50831,9057.9402,2095.7206
50832,9089.0305,2592.7054
50833,9065.2415,2700.1898
50834,9060.9993,1958.7368
50835,9063.9006,1919.6574
50836,9083.7578,2502.3855
50837,9087.877,2065.8904
50838,9071.0077,2911.3284
50839,9059.2291,2457.7328
50840,9069.5284,2597.8901
50841,9073.4447,2091.8277
50842,9068.7907,2186.9193
50843,9073.8012,2245.0747
50844,9072.1002,2056.5848
50845,9062.8029,2448.6333
50846,9074.4565,2666.2258
50847,9065.2203,2289.2503
50848,9052.7224,2233.5836
50849,9058.3178,1976.0814
50850,9082.5959,2768.4143
50851,9074.2802,2773.7394
50852,9059.7109,2719.4423
50853,9049.3755,2787.0411
50854,9043.9942,2879.7553
50855,9084.5131,2232.6302
50856,9067.4281,1879.8786
50857,9066.0914,2472.6216
50858,9052.6588,2034.2608
50859,9054.8512,2465.5542
50860,9072.4879,2037.6818
50861,9052.9748,2911.8906
50862,9078.388,2103.6189
50863,9040.4109,2070.4075
50864,9073.8399,2828.6627
50865,9046.7131,2106.063
50866,9056.2525,1971.7461
50867,9078.8725,2581.9302
50868,9062.1169,2323.7326
50869,9051.6395,2714.0968
50870,9041.4841,1842.2084
50871,9063.0627,2372.0777
50872,9065.1785,2734.4101
50873,9082.289,2891.9392
50874,9048.6436,2431.3559
50875,9061.1889,2733.9599
50876,9077.5978,2802.4712
50877,9058.9409,2381.9086
50878,9053.1966,2714.1339
50879,9070.8621,2926.2211
50880,9039.7138,2608.016
50881,9077.7978,2455.2023
50882,9067.8103,2568.2183
50883,9049.4576,2482.993
50884,9035.651,2206.4892
50885,9041.2859,2285.6354
50886,9034.1816,2626.8925
50887,9059.3471,2148.3585
50888,9045.1066,1853.9403
50889,9051.0632,2840.7721
50890,9057.7772,2888.6487
50891,9055.5434,2970.9111
50892,9043.1984,2517.0019
50893,9066.5248,2796.5176
50894,9067.2656,2389.4148
50895,9056.4067,2742.5093
50896,9035.4081,2444.3401
50897,9068.7224,2655.8623
50898,9060.0371,2125.9715
50899,9062.7254,2913.1031
50900,9039.1385,2069.6721
50901,9050.703,2321.7258
50902,9042.8797,2526.9727
50903,9063.878,1995.6663
50904,9062.7765,2088.7764
50905,9031.1206,2166.5512
50906,9032.6673,2236.0889
50907,9039.535,2807.2211
50908,9037.8646,2941.303
50909,9056.2707,2356.3555
50910,9065.2287,2456.1999
50911,9037.5473,2845.9852
50912,9029.2576,2575.9016
50913,9054.1868,1859.9382
50914,9025.049,1906.259
50915,9037.4199,2092.8081
50916,9048.0441,1840.6639
50917,9050.0486,2341.253
50918,9057.4385,2873.5091
50919,9038.508,2544.5998
50920,9067.0673,2061.3959
50921,9066.1136,2845.8912
50922,9058.8844,2675.571
50923,9030.0502,2729.7374
50924,9038.1548,2763.8204
50925,9040.4426,2447.3342
50926,9038.0938,2131.6932
50927,9029.1092,2120.2576
50928,9035.4692,2734.7341
50929,9049.2705,1853.8152
50930,9037.3659,2306.4054
50931,9056.1507,2322.1745
50932,9042.8663,2229.0837
50933,9062.0793,2947.8905
50934,9043.5066,2661.2412
50935,9036.6693,2453.6592
50936,9022.2338,2720.23
50937,9050.7665,2894.8799
50938,9057.588,2515.6606
50939,9021.745,2939.4631
50940,9035.147,1960.6951
50941,9050.6523,1967.5764
50942,9029.0013,2583.6601
50943,9041.0785,2591.1753
50944,9041.5131,2743.3534
50945,9043.5112,2537.5901
50946,9043.6594,2323.1139
50947,9032.6069,2223.3162
50948,9032.4312,2897.533
50949,9015.0136,2659.8066
50950,9028.5701,2169.2519
50951,9039.958,2277.6977
50952,9034.4617,2283.864
50953,9024.5955,2778.5081
50954,9038.3903,2009.5329
50955,9023.9794,1965.3446
50956,9031.1822,2258.4357
50957,9030.8796,1917.8099
50958,9032.0568,2247.4583
50959,9040.9994,2251.1268
50960,9017.3241,2899.9678
50961,9039.8394,2898.7791
50962,9023.0506,2861.9211
50963,9012.5582,2457.8318
50964,9050.1423,1841.2107
50965,9036.4459,2238.4089
50966,9037.055,2799.0015
50967,9020.0146,2193.7031
50968,9029.9492,1982.0784
50969,9041.2039,1979.7028
50970,9040.0875,2018.316
50971,9041.137,2708.2158
50972,9034.4437,2694.3439
50973,9024.8916,1889.8681
50974,9017.2427,2599.1426
50975,9035.4657,2429.7839
50976,9033.8368,2884.663
50977,9011.0147,2863.5311
50978,9042.0209,2615.4047
50979,9020.4915,2429.357
50980,9016.5356,2940.4123
50981,9040.9191,1872.7286
50982,9042.5338,1844.7042
50983,9035.097,2927.7824
50984,9013.6998,1870.3478
50985,9006.6882,2174.1494
50986,9027.1707,2223.211
50987,9023.1319,2773.3891
50988,9016.0232,2100.0699
50989,9008.1795,2038.7103
50990,9034.5921,2947.3634
50991,9008.1811,2617.5488
50992,9017.6328,1921.2617
50993,9001.1078,2365.6897
50994,9027.5924,2468.5056
50995,9010.0454,2656.229
50996,9028.3904,2812.2445
50997,9036.236,2190.7507
50998,9005.0076,2243.8672
50999,9029.3877,2015.735
51000,9034.9844,2143.7534
51001,9004.5327,2149.9273
51002,9015.9735,2764.0138
51003,9002.1507,2792.8512
51004,9000.8531,2328.5796
51005,9018.7352,2662.8363
51006,8995.5869,2235.3099
51007,9015.4983,2538.9984
51008,9002.0523,2556.8099
51009,9007.3715,2601.7639
51010,9026.1754,2485.1671
51011,9017.9724,2272.8123
51012,9007.9881,2209.1487
51013,9022.811,2164.2562
51014,9019.6738,2741.6226
51015,8994.0729,2164.3771
51016,9032.589,2721.5282
51017,9025.0246,2797.3336
51018,9002.1285,2465.0332
51019,9031.7223,2892.4928
51020,9019.4794,2131.7247
51021,9008.2059,2935.0713
51022,9025.7705,2573.1684
51023,9027.7284,2848.235
51024,9021.7718,2740.6677
51025,9027.0168,2239.7089
51026,9010.3776,2266.8847
51027,9024.7766,2378.6093
51028,9016.1782,2600.1881
51029,8986.6971,2220.1683
51030,9019.4069,1995.4347
51031,8988.5777,2537.309
51032,9019.654,2184.0626
51033,8990.9266,2613.6676
51034,8990.4871,2891.0555
51035,9026.5435,2509.7296
51036,8987.9833,1976.6003
51037,8998.7569,2931.8587
51038,9003.2632,2304.6436
51039,9002.7273,2497.9142
51040,8993.6752,2667.6272
51041,8997.627,2768.103
51042,8981.6827,2014.7371
51043,9009.8776,2552.4767
51044,9010.5521,2595.3438
51045,9018.9401,2432.6172
51046,8977.6334,2225.5214
51047,8985.3817,2754.4551
51048,9014.3419,2882.2405
51049,8991.7006,1984.2233
51050,9015.8924,2447.3813
51051,8981.7594,2264.5372
51052,8982.8964,2421.2298
51053,9018.9291,2317.7857
51054,8983.4443,2448.0602
51055,8988.5646,2479.0954
51056,8978.8346,2287.6436
51057,8987.1276,2794.6429
51058,8980.851,2187.5663
51059,8987.6837,2887.5743
51060,8975.7421,2002.9151
51061,8986.2441,2927.1464
51062,8992.7306,1834.5624
51063,8994.0419,2740.231
51064,8971.8782,2252.1242
51065,9005.094,2567.181
51066,8978.523,2755.0738
51067,9001.6884,2332.2083
51068,8970.9393,2173.5383
51069,8990.3337,2778.024
51070,8998.3637,2726.1834
51071,8976.69,2228.9873
51072,8970.2624,2087.9033
51073,8999.9095,2904.4631
51074,8967.9443,2359.8524
51075,8986.9215,2708.7403
51076,8984.425,2622.8076
51077,8968.4497,2164.1385
51078,8967.3523,2479.4564
51079,8997.938,1954.0209
51080,8988.9047,2291.3239
51081,8973.6948,2625.3035
51082,8982.9621,2907.4693
51083,8986.5981,2402.8221
51084,9005.0995,1968.1818
51085,8966.1281,2769.5504
51086,8978.6075,2881.8538
51087,8963.7076,2279.206
51088,8998.5808,2770.2895
51089,8981.7873,2335.2566
51090,8974.539,2901.3188
51091,8972.0504,2497.009
51092,8989.1626,2320.5542
51093,8978.0132,2757.6256
51094,8988.3709,2435.3526
51095,8975.879,2606.7183
51096,8961.1847,2536.4588
51097,8976.9963,2081.4829
51098,8987.3709,2700.4139
51099,8966.8899,2836.2611
51100,8996.1232,2452.1351
51101,8983.5972,2449.9634
51102,8989.0651,2062.4682
51103,8987.6595,2267.5026
51104,8995.3869,1861.4639
51105,8986.9616,1935.8266
51106,8976.6586,2013.5859
51107,8978.1968,1876.3603
51108,8959.3823,2456.1087
51109,8975.7387,2546.7248
51110,8960.9184,2133.7895
51111,8961.7537,2900.307
51112,8983.186,2506.7722
51113,8981.5145,2167.4709
51114,8967.6207,2285.8521
51115,8975.4259,2332.2191
51116,8985.5624,2568.7221
51117,8957.462,2502.5585
51118,8973.5129,2630.8747
51119,8953.0264,2736.4889
51120,8987.2323,2403.4733
51121,8989.668,1941.7642
51122,8949.0196,2157.64
51123,8953.3655,2857.8787
51124,8982.6364,1924.2557
51125,8978.0375,2823.4339
51126,8970.5775,2631.8445
51127,8957.4029,2346.3535
51128,8944.1281,2633.3836
51129,8956.0948,2790.8757
51130,8968.2143,2696.3062
51131,8970.0035,1969.1697
51132,8983.6871,2867.6433
51133,8958.1183,1918.8378
51134,8978.7831,1999.3209
51135,8979.5112,2374.5841
51136,8971.9922,2040.9793
51137,8946.844,2217.7982
51138,8962.7946,1890.0768
51139,8953.299,2901.8823
51140,8963.1633,1919.7053
51141,8945.203,1859.5251
51142,8970.7484,2538.1784
51143,8957.2711,2926.2338
51144,8943.1974,2470.1887
51145,8947.5867,2112.9843
51146,8971.3567,2145.6075
51147,8958.5261,2282.9957
51148,8942.1172,1962.5245
51149,8941.5849,2396.9713
51150,8933.154,2612.9766
51151,8944.3212,2063.4837
51152,8961.8192,2715.136
51153,8963.6237,1836.7394
51154,8954.6408,2169.5051
51155,8966.4297,2680.4681
51156,8968.4223,2296.8635
51157,8952.2234,2737.8546
51158,8932.3753,2301.2238
51159,8968.9283,2602.4617
51160,8942.9015,2378.1152
51161,8964.8684,2063.9472
51162,8954.2038,2797.2103
51163,8930.9282,2173.1752
51164,8962.203,1972.1161
51165,8927.8963,2746.0354
51166,8935.9835,2436.776
51167,8954.8323,2416.7076
51168,8955.7068,1821.5795
51169,8949.9893,2923.2896
51170,8938.1175,2915.586
51171,8949.5351,2653.6979
51172,8939.9334,2003.6644
51173,8929.8048,2293.353
51174,8946.2739,1943.412
51175,8933.4168,2845.4959
51176,8922.2552,2307.6295
51177,8932.914,2187.5747
51178,8954.6819,2940.8626
51179,8948.8726,2325.347
51180,8940.0781,2256.7197
51181,8941.6966,2393.9556
51182,8936.6558,2400.2559
51183,8959.0545,2692.5794
51184,8956.4923,2762.5954
51185,8946.1985,2486.4745
51186,8955.3884,2071.4087
51187,8930.0671,2639.8864
51188,8950.1305,2894.375
51189,8957.3555,2886.2272
51190,8924.1211,2080.5863
51191,8938.1586,2875.6044
51192,8936.0185,1972.9826
51193,8936.8779,2207.4537
51194,8947.3346,2046.9972
51195,8920.4843,2212.4588
51196,8942.4344,2833.2939
51197,8911.3022,2194.3034
51198,8916.3119,2136.3907
51199,8913.6888,2177.0698
51200,8949.3365,2057.8547
51201,8948.8383,2108.3764
51202,8939.7129,2567.4442
51203,8926.3024,2796.0419
51204,8911.2452,2620.6522
51205,8913.5405,2887.6659
51206,8920.3777,2188.7983
51207,8942.9801,2553.6818
51208,8906.1606,1808.8499
51209,8917.0898,1992.1799
51210,8906.7769,2734.5426
51211,8919.7825,2855.7794
51212,8929.6891,2718.2041
51213,8909.5813,2884.1575
51214,8942.2374,1992.1433
51215,8903.6963,2395.6409
51216,8932.6568,2869.9635
51217,8902.9307,2856.201
51218,8931.7132,2108.0107
51219,8903.0931,2546.8978
51220,8937.5223,1827.7035
51221,8930.7299,2618.7985
51222,8914.8423,1970.4657
51223,8939.7087,2790.2572
51224,8934.7679,2215.1299
51225,8925.3279,2761.6124
51226,8925.9208,2833.2699
51227,8934.637,2524.981
51228,8931.8674,2782.0934
51229,8935.4222,2387.067
51230,8930.7932,2728.7196
51231,8919.0153,2090.906
51232,8907.4787,2402.7662
51233,8910.8442,2702.8935
51234,8919.1588,2710.4304
51235,8924.8697,2414.4433
51236,8925.3092,1901.8758
51237,8902.9642,2402.3412
51238,8895.4619,1842.1511
51239,8929.9356,1905.1053
51240,8901.4339,1925.0403
51241,8909.8556,2025.0638
51242,8905.6609,2534.9583
51243,8916.0509,2898.5863
51244,8906.0177,2635.9892
51245,8923.6433,1900.4174
51246,8895.9927,2751.0512
51247,8901.2071,2095.2996
51248,8902.7382,2622.0373
51249,8885.9336,2173.0732
51250,8903.0508,2121.0695
51251,8886.4741,2862.2127
51252,8897.9681,2547.6296
51253,8917.9731,2509.7419
51254,8890.5732,2198.8426
51255,8913.1595,2797.804
51256,8899.196,2587.7776
51257,8915.6599,2692.5151
51258,8888.1321,2161.2874
51259,8907.6399,2729.5991
51260,8910.8923,2420.5212
51261,8893.5331,1857.9587
51262,8904.0487,2800.1715
51263,8893.5265,2578.2427
51264,8904.4244,2709.1132
51265,8892.3289,2775.2239
51266,8885.7447,2784.0625
51267,8878.4789,2720.269
51268,8895.4431,2562.1551
51269,8875.4131,2355.2419
51270,8898.5528,2111.3389
51271,8872.4165,2220.0983
51272,8884.3196,1931.8125
51273,8884.9714,2705.4045
51274,8906.5917,2683.5809
51275,8890.6782,2860.5088
51276,8871.3053,1921.3351
51277,8907.3695,2456.2175
51278,8911.5557,2560.3073
51279,8899.5075,2430.074
51280,8905.0931,2338.9936
51281,8876.7191,1965.6494
51282,8894.5431,1999.4533
51283,8908.1408,2469.1446
51284,8877.967,2818.9652
51285,8900.994,2683.3064
51286,8893.475,2374.2074
51287,8888.6183,2541.8301
51288,8886.9067,2167.2315
51289,8879.3508,2240.301
51290,8868.9753,2034.4783
51291,8882.4309,2783.7012
51292,8869.8796,2101.1245
51293,8869.2114,2547.6023
51294,8895.4131,2491.7422
51295,8860.3028,2884.8885
51296,8887.7661,2773.5503
51297,8861.9112,2844.4049
51298,8885.6934,2886.1048
51299,8885.1487,2271.6287
51300,8891.5719,2192.5681
51301,8893.1277,2611.3502
51302,8890.4106,1849.1644
51303,8856.114,2289.8146
51304,8894.3518,2357.3379
51305,8883.7621,2500.59
51306,8886.4541,2317.4961
51307,8895.902,2918.9771
51308,8854.4969,2368.1369
51309,8880.8883,2167.6196
51310,8855.6786,2614.3932
51311,8891.3664,2082.4209
51312,8889.2,2543.6574
51313,8881.254,2354.6511
51314,8881.4901,2642.788
51315,8871.747,2619.5411
51316,8848.9811,2523.2019
51317,8849.8709,2365.9504
51318,8871.7161,2866.3435
51319,8886.7067,2598.3305
51320,8853.0906,2685.7045
51321,8848.5727,1987.4761
51322,8849.802,2615.5655
51323,8867.0697,1925.7994
51324,8868.2075,2138.2762
51325,8874.9155,2359.5624
51326,8851.0628,2259.8325
51327,8855.6163,1995.5701
51328,8862.0553,2743.7676
51329,8856.9245,2397.8445
51330,8855.313,2703.6252
51331,8880.5123,2479.1761
51332,8862.7763,2508.9628
51333,8881.7578,2481.2963
51334,8880.0008,2097.7504
51335,8859.3861,2909.8702
51336,8857.1417,2830.0552
51337,8847.9988,1932.3844
51338,8877.8859,2599.5032
51339,8839.769,2238.5662
51340,8842.7106,2135.814
51341,8860.4898,2377.6306
51342,8836.4913,2496.1627
51343,8847.9547,2524.2401
51344,8862.2281,1867.1667
51345,8874.3538,2115.8045
51346,8843.4183,2040.1978
51347,8855.1149,2085.2285
51348,8855.1825,2054.4397
51349,8841.1928,1859.407
51350,8832.5549,2306.1317
51351,8843.2676,2615.9159
51352,8858.7394,2659.1969
51353,8868.7423,2366.5411
51354,8859.1306,2215.2265
51355,8839.6804,2241.7348
51356,8860.6771,2349.9984
51357,8836.4978,2136.4464
51358,8857.1478,2211.2155
51359,8863.9782,1879.5497
51360,8829.6938,1866.5861
51361,8853.5849,2138.3827
51362,8837.8355,2695.2454
51363,8833.0458,1910.6681
51364,8858.2476,2588.0074
51365,8823.7021,2022.8502
51366,8848.0774,2673.594
51367,8850.8535,2451.1347
51368,8832.5567,2098.9708
51369,8820.1748,2395.5889
51370,8818.4862,2551.7126
51371,8819.7204,2185.7475
51372,8824.2756,2893.1919
51373,8824.6169,1899.2002
51374,8816.831,2853.0826
51375,8822.678,2008.4433
51376,8858.4518,2192.8424
51377,8856.6748,1904.5225
51378,8826.7504,2591.3935
51379,8844.5766,2256.3362
51380,8832.2045,2516.8535
51381,8813.3492,2184.5481
51382,8852.8244,1953.1999
51383,8820.6058,2248.9292
51384,8810.6009,2564.451
51385,8822.1869,2669.2694
51386,8815.4762,2777.4231
51387,8848.9237,1798.7394
51388,8837.4984,2469.9419
51389,8844.8237,2197.8727
51390,8828.1095,2003.0419
51391,8835.0039,2534.5613
51392,8807.406,2198.0286
51393,8848.7568,1938.5528
51394,8807.7586,2228.1494
51395,8818.1198,2007.6618
51396,8846.0263,2855.0144
51397,8812.3458,1908.3686
51398,8828.4786,1904.6968
51399,8836.949,1862.6017
51400,8826.0701,2203.0761
51401,8840.8734,2497.5652
51402,8829.1211,1890.8494
51403,8820.6344,2884.9484
51404,8822.0759,2828.2285
51405,8838.1349,2348.6741
51406,8800.3038,2230.6939
51407,8797.4846,2639.0744
51408,8807.6462,2275.1756
51409,8834.1541,2840.023
51410,8815.2361,2423.7373
51411,8817.9953,2539.898
51412,8837.1534,1905.2167
51413,8815.8072,2102.489
51414,8802.8241,2644.8349
51415,8814.4869,1808.8113
51416,8829.4995,2426.3776
51417,8813.3497,2348.6448
51418,8795.5768,1972.9664
51419,8810.2657,2519.9725
51420,8829.87,1854.595
51421,8790.5101,1969.8612
51422,8827.217,2838.9557
51423,8801.9175,1863.2775
51424,8817.7305,2684.2254
51425,8796.6636,2617.3876
51426,8791.4847,2696.8089
51427,8789.1866,2623.9892
51428,8813.9685,2347.9072
51429,8785.9528,2268.3566
51430,8795.6135,2205.1512
51431,8785.9377,2488.2367
51432,8790.4418,2169.3368
51433,8782.6101,2161.1233
51434,8792.4042,1805.0466
51435,8805.1795,2558.5495
51436,8780.7433,2393.9612
51437,8782.5755,2343.1364
51438,8802.6132,2728.2209
51439,8805.8272,2755.4321
51440,8787.8012,2446.5574
51441,8782.2159,2419.1876
51442,8780.212,2313.2081
51443,8778.1532,2522.3862
51444,8799.4629,2887.2414
51445,8801.0252,1943.4066
51446,8801.3933,2821.0763
51447,8790.6337,2830.1886
51448,8783.6687,2404.0843
51449,8789.0265,2460.0248
51450,8796.3942,2044.5513
51451,8772.2838,2865.1254
51452,8782.6421,2523.2983
51453,8774.2664,2736.894
51454,8786.0567,1945.6417
51455,8802.772,2309.4396
51456,8796.6455,2061.725
51457,8770.4268,2081.558
51458,8784.9162,2331.1709
51459,8803.5413,2845.178
51460,8798.4417,1854.4095
51461,8768.6239,2266.603
51462,8803.8663,2333.4831
51463,8796.6863,2253.5387
51464,8797.3246,2119.1562
51465,8796.5513,2882.1593
51466,8800.025,2357.3888
51467,8774.5813,1982.6026
51468,8777.5463,2388.9737
51469,8784.6852,2768.6563
51470,8788.8396,2519.8036
51471,8800.7811,2177.9457
51472,8781.7399,2277.8445
51473,8771.0287,2632.63
51474,8764.8542,2402.1567
51475,8770.6633,2380.4498
51476,8758.4427,2660.3754
51477,8759.6046,2783.1863
51478,8776.3922,1860.5035
51479,8794.5484,2436.2108
51480,8782.2903,2806.5127
51481,8766.2653,2733.4078
51482,8784.3156,2669.114
51483,8794.9306,2339.7005
51484,8758.2938,2327.9875
51485,8790.7512,2065.5632
51486,8770.61,2394.5144
51487,8763.7222,2656.4066
51488,8776.9479,2869.0496
51489,8789.5536,2573.8881
51490,8777.0154,2669.1367
51491,8762.9357,2676.8684
51492,8756.9374,2284.7177
51493,8789.3657,1953.8007
51494,8784.4311,1915.877
51495,8787.4785,2638.7368
51496,8773.1134,2429.463
51497,8773.8147,2349.1522
51498,8775.0019,1805.7919
51499,8745.5289,1862.5364
51500,8751.3706,2552.7532
51501,8768.5488,2179.2942
51502,8757.3574,2594.41
51503,8748.2461,2518.3394
51504,8776.6918,1850.8377
51505,8756.5323,2753.1746
51506,8739.1386,2011.3453
51507,8749.8465,2575.3072
51508,8770.0291,2422.313
51509,8738.9924,2561.2318
51510,8749.8884,2365.3894
51511,8752.6616,2291.691
51512,8760.6866,1997.2563
51513,8747.3888,2406.7611
51514,8772.7417,1945.9696
51515,8770.8318,2882.3154
51516,8761.6685,2128.1909
51517,8757.8617,1953.6328
51518,8731.2726,1946.0543
51519,8766.6313,2809.6876
51520,8747.1156,2517.5579
51521,8755.3226,2727.918
51522,8739.4661,2134.8314
51523,8769.7181,2463.1944
51524,8743.6706,2579.4352
51525,8746.7184,2057.7516
51526,8753.1786,2678.0422
51527,8735.8887,2294.0358
51528,8732.1901,1814.4377
51529,8760.6806,2809.1274
51530,8749.4059,2830.377
51531,8732.0852,1933.9263
51532,8754.4985,1997.886
51533,8723.62,2759.5489
51534,8739.3223,2849.6567
51535,8727.9051,1957.4892
51536,8745.7866,2090.5338
51537,8719.4212,2100.7251
51538,8734.0021,2377.4246
51539,8739.2026,1879.6864
51540,8740.6372,2815.3742
51541,8759.6727,2414.741
51542,8718.7135,2490.9895
51543,8735.0953,2640.3148
51544,8754.933,2794.1827
51545,8731.4789,2281.9409
51546,8735.2299,2374.7455
51547,8745.9299,2524.3293
51548,8747.2675,2386.8555
51549,8745.0333,2545.9195
51550,8727.439,2820.155
51551,8721.6272,1804.3978
51552,8728.7571,1917.1267
51553,8734.0864,1883.4714
51554,8752.0728,1996.9716
51555,8732.2426,2532.8412
51556,8732.2888,2672.6389
51557,8731.932,2746.8619
51558,8736.5658,2844.6637
51559,8726.2706,2653.42
51560,8725.2189,2665.6572
51561,8736.6767,2797.8049
51562,8741.1836,2764.4733
51563,8729.8393,2692.8169
51564,8731.4849,1803.4632
51565,8720.9601,2109.3957
51566,8701.7044,2398.0914
51567,8726.874,2123.0462
51568,8724.9933,2273.0151
51569,8732.3637,2371.1654
51570,8708.9147,2669.5158
51571,8705.4597,2300.3185
51572,8706.581,1989.9464
51573,8701.9125,2758.8975
51574,8721.1718,2795.0491
51575,8698.7752,2668.547
51576,8718.2161,2430.105
51577,8699.4932,2661.2911
51578,8706.1115,2164.8214
51579,8735.6361,2822.7525
51580,8724.3767,2649.4165
51581,8729.799,2507.7787
51582,8712.7162,2542.3441
51583,8693.359,2445.2478
51584,8712.5375,2076.8789
51585,8728.0122,2011.9486
51586,8704.6672,2445.5614
51587,8699.3677,2473.9939
51588,8701.6484,2763.557
51589,8711.4558,2486.0654
51590,8691.6774,2238.7665
51591,8689.7404,2783.3657
51592,8688.4882,2285.8517
51593,8694.9719,2142.0303
51594,8692.7347,2385.771
51595,8717.9109,1854.6038
51596,8694.0753,1866.2767
51597,8717.0865,2096.9002
51598,8694.5286,1885.6351
51599,8707.8795,2310.8951
51600,8707.8572,2141.0452
51601,8703.8754,2658.9469
51602,8686.894,1814.4753
51603,8704.7847,2115.4556
51604,8693.5619,1934.7831
51605,8682.7384,2292.2854
51606,8700.6443,2359.3964
51607,8709.3118,2742.1309
51608,8694.5492,2686.7924
51609,8704.2031,2752.1046
51610,8681.377,2707.2739
51611,8687.8722,1787.6378
51612,8701.559,1967.2269
51613,8693.3301,2742.8857
51614,8701.0237,2428.7535
51615,8689.5496,1893.1359
51616,8690.4139,2139.1647
51617,8693.6016,2321.5157
51618,8684.4987,2753.8949
51619,8706.0785,2171.3442
51620,8687.4017,2050.8836
51621,8709.9703,2630.8618
51622,8687.8303,2170.6414
51623,8706.0114,2749.6524
51624,8701.9949,2099.7372
51625,8687.3038,1911.8577
51626,8665.0039,2124.0935
51627,8689.6989,2177.387
51628,8686.7943,2665.6374
51629,8678.7065,2844.9543
51630,8695.4493,1807.1958
51631,8672.0686,2297.2022
51632,8683.1537,2539.4809
51633,8695.8515,2297.461
51634,8688.5938,2737.7933
51635,8668.7354,1764.8436
51636,8692.7194,2187.5058
51637,8689.9116,1782.9701
51638,8673.3214,2460.7954
51639,8676.677,2667.5103
51640,8660.7218,1947.2089
51641,8655.2146,2765.0055
51642,8657.5361,2260.7674
51643,8662.2953,2570.134
51644,8671.6208,2145.7001
51645,8665.9566,2633.5965
51646,8667.0549,1792.4098
51647,8678.0336,2655.5294
51648,8671.6785,2059.9064
51649,8685.2441,2815.8615
51650,8685.6654,2126.3912
51651,8689.5314,2511.8825
51652,8680.8523,1975.5611
51653,8661.8583,2196.9793
51654,8673.363,2276.0429
51655,8651.3225,2648.235
51656,8660.4078,2316.5968
51657,8677.7935,2374.5641
51658,8665.2716,2832.455
51659,8670.8614,2221.407
51660,8663.2792,1818.1546
51661,8662.972,2552.4014
51662,8681.0629,2537.222
51663,8682.0525,2297.7935
51664,8662.2471,2248.8497
51665,8658.4111,2085.6303
51666,8642.3616,2072.5127
51667,8681.4094,2781.7792
51668,8644.2295,1763.3844
51669,8680.271,2718.8922
51670,8660.1983,2442.7142
51671,8653.5909,2632.8762
51672,8653.6241,2046.6328
51673,8651.8773,1945.0185
51674,8640.9679,2631.7803
51675,8653.3932,2682.3241
51676,8646.4632,2698.5086
51677,8669.5816,2578.1961
51678,8667.052,2159.1323
51679,8655.5925,1762.366
51680,8658.922,2085.4198
51681,8641.9963,2320.2819
51682,8644.5345,2759.8096
51683,8665.8389,1920.1625
51684,8636.9618,2544.9505
51685,8668.9098,2119.1804
51686,8658.0431,2666.0335
51687,8633.1655,2035.6144
51688,8664.1407,1825.9728
51689,8652.3753,1903.7157
51690,8663.8255,1826.9165
51691,8640.6876,2497.7348
51692,8627.368,1824.556
51693,8659.2376,2253.8507
51694,8634.9394,2303.6794
51695,8660.6463,2610.7079
51696,8651.3935,2160.897
51697,8648.9289,2485.8007
51698,8620.6734,2353.9138
51699,8638.8055,1897.8848
51700,8657.8667,2245.1928
51701,8621.855,2060.2395
51702,8632.031,2327.544
51703,8617.3166,2424.9926
51704,8636.8446,2089.9837
51705,8627.0789,2268.8645
51706,8618.2452,1783.7897
51707,8631.1338,2562.5975
51708,8649.9665,2823.5059
51709,8630.8275,1819.4842
51710,8623.7455,2093.5739
51711,8632.6657,2345.8321
51712,8639.3637,2797.986
51713,8618.4056,2072.4455
51714,8650.5811,2428.3602
51715,8627.3791,2407.2862
51716,8641.9878,2431.6459
51717,8621.0939,2311.321
51718,8621.9316,2663.6488
51719,8647.0673,2645.8805
51720,8638.8277,1943.4204
51721,8637.6197,1756.7072
51722,8624.4333,2163.5882
51723,8622.6735,1752.1001
51724,8606.2425,2344.4164
51725,8622.6839,2719.9238
51726,8627.5638,2064.1862
51727,8617.0292,2307.4404
51728,8631.2671,2070.9954
51729,8611.6612,2245.8154
51730,8605.1011,2096.7624
51731,8626.5959,2633.4804
51732,8603.3675,2735.9278
51733,8636.657,1922.8667
51734,8629.5036,1986.6805
51735,8636.0277,2232.5717
51736,8615.1781,1996.0764
51737,8608.4408,2481.8026
51738,8632.3891,2699.7378
51739,8636.2604,2549.6829
51740,8614.3803,1821.0445
51741,8613.7317,2557.9735
51742,8620.7558,2098.5178
51743,8631.2599,2600.9568
51744,8595.1319,2700.3351
51745,8592.9386,2249.209
51746,8606.4413,2332.0897
51747,8613.1199,1914.6839
51748,8605.3437,2011.24
51749,8603.7083,2791.5549
51750,8602.6126,2129.6577
51751,8619.9532,2171.2593
51752,8611.2515,1862.1758
51753,8594.3389,2359.8953
51754,8603.5394,1870.182
51755,8618.0813,2134.5614
51756,8608.5578,2261.0407
51757,8598.5661,2786.5473
51758,8612.0897,1888.2125
51759,8585.0169,2173.5009
51760,8598.4002,2525.967
51761,8601.5347,2050.3577
51762,8618.2211,2234.3917
51763,8591.1476,2586.4995
51764,8599.5944,2269.503
51765,8618.6829,2516.1571
51766,8608.0987,2312.0029
51767,8586.4951,2687.0212
51768,8599.3412,2523.5866
51769,8603.0192,1895.25
51770,8578.5729,2394.3001
51771,8596.3687,2533.3382
51772,8616.6799,2027.2446
51773,8605.0077,2020.164
51774,8591.0723,2076.5022
51775,8596.4746,2357.6512
51776,8582.7829,2411.6476
51777,8607.1194,1978.0047
51778,8607.4151,1970.8411
51779,8592.4547,2349.6392
51780,8609.2817,2483.5826
51781,8574.0913,1868.6252
51782,8587.4191,2313.9645
51783,8576.6081,2576.7373
51784,8605.9113,2339.4052
51785,8603.6096,2752.0868
51786,8606.6733,2551.651
51787,8583.8533,2671.0833
51788,8570.4423,2778.4129
51789,8592.3156,2392.7826
51790,8604.096,2332.1049
51791,8573.7641,2661.3346
51792,8569.6592,1833.2555
51793,8580.3169,2703.9556
51794,8581.0621,2711.1914
51795,8602.348,2301.656
51796,8584.5322,2215.2071
51797,8599.3617,1868.5704
51798,8596.9524,2603.9125
51799,8588.2703,2028.0129
51800,8590.2486,2073.8056
51801,8594.8105,1899.1562
51802,8580.9063,2257.8349
51803,8570.1097,2394.5867
51804,8567.4023,2537.514
51805,8557.1019,2563.8125
51806,8556.2294,2543.5371
51807,8592.046,2561.6386
51808,8579.3717,2375.5083
51809,8592.3688,2740.5928
51810,8556.7213,2733.5264
51811,8573.5645,1937.5549
51812,8575.8422,2362.2549
51813,8570.2173,2558.6961
51814,8564.8581,2134.9371
51815,8551.3386,2291.9649
51816,8571.0632,2525.4922
51817,8555.2578,2358.5281
51818,8559.9786,1985.6043
51819,8571.7613,1791.2045
51820,8576.7303,2150.5313
51821,8586.3261,2140.346
51822,8547.1612,2493.679
51823,8563.5285,2570.9483
51824,8567.8625,2428.6695
51825,8549.6773,2530.5113
51826,8559.223,2439.8827
51827,8548.9533,2217.6968
51828,8577.1532,2548.2108
51829,8560.6959,2572.1791
51830,8565.5078,2204.4015
51831,8566.2709,1996.9062
51832,8549.1468,2500.9588
51833,8561.0621,2384.4601
51834,8539.9908,2794.5007
51835,8547.9176,2631.5839
51836,8553.196,2556.5812
51837,8555.784,2076.7001
51838,8561.456,2600.5127
51839,8539.3882,2483.0557
51840,8541.4162,2313.957
51841,8553.7018,2591.1636
51842,8544.7397,1801.9811
51843,8568.1843,2535.8825
51844,8535.6637,2696.486
51845,8533.685,2103.1841
51846,8572.5663,2753.353
51847,8552.4291,2055.509
51848,8567.5826,2082.5492
51849,8568.0109,2684.9285
51850,8535.2154,2213.954
51851,8565.5848,2592.0816
51852,8534.8931,2608.7599
51853,8527.0284,2188.5134
51854,8558.6072,2661.8714
51855,8534.3053,2278.9123
51856,8567.0358,2242.5334
51857,8539.3371,2008.897
51858,8550.8254,1931.0594
51859,8551.1332,2640.3814
51860,8558.9975,1977.1004
51861,8561.7161,2698.1218
51862,8544.6447,2497.6172
51863,8553.878,1763.6497
51864,8521.8545,2368.814
51865,8529.2755,2403.9195
51866,8560.2943,2598.6895
51867,8522.8333,2116.6804
51868,8523.166,2577.0484
51869,8531.9301,1955.0569
51870,8548.3053,2262.9111
51871,8517.6904,2565.4205
51872,8557.0806,2461.4633
51873,8522.2194,1956.7239
51874,8551.5637,2638.0219
51875,8550.6342,2471.1813
51876,8538.8399,1914.0353
51877,8542.6156,2744.0012
51878,8538.2661,1960.4045
51879,8517.1213,1804.9612
51880,8547.9285,1935.2305
51881,8511.9404,2458.8935
51882,8513.3395,2734.7908
51883,8516.5659,2361.0097
51884,8546.3124,2151.7554
51885,8510.9632,2461.367
51886,8531.1952,2757.3012
51887,8537.611,2441.0324
51888,8534.6419,2728.5163
51889,8539.2521,2219.3366
51890,8526.4364,1763.2268
51891,8527.9001,2067.883
51892,8508.4843,2452.2031
51893,8531.315,1810.0754
51894,8510.21,2517.8835
51895,8542.951,2373.684
51896,8543.2652,2461.3837
51897,8536.2161,2598.6679
51898,8520.6397,2777.7181
51899,8502.9139,2216.8041
51900,8521.2784,2515.5475
51901,8512.3736,2026.5019
51902,8503.0718,2619.3727
51903,8531.0963,2514.2966
51904,8519.9115,2721.89
51905,8516.5461,2717.6454
51906,8534.7571,2508.9643
51907,8518.7842,2401.7792
51908,8535.6171,1992.5349
51909,8518.7315,2558.2067
51910,8531.8694,1907.5494
51911,8515.7222,2210.5564
51912,8525.5646,2178.4357
51913,8504.4299,2033.264
51914,8494.0514,2053.1277
51915,8504.4497,2761.0065
51916,8513.1525,2483.975
51917,8504.1231,2717.953
51918,8503.0445,2706.5282
51919,8495.9168,2022.3192
51920,8524.3161,2122.3587
51921,8488.9588,2768.6196
51922,8518.4675,2775.0004
51923,8520.4418,2182.4088
51924,8495.2681,2717.0239
51925,8505.4714,2248.666
51926,8494.058,2624.9672
51927,8513.5549,1870.3009
51928,8512.0308,2150.5592
51929,8520.7054,2316.1411
51930,8518.1959,2487.1281
51931,8503.579,2092.0311
51932,8521.5355,1761.8007
51933,8503.4017,2443.3974
51934,8483.1967,2612.9968
51935,8505.8315,2553.3597
51936,8498.8351,2546.4107
51937,8486.8699,1975.3796
51938,8518.381,2433.1797
51939,8497.0464,1794.2649
51940,8504.5951,2514.7224
51941,8513.221,2722.44
51942,8506.1071,2363.3605
51943,8512.8507,2166.5196
51944,8479.5732,2205.151
51945,8495.5019,2515.1529
51946,8485.5733,2763.2481
51947,8475.8274,2038.2781
51948,8483.7134,2343.4613
51949,8475.1484,2593.2595
51950,8475.2276,2648.9061
51951,8481.1957,2519.5578
51952,8496.0651,2331.6352
51953,8479.8846,1990.1572
51954,8508.4127,2570.128
51955,8485.1304,1895.8544
51956,8498.4662,2402.411
51957,8493.4284,2305.4131
51958,8480.3577,2169.2636
51959,8490.989,2611.2054
51960,8479.296,2771.6389
51961,8492.453,2145.318
51962,8490.302,2286.2448
51963,8496.7705,2041.9467
51964,8478.1088,2636.523
51965,8473.4283,1849.8025
51966,8485.2916,2053.9414
51967,8466.3977,2161.5126
51968,8473.1188,2331.0714
51969,8469.7094,2768.1896
51970,8479.7043,2157.9234
51971,8501.8825,2063.3788
51972,8482.2819,2001.5927
51973,8492.3244,2354.7761
51974,8466.978,2648.3959
51975,8481.0138,2679.9408
51976,8483.8975,2395.3664
51977,8481.6816,1859.0251
51978,8475.7419,2004.6279
51979,8475.7047,2220.0081
51980,8474.9583,2381.6997
51981,8496.5726,2563.5575
51982,8489.531,2664.5485
51983,8469.2922,1789.1829
51984,8480.6711,2544.127
51985,8464.0911,2139.3263
51986,8481.6862,2376.6977
51987,8482.371,1989.3942
51988,8470.3713,2046.4089
51989,8482.7205,2295.5978
51990,8453.8537,2288.3766
51991,8451.6753,2173.6891
51992,8476.3662,2497.7747
51993,8490.4444,2161.62
51994,8484.1806,2582.9849
51995,8458.0281,2415.6798
51996,8479.0558,2747.1181
51997,8466.5869,2252.852
51998,8484.3578,2274.6767
51999,8451.1414,1798.2162
52000,8447.5704,2265.4347
52001,8447.5216,2214.7924
52002,8446.1392,2582.6998
52003,8459.4704,2662.1078
52004,8463.2221,2451.3303
52005,8466.7841,2729.1739
52006,8457.0731,2059.8805
52007,8462.7546,2359.6078
52008,8451.634,2729.8776
52009,8468.2946,2733.6812
52010,8471.4437,1995.464
52011,8461.8436,1740.0345
52012,8453.5158,2725.1747
52013,8452.3318,2707.3017
52014,8464.0881,2442.4377
52015,8471.6736,2740.7826
52016,8469.7999,2046.4082
52017,8454.0813,2146.2677
52018,8456.3379,2160.7851
52019,8467.633,2662.8872
52020,8473.2196,2260.7684
52021,8448.9472,2635.2894
52022,8437.6121,2511.8618
52023,8452.9725,2086.3063
52024,8439.1326,1849.4631
52025,8444.0771,2132.3916
52026,8448.2694,1983.1616
52027,8438.7612,2433.3784
52028,8469.7055,2486.771
52029,8441.4145,1975.5542
52030,8459.2644,1768.5612
52031,8470.9938,2371.0558
52032,8443.9447,1828.7219
52033,8447.6367,2356.7761
52034,8442.5148,2472.7891
52035,8456.8053,2154.4179
52036,8462.1019,2311.4729
52037,8436.1375,2525.0404
52038,8448.7598,2376.7679
52039,8447.6695,2682.436
52040,8466.924,2709.5866
52041,8451.631,1738.6727
52042,8428.8311,2219.7642
52043,8446.1748,2151.528
52044,8431.0746,2574.0679
52045,8456.2116,2470.3738
52046,8424.4035,2054.6699
52047,8439.1749,2278.9792
52048,8438.77,2172.7056
52049,8430.4808,2631.2705
52050,8453.1896,2213.7355
52051,8422.7691,2391.8589
52052,8458.8028,2362.0904
52053,8442.5305,2313.9276
52054,8439.4447,2504.7837
52055,8449.1228,1813.0472
52056,8438.1922,2208.6765
52057,8433.7644,2085.4676
52058,8420.9225,2307.2562
52059,8442.4306,1852.6817
52060,8448.6564,2149.8526
52061,8415.8909,2473.6323
52062,8441.6912,2687.4558
52063,8430.6333,2533.0418
52064,8435.1741,1815.0842
52065,8437.5272,2079.8195
52066,8437.6937,1818.5747
52067,8435.0086,1976.1234
52068,8428.8515,2556.414
52069,8451.0719,2436.4775
52070,8429.0452,2697.4087
52071,8409.8798,2044.0945
52072,8409.3,2630.0511
52073,8443.5065,2508.368
52074,8439.7893,2135.3628
52075,8446.7075,1912.0736
52076,8408.9712,2492.3111
52077,8445.3642,1740.9183
52078,8436.3101,2665.6794
52079,8416.0306,2197.5904
52080,8408.702,2620.7287
52081,8439.0263,2283.8599
52082,8434.6359,2713.2105
52083,8404.3617,2584.878
52084,8411.8977,2722.7999
52085,8424.2596,2031.4722
52086,8420.6978,1988.3512
52087,8425.2028,2702.646
52088,8434.299,2516.0687
52089,8415.9214,2453.9694
52090,8401.6171,1884.8816
52091,8406.8948,2164.9065
52092,8418.7885,2532.2187
52093,8414.9267,1737.4793
52094,8416.6682,2604.6145
52095,8412.252,2235.2431
52096,8421.9945,1789.9541
52097,8422.2558,2370.5891
52098,8419.5672,2034.1213
52099,8397.7166,2306.2927
52100,8407.3379,2470.3057
52101,8397.1996,2382.1635
52102,8431.4562,2512.9575
52103,8406.7494,1814.0479
52104,8431.9067,2494.0875
52105,8396.8453,2699.2903
52106,8414.5785,2764.8195
52107,8403.8033,2318.5591
52108,8421.8974,2613.7659
52109,8408.271,2249.9835
52110,8403.149,2434.94
52111,8396.9345,2175.6036
52112,8396.1453,2667.5279
52113,8422.8635,1875.5006
52114,8409.4581,2185.1999
52115,8422.9887,2701.2986
52116,8420.0803,2714.64
52117,8396.5432,2583.3994
52118,8410.5868,2136.8202
52119,8407.7614,1918.6263
52120,8403.0752,2613.1544
52121,8421.3757,1836.9417
52122,8385.8354,2131.1379
52123,8394.9163,2230.4948
52124,8387.5425,2709.9277
52125,8390.8649,2742.8149
52126,8405.3832,1842.4839
52127,8394.531,2570.5175
52128,8392.9432,1889.5321
52129,8393.1916,2597.2902
52130,8419.9394,2354.1734
52131,8382.5584,2489.9111
52132,8387.936,2591.2364
52133,8411.7569,2044.2914
52134,8397.3684,2165.5156
52135,8404.1177,2552.4508
52136,8395.1264,2208.9815
52137,8410.3881,2210.6363
52138,8398.6064,1794.7312
52139,8380.174,2373.0424
52140,8396.1047,2514.1144
52141,8403.0374,2470.8098
52142,8403.7382,1829.6768
52143,8390.3482,1823.7068
52144,8411.7486,2549.842
52145,8392.2574,2428.4912
52146,8375.0767,2170.0924
52147,8395.4321,2474.355
52148,8385.8673,1823.3877
52149,8398.4371,1952.9633
52150,8376.4825,2174.3796
52151,8406.4834,2205.1594
52152,8410.6289,2619.1714
52153,8413.2888,2729.8367
52154,8388.9498,2459.2082
52155,8406.1951,2421.9089
52156,8401.3441,2676.3712
52157,8370.4235,1887.262
52158,8402.2404,2504.9819
52159,8406.1231,2105.7979
52160,8382.2588,2581.6543
52161,8395.6332,2204.2323
52162,8393.0451,2302.0342
52163,8390.2359,2701.4743
52164,8405.0349,2506.9496
52165,8373.3705,2068.6207
52166,8405.1128,2598.1858
52167,8400.1763,2074.7747
52168,8406.8908,2583.0776
52169,8374.7863,2257.2043
52170,8383.4602,2140.1455
52171,8364.5611,2187.4352
52172,8393.5104,2314.8785
52173,8369.4868,2179.9513
52174,8378.3065,2262.178
52175,8398.3994,1908.24
52176,8385.6658,2453.7103
52177,8381.1853,2181.596
52178,8381.7932,2129.1251
52179,8387.3933,2611.0946
52180,8387.0307,2057.2043
52181,8390.1422,1900.6651
52182,8379.1702,2138.0637
52183,8382.7042,2297.5071
52184,8378.1717,2313.0793
52185,8379.2501,1723.7242
52186,8390.3609,1744.8792
52187,8370.9889,1793.932
52188,8396.5347,2334.9479
52189,8364.4052,2616.2134
52190,8374.6165,2497.1037
52191,8396.3194,1737.5983
52192,8367.3021,2548.615
52193,8364.4965,2465.6098
52194,8362.8159,1815.0456
52195,8369.92,1870.5438
52196,8381.8229,2400.6432
52197,8370.5357,2335.4148
52198,8374.072,2470.8077
52199,8389.9919,1951.1888
52200,8354.4049,2411.6419
52201,8370.2565,2579.0022
52202,8356.3279,2699.1251
52203,8381.3268,2106.0981
52204,8354.0141,2348.0514
52205,8353.7145,2036.0609
52206,8368.0648,2045.4275
52207,8362.4171,2527.7726
52208,8379.26,1985.5098
52209,8369.1405,1721.2707
52210,8375.3409,2099.0552
52211,8354.3766,2397.163
52212,8384.2432,2282.1208
52213,8377.542,2224.7647
52214,8381.0733,2352.3292
52215,8379.6502,2225.3758
52216,8346.3823,2355.0913
52217,8369.8489,2369.8026
52218,8353.9653,2106.3949
52219,8378.71,2427.6204
52220,8377.8818,2349.2542
52221,8354.1078,2268.3919
52222,8354.5951,2608.1233
52223,8382.7896,2104.0726
52224,8348.0995,2335.8025
52225,8356.1599,2553.3343
52226,8379.962,2311.0497
52227,8349.7837,2233.9145
52228,8356.9919,2368.5895
52229,8345.7601,1959.1961
52230,8379.5224,1804.5428
52231,8345.7836,2503.3861
52232,8362.208,1804.6485
52233,8363.0954,2404.809
52234,8360.8135,1824.0366
52235,8371.8313,2591.3715
52236,8371.7332,2020.8997
52237,8373.1312,1861.2123
52238,8372.1718,2496.8405
52239,8354.9206,2416.1459
52240,8349.9019,1813.3014
52241,8350.464,2093.4604
52242,8353.7489,2565.3707
52243,8341.878,2634.7242
52244,8376.9588,2646.0137
52245,8348.7488,2439.7107
52246,8340.7242,2473.6182
52247,8366.0635,1987.5719
52248,8338.2036,2036.8983
52249,8363.3327,2594.0304
52250,8360.5431,2538.7907
52251,8357.4488,2164.5408
52252,8339.8151,2347.0557
52253,8362.649,2498.7162
52254,8355.0944,2723.8183
52255,8367.189,2544.9897
52256,8335.8473,2539.999
52257,8334.5872,2366.532
52258,8355.3538,2707.6861
52259,8355.9903,2687.9507
52260,8344.7833,2286.5262
52261,8351.1951,2328.0179
52262,8356.7013,2261.1726
52263,8346.6795,2004.6352
52264,8346.7558,2138.6748
52265,8336.0426,2294.8351
52266,8358.2523,1824.3596
52267,8349.0041,2367.0177
52268,8361.9077,1933.2784
52269,8344.0245,2424.5676
52270,8348.9419,2275.1501
52271,8335.2329,2023.9066
52272,8351.7112,2539.0415
52273,8331.705,2439.12
52274,8334.8545,1719.5236
52275,8362.3057,2011.5267
52276,8348.9177,2662.0967
52277,8351.6161,1877.7906
52278,8353.6441,2381.2095
52279,8364.9835,2665.6488
52280,8333.7061,1942.6909
52281,8349.5936,2486.3332
52282,8344.6898,2128.9934
52283,8354.8642,2109.2615
52284,8335.2409,1703.5628
52285,8354.1335,2601.6604
52286,8336.8323,2383.4675
52287,8324.4571,2616.9
52288,8329.3894,2442.8857
52289,8337.5702,1698.2539
52290,8351.0902,2640.2683
52291,8330.5033,1800.0196
52292,8344.778,2357.8034
52293,8332.6312,2365.2368
52294,8330.4729,2415.1153
52295,8322.0763,1819.316
52296,8341.5042,2623.4754
52297,8340.6228,1883.1341
52298,8352.8092,2364.8313
52299,8321.9656,1897.0176
52300,8340.2202,1864.4613
52301,8339.362,1771.4355
52302,8322.1117,2406.5216
52303,8321.3814,2359.683
52304,8355.7534,2343.2838
52305,8338.7394,1954.916
52306,8319.7564,1952.4912
52307,8338.3909,2239.0569
52308,8332.0036,2669.773
52309,8344.7118,2202.8185
52310,8334.1334,2181.4186
52311,8328.3478,2321.2536
52312,8330.2764,2519.5419
52313,8338.18,2241.5538
52314,8318.0697,2335.2096
52315,8319.6892,2419.1119
52316,8351.3261,2013.3524
52317,8344.481,2495.8497
52318,8347.6278,2208.7879
52319,8347.743,2230.7642
52320,8311.1789,1787.5474
52321,8310.0793,2659.318
52322,8335.3395,1721.5662
52323,8348.4162,1905.4396
52324,8339.0965,2399.3615
52325,8332.6823,2698.6539
52326,8319.647,2328.8694
52327,8346.0143,1878.9569
52328,8328.6498,2151.6472
52329,8344.2853,2695.8728
52330,8341.4071,2436.598
52331,8347.5277,2468.5204
52332,8311.146,2538.7388
52333,8347.4511,2663.4511
52334,8329.0406,1882.2013
52335,8326.2867,2046.9133
52336,8309.5171,1710.242
52337,8307.3106,2552.2434
52338,8340.8604,2532.9339
52339,8338.8933,2371.8553
52340,8344.3849,2551.0759
52341,8312.0441,2681.1486
52342,8337.4277,2192.4354
52343,8329.4296,1807.8393
52344,8313.7138,2315.0528
52345,8324.7004,2033.8959
52346,8335.7805,2096.0058
52347,8326.6348,1858.6995
52348,8332.5147,2544.412
52349,8340.87,2256.0612
52350,8318.0256,2597.7373
52351,8331.213,1791.3153
52352,8339.9772,2607.7351
52353,8338.265,2304.3449
52354,8300.3327,2215.7555
52355,8335.2954,2195.8958
52356,8329.1233,2386.9537
52357,8330.5506,2158.0119
52358,8339.7618,2033.0875
52359,8307.4651,2630.0193
52360,8309.7014,2504.9666
52361,8338.6642,2640.4746
52362,8334.8928,2141.3295
52363,8332.3061,2071.0658
52364,8302.9234,2625.1502
52365,8310.5601,2719.2905
52366,8299.0026,2429.7902
52367,8316.4755,2575.7221
52368,8336.5126,2730.9933
52369,8327.6995,2310.8965
52370,8335.2992,2726.6876
52371,8322.6532,1826.7564
52372,8321.6346,2264.6611
52373,8302.8737,1987.5345
52374,8296.5375,2322.0625
52375,8330.9254,2279.0088
52376,8324.3928,1728.4587
52377,8328.1196,1980.4908
52378,8298.6031,1848.0484
52379,8298.9012,2095.7371
52380,8316.6156,2098.8305
52381,8315.074,1995.4046
52382,8323.3118,2544.3218
52383,8318.9163,2132.7233
52384,8302.4317,2522.0844
52385,8293.9293,2471.704
52386,8296.8382,2437.2987
52387,8315.8244,2675.6368
52388,8293.8281,2183.9393
52389,8313.9358,2504.3075
52390,8322.0806,2447.0832
52391,8293.3931,2669.0095
52392,8298.3653,1706.8286
52393,8326.1037,2707.5587
52394,8288.9222,1925.8499
52395,8311.2509,2667.5581
52396,8322.1773,2701.2315
52397,8329.251,2454.5032
52398,8302.1059,2444.718
52399,8297.2125,1879.2399
52400,8312.8154,1976.3653
52401,8305.7671,2335.0583
52402,8320.9718,2567.4032
52403,8325.2832,2736.1818
52404,8326.4894,2393.2776
52405,8304.2502,2159.1494
52406,8319.4997,2650.8044
52407,8322.5824,1940.5567
52408,8321.0187,2496.2886
52409,8309.7569,2052.2951
52410,8316.4822,1772.4802
52411,8313.4278,2199.3427
52412,8324.6648,2296.0292
52413,8302.2607,2386.2737
52414,8290.5743,2449.7163
52415,8295.7318,1800.6594
52416,8299.8035,1971.9998
52417,8323.1398,2462.2672
52418,8306.2575,1783.5539
52419,8289.4735,1756.3758
52420,8291.5459,2454.1281
52421,8285.6011,2251.7618
52422,8292.0147,2622.407
52423,8317.517,2048.0267
52424,8318.5528,2542.823
52425,8294.7561,2529.7259
52426,8287.8545,2500.6523
52427,8287.3372,2041.0736
52428,8319.8019,2019.2076
52429,8310.2567,1994.1264
52430,8279.8887,2440.9452
52431,8298.3299,1902.1878
52432,8286.0843,2423.7368
52433,8290.1536,2270.0236
52434,8313.9905,2476.9017
52435,8295.1711,2137.0649
52436,8314.0463,1790.8443
52437,8281.2305,1997.045
52438,8306.3959,2018.114
52439,8315.6237,1710.9697
52440,8308.4232,2128.4815
52441,8285.301,2187.1108
52442,8279.9518,2461.2376
52443,8298.2587,1860.1037
52444,8292.9709,2156.4691
52445,8284.7309,2527.2177
52446,8315.6442,1901.7924
52447,8297.7634,2356.3035
52448,8300.8457,2492.4237
52449,8300.1429,1691.27
52450,8302.2884,2514.1151
52451,8288.575,2449.4941
52452,8305.9118,2593.5425
52453,8303.1281,2237.1331
52454,8287.5644,1870.252
52455,8275.9466,2011.0022
52456,8284.9156,2538.6119
52457,8311.6202,2668.8736
52458,8272.5796,2169.1625
52459,8289.9821,2277.0361
52460,8298.4117,1780.475
52461,8272.9469,2630.93
52462,8288.7163,2458.6533
52463,8301.2281,2510.0741
52464,8293.8131,2169.6049
52465,8292.1123,2195.5933
52466,8292.0215,2304.8077
52467,8275.2087,1753.4319
52468,8286.8088,2509.3391
52469,8272.6545,1830.147
52470,8304.5846,2174.0809
52471,8300.3192,1706.4742
52472,8296.8451,1689.8843
52473,8292.7011,2394.1105
52474,8309.2145,2319.0621
52475,8278.7613,1688.5729
52476,8291.9009,1727.0851
52477,8298.8998,2550.0404
52478,8279.363,2044.0689
52479,8286.9312,1875.227
52480,8284.7636,2575.849
52481,8297.1754,2344.6707
52482,8286.0455,2386.7574
52483,8291.2195,2230.4501
52484,8299.3261,2686.6175
52485,8266.9096,2440.2708
52486,8267.8401,2471.2357
52487,8288.1115,2667.1138
52488,8303.1144,2548.8546
52489,8300.5866,2526.2744
52490,8303.0975,2295.7405
52491,8280.4853,1860.4867
52492,8299.6074,2194.1723
52493,8270.9047,2176.7984
52494,8272.1031,2448.9179
52495,8292.637,2153.5118
52496,8280.7716,1951.053
52497,8284.7116,1801.7706
52498,8277.0152,2561.4613
52499,8263.3158,2470.3577
52500,8278.7384,1973.2992
52501,8303.4814,2150.3688
52502,8263.9553,2441.6566
52503,8281.3077,2368.1921
52504,8290.8028,1823.9327
52505,8271.8955,1722.7664
52506,8284.8286,2562.157
52507,8290.1793,2042.8526
52508,8298.5689,1902.3905
52509,8285.0702,2015.0558
52510,8283.7885,2718.0038
52511,8260.5125,2502.6444
52512,8267.8904,2295.5312
52513,8291.6385,2006.1395
52514,8274.4552,1846.5456
52515,8279.0691,2667.0246
52516,8297.2628,2624.792
52517,8292.7609,1766.8984
52518,8277.0163,1859.8287
52519,8284.0016,1778.0156
52520,8295.759,2119.7021
52521,8273.0372,2696.4444
52522,8277.0501,2706.6596
52523,8264.8144,1741.0593
52524,8272.4231,2098.8828
52525,8295.9307,2720.9777
52526,8284.079,1772.6752
52527,8264.4631,2646.9389
52528,8288.5442,1774.9202
52529,8290.3965,1770.3528
52530,8286.2191,1838.7601
52531,8275.2466,2640.702
52532,8280.275,2664.0782
52533,8281.3848,2252.7709
52534,8263.7624,2267.9738
52535,8276.0769,1859.1933
52536,8274.9429,2355.5027
52537,8278.9259,2314.3883
52538,8274.2504,2317.2063
52539,8274.7739,1800.0382
52540,8280.3102,2655.7118
52541,8285.4941,1877.8868
52542,8289.9132,2438.0136
52543,8282.6975,2040.7958
52544,8282.2103,2080.2958
52545,8279.6838,2159.85
52546,8277.826,2094.0053
52547,8285.5875,2317.88
52548,8275.3315,1913.7766
52549,8265.2437,1744.3182
52550,8283.8286,2324.0114
52551,8292.3203,2417.6698
52552,8281.1567,2109.163
52553,8265.9896,2346.8109
52554,8277.2076,2340.0209
52555,8262.4835,2422.8048
52556,8273.441,2563.7177
52557,8267.7956,1812.8554
52558,8264.171,2109.0932
52559,8274.0694,2484.1091
52560,8283.9223,2537.9105
52561,8279.992,2253.2462
52562,8272.4141,2128.2655
52563,8274.8649,1905.3878
52564,8262.4441,1812.2137
52565,8248.7623,2401.5248
52566,8270.635,2038.0962
52567,8263.9944,1735.678
52568,8282.8094,2200.3977
52569,8251.3476,2427.8179
52570,8257.2551,1682.5994
52571,8254.8384,1914.9892
52572,8264.1694,2530.7499
52573,8277.7702,1782.9388
52574,8260.2211,2683.9689
52575,8267.6649,2008.2672
52576,8257.4226,2265.9267
52577,8251.9025,2128.9377
52578,8262.2582,2641.6081
52579,8283.5517,2115.6541
52580,8273.3894,2030.4829
52581,8268.7211,2622.3381
52582,8278.9236,1713.313
52583,8266.2076,1732.4122
52584,8268.3276,2581.3003
52585,8274.8005,2546.8829
52586,8271.7691,2692.5837
52587,8251.0879,2065.6267
52588,8269.0578,1911.7729
52589,8281.0852,2454.603
52590,8255.6631,2416.0345
52591,8284.1104,2233.2834
52592,8283.4141,1998.7686
52593,8242.6277,1785.2417
52594,8268.1564,1776.6638
52595,8270.7038,2104.2378
52596,8261.7641,1766.9425
52597,8276.8244,2289.1176
52598,8256.9334,2696.6734
52599,8260.6353,2343.028
52600,8269.225,2266.5656
52601,8274.6476,2206.2086
52602,8245.8155,2210.8804
52603,8268.162,1683.257
52604,8260.5825,2641.0387
52605,8251.5283,2031.4491
52606,8254.6088,2181.6068
52607,8254.8935,1966.8478
52608,8277.5085,2273.566
52609,8253.5181,2547.3273
52610,8260.4457,2543.9927
52611,8252.2111,1895.9384
52612,8263.6409,1960.3488
52613,8256.1746,2478.063
52614,8246.1372,1882.5076
52615,8249.7482,1777.2243
52616,8243.8351,2113.696
52617,8271.9349,2237.0348
52618,8268.0417,1887.032
52619,8254.106,1896.3264
52620,8237.6847,2603.437
52621,8258.6838,2712.0811
52622,8260.2402,2427.4775
52623,8244.178,2012.9463
52624,8253.7364,2435.4521
52625,8258.5581,2448.3956
52626,8251.7714,1768.8298
52627,8243.8822,2295.0692
52628,8272.0564,2195.1779
52629,8251.9112,1952.1859
52630,8263.3214,1820.5084
52631,8249.6335,2698.8878
52632,8274.6813,2239.6107
52633,8235.9209,1914.4052
52634,8235.0343,2453.8758
52635,8271.0826,2081.1349
52636,8266.1124,1772.9974
52637,8240.9996,1800.9565
52638,8258.7169,2309.2261
52639,8271.4333,2322.126
52640,8248.004,2682.1082
52641,8267.9763,2395.864
52642,8261.6238,1751.1159
52643,8264.1101,2506.0806
52644,8261.242,2094.4028
52645,8252.1197,2143.5137
52646,8245.9174,2577.0411
52647,8266.2467,1832.9893
52648,8258.2587,2461.5256
52649,8269.4261,2416.7365
52650,8236.8669,2600.9607
52651,8265.1428,2309.9059
52652,8232.1214,1830.0096
52653,8234.0241,1770.6287
52654,8259.0714,2114.5097
52655,8244.1336,1798.0776
52656,8233.9094,1703.6189
52657,8258.8061,2618.7305
52658,8245.7632,2114.6072
52659,8269.9729,2062.9919
52660,8243.5869,2520.3989
52661,8257.8721,2164.7816
52662,8265.5606,1804.5982
52663,8245.8027,2022.934
52664,8245.7917,2400.7762
52665,8238.3,2652.7311
52666,8244.1503,2315.4551
52667,8244.9324,1824.5908
52668,8235.7272,1939.1225
52669,8242.4285,2009.8912
52670,8257.8972,2107.2153
52671,8239.5332,2559.5523
52672,8228.5122,1784.2795
52673,8238.3971,1800.398
52674,8238.9573,2196.7501
52675,8229.6985,2592.2941
52676,8231.6342,2660.6886
52677,8243.3122,2649.9868
52678,8257.2793,2331.3526
52679,8255.9692,2282.7914
52680,8246.851,2044.7692
52681,8245.9032,2409.2975
52682,8228.0712,2347.9495
52683,8254.1078,1962.3644
52684,8236.9845,2177.8804
52685,8247.8775,1914.7024
52686,8229.3982,2628.0073
52687,8263.0246,2064.7324
52688,8246.4115,2426.377
52689,8239.9028,1952.0992
52690,8230.1577,1818.2351
52691,8226.7738,2503.8136
52692,8245.8577,2199.3029
52693,8229.6137,2525.4436
52694,8236.0382,2542.1272
52695,8256.4318,1880.5673
52696,8261.879,2709.1908
52697,8251.8208,2471.5331
52698,8226.2555,2431.7373
52699,8235.0236,1845.0698
52700,8254.6836,2405.7242
52701,8261.5508,1957.9405
52702,8226.7949,2570.5547
52703,8225.7168,2202.9849
52704,8249.5192,2099.1842
52705,8236.2183,2454.2731
52706,8228.0746,2488.9699
52707,8242.459,1731.0247
52708,8249.4263,2644.4046
52709,8240.1732,2098.9767
52710,8240.15,2392.8321
52711,8239.0614,2591.0776
52712,8231.3411,2306.1302
52713,8223.6639,1864.2421
52714,8221.0209,1793.676
52715,8242.6201,2512.1621
52716,8257.8806,2228.828
52717,8253.81,1933.6057
52718,8224.7303,2528.0012
52719,8231.3194,2576.7054
52720,8250.4623,2702.101
52721,8258.1113,2485.2425
52722,8255.3761,2086.7794
52723,8222.8741,2131.9307
52724,8225.0111,1978.7856
52725,8253.7964,1945.563
52726,8227.2406,2083.129
52727,8251.3989,1950.8517
52728,8228.6472,2499.6099
52729,8216.5109,2390.2251
52730,8235.8107,1851.4779
52731,8232.552,1927.1545
52732,8245.1024,2305.8387
52733,8224.4811,2652.5154
52734,8227.9111,2554.5574
52735,8246.2649,2268.7734
52736,8219.2886,1826.5649
52737,8254.6248,2504.5892
52738,8233.8834,2025.485
52739,8246.6388,2384.5614
52740,8232.4924,2030.55
52741,8254.2115,2134.6982
52742,8217.0404,2267.1523
52743,8226.8599,2128.2985
52744,8213.6881,2485.4604
52745,8218.8243,2398.4022
52746,8226.6981,2263.6715
52747,8235.8448,2262.5272
52748,8245.8111,1804.6104
52749,8238.67,2588.7409
52750,8240.8373,2364.3299
52751,8221.3039,1698.1628
52752,8251.8408,2304.3769
52753,8226.662,2064.6752
52754,8248.7613,2453.6141
52755,8247.0723,2183.698
52756,8235.6117,1712.6004
52757,8228.3387,1859.139
52758,8240.0122,2414.937
52759,8241.462,2623.3155
52760,8240.1863,2661.1904
52761,8223.2463,1992.2803
52762,8220.098,2019.8238
52763,8242.5072,1901.4058
52764,8227.3731,2645.9854
52765,8247.4575,2573.936
52766,8219.1735,2026.2801
52767,8228.8803,2233.6973
52768,8210.0809,2569.7712
52769,8224.9045,1722.2519
52770,8216.978,1782.0633
52771,8211.4264,2142.4918
52772,8223.886,2231.2237
52773,8223.9863,2349.7199
52774,8218.4628,2318.2622
52775,8224.2145,1864.5131
52776,8212.5045,2495.3998
52777,8238.9338,2229.1024
52778,8215.3774,1857.0695
52779,8214.5985,1729.3831
52780,8210.5191,2620.7955
52781,8243.4363,2202.4792
52782,8244.453,2646.4657
52783,8224.2742,1697.8213
52784,8226.393,2135.8192
52785,8215.0338,2465.7447
52786,8210.0997,1996.0769
52787,8206.7522,2105.7269
52788,8227.9428,2257.4634
52789,8220.8348,1758.7847
52790,8216.1695,2134.2739
52791,8233.0842,1793.1533
52792,8216.4465,1742.2018
52793,8231.0381,2489.9334
52794,8231.8612,2134.2621
52795,8209.0176,2097.3319
52796,8229.1916,1784.6476
52797,8240.8981,1895.5008
52798,8236.125,2547.801
52799,8222.7151,2677.3617
52800,8230.0433,2404.8913
52801,8238.6511,2498.6047
52802,8228.9402,2503.5182
52803,8238.398,2248.7033
52804,8224.3614,1910.0205
52805,8211.2994,2217.9837
52806,8206.6659,2152.5415
52807,8235.226,2482.1695
52808,8206.3876,2290.9623
52809,8204.157,2597.5938
52810,8208.4535,2434.3825
52811,8221.4681,2100.3027
52812,8233.9485,2204.6238
52813,8202.3196,2653.9508
52814,8208.6926,2236.6051
52815,8203.3415,2275.3119
52816,8228.8173,2180.9652
52817,8222.3841,2591.8573
52818,8216.7658,1873.9765
52819,8208.2188,1852.585
52820,8219.1736,2529.966
52821,8201.0466,1729.3356
52822,8214.371,2597.1568
52823,8222.4101,2618.4769
52824,8222.574,2396.3648
52825,8212.0624,2216.2158
52826,8223.8803,2130.8818
52827,8220.6205,2184.0845
52828,8236.6041,2223.5297
52829,8209.7987,2507.5397
52830,8229.3591,1775.04
52831,8207.1078,1864.6789
52832,8211.5525,1686.6436
52833,8231.1523,2511.5454
52834,8200.1478,2368.7724
52835,8201.825,2070.7663
52836,8223.798,1769.1635
52837,8220.8747,1884.329
52838,8198.2494,2052.2228
52839,8208.7301,2687.2028
52840,8221.1291,2008.2645
52841,8229.5829,1872.077
52842,8228.235,2367.6389
52843,8201.369,2661.176
52844,8220.4401,2079.6647
52845,8221.5229,2669.436
52846,8199.9639,1833.5408
52847,8228.1312,2074.9551
52848,8203.1515,2536.8009
52849,8200.501,2506.7556
52850,8200.5846,1929.133
52851,8209.3989,1668.4147
52852,8216.3419,2549.0979
52853,8221.8323,2059.1084
52854,8231.2265,2102.175
52855,8212.887,1851.8128
52856,8211.8976,1994.2902
52857,8203.4578,2255.8908
52858,8230.7479,2112.9738
52859,8227.4626,2066.7589
52860,8228.5065,2593.4326
52861,8213.6204,2224.9632
52862,8196.9063,2039.2869
52863,8213.4123,2034.8125
52864,8210.8469,2554.1894
52865,8191.4084,1871.2874
52866,8204.4461,2392.0008
52867,8189.8648,2318.6482
52868,8208.6812,2087.7362
52869,8192.1587,2100.0509
52870,8191.3978,1749.3563
52871,8227.3752,2445.9395
52872,8213.1544,2278.1779
52873,8200.9943,1681.2748
52874,8212.5138,2029.1732
52875,8224.4671,2579.6072
52876,8205.6905,1809.0945
52877,8204.5827,2164.4502
52878,8201.4457,2025.7739
52879,8224.4755,2248.8689
52880,8191.6891,2060.3067
52881,8200.8487,2403.6688
52882,8189.1704,1719.1611
52883,8202.1312,1794.9306
52884,8226.4215,1865.9426
52885,8216.2163,2534.2948
52886,8198.0194,2571.0996
52887,8185.9472,2680.2156
52888,8207.3305,1802.7003
52889,8224.9911,1865.3498
52890,8211.6828,1684.805
52891,8192.4015,2044.8517
52892,8199.5063,1864.4036
52893,8217.9848,2010.348
52894,8214.5935,2047.9368
52895,8220.7774,2581.4323
52896,8202.1697,2302.1652
52897,8220.5715,2700.1692
52898,8221.1353,2112.2043
52899,8220.417,2026.3752
52900,8218.4399,2590.1274
52901,8201.5868,2283.514
52902,8216.8831,1990.7504
52903,8204.6779,2683.2256
52904,8209.0564,2348.3314
52905,8201.0631,2111.4538
52906,8189.5222,2232.4595
52907,8209.2092,1727.0767
52908,8190.3103,2465.7579
52909,8214.9877,2069.1785
52910,8194.7415,1865.9224
52911,8190.3534,2681.9129
52912,8207.7592,2512.9749
52913,8218.8539,1873.1356
52914,8214.2705,2299.8375
52915,8200.6138,2569.5734
52916,8183.046,1980.5796
52917,8205.2721,2284.5762
52918,8213.8185,2692.5047
52919,8197.6793,2343.3579
52920,8188.4628,2416.6427
52921,8218.371,2627.6
52922,8189.1122,2131.7096
52923,8211.6586,1941.6167
52924,8201.3582,2033.9067
52925,8194.5283,2504.1027
52926,8199.5054,2503.9607
52927,8210.9614,2616.8216
52928,8206.968,2377.8376
52929,8198.4271,2014.2086
52930,8189.397,2415.9996
52931,8201.6914,1681.1841
52932,8197.0445,2276.3046
52933,8210.7633,2288.0534
52934,8181.7434,2181.146
52935,8213.0869,2417.3782
52936,8210.6535,1688.3902
52937,8201.259,2624.1518
52938,8205.3415,2539.588
52939,8185.6427,2553.4003
52940,8177.3952,2506.0579
52941,8180.3828,2262.5161
52942,8204.6184,2260.3342
52943,8194.0148,2248.4591
52944,8178.4118,1924.5454
52945,8211.1592,2210.3849
52946,8211.6177,2362.4862
52947,8193.2633,1742.8487
52948,8197.8627,2442.9919
52949,8201.5126,2449.9819
52950,8210.5831,2682.6267
52951,8199.0356,2506.2125
52952,8211.2106,2425.0027
52953,8196.5568,2025.4182
52954,8197.741,1972.3429
52955,8195.6188,2428.7945
52956,8205.0059,2651.4353
52957,8188.0703,2532.5396
52958,8195.3637,1793.9744
52959,8180.2322,1852.1831
52960,8186.9377,1863.4721
52961,8174.5674,1956.5848
52962,8176.943,2390.3627
52963,8189.8685,2617.5227
52964,8174.0451,2238.0892
52965,8194.515,2529.2631
52966,8191.7536,2070.5406
52967,8194.1608,1989.1162
52968,8193.9293,1751.4969
52969,8171.9331,2661.7658
52970,8202.8293,2606.4963
52971,8169.899,1761.6415
52972,8192.5266,2140.3065
52973,8172.2426,2434.4168
52974,8195.8743,2308.0431
52975,8206.2592,2282.1263
52976,8192.7853,2347.2338
52977,8200.6034,2394.1509
52978,8186.9578,1799.4575
52979,8204.5336,2331.5855
52980,8179.971,2578.7792
52981,8199.5485,2592.9012
52982,8182.2555,2327.8039
52983,8179.4487,2441.8762
52984,8191.1921,2511.544
52985,8186.5049,2058.0874
52986,8180.0197,2057.3376
52987,8180.4521,1903.1774
52988,8200.1424,2591.2109
52989,8182.3828,2607.6631
52990,8189.3483,2425.7846
52991,8194.0074,2508.2933
52992,8191.3805,1872.5308
52993,8162.7913,2000.8343
52994,8189.8001,1734.5403
52995,8183.1886,1934.9326
52996,8190.3345,2383.0937
52997,8199.3128,2229.8518
52998,8165.6313,2191.0156
52999,8189.2739,2248.2549
53000,8164.4108,1951.4895
53001,8174.2221,1927.7456
53002,8172.6856,2382.0086
53003,8187.3225,2680.409
53004,8187.7197,2330.7349
53005,8187.5398,2108.723
53006,8189.872,1790.4207
53007,8179.7708,2283.5651
53008,8175.5814,1830.1038
53009,8177.3648,2252.8757
53010,8165.3363,2360.6811
53011,8182.4916,1916.3246
53012,8180.1908,2270.3923
53013,8191.455,2558.3031
53014,8194.3173,1919.912
53015,8195.5587,2425.5389
53016,8191.9288,2515.7239
53017,8158.7821,2168.2845
53018,8166.5157,2376.7386
53019,8161.0512,2138.5454
53020,8157.9585,2155.44
53021,8167.1222,2331.5535
53022,8179.1126,2412.1827
53023,8188.3369,2076.4247
53024,8178.7806,1822.8649
53025,8164.6181,2628.2882
53026,8168.9928,2201.1183
53027,8181.8038,2086.4944
53028,8165.1362,2225.1152
53029,8154.5089,2465.1256
53030,8168.8686,1787.2566
53031,8163.6008,2180.2932
53032,8154.4439,2679.5153
53033,8169.3011,2248.4671
53034,8157.0288,2284.9598
53035,8169.5524,1901.887
53036,8150.6543,1925.4307
53037,8158.1957,1806.6968
53038,8164.8353,2639.0434
53039,8159.0005,2369.456
53040,8179.8336,2161.4221
53041,8161.8107,2093.5447
53042,8169.5475,1905.6004
53043,8161.4315,1967.6037
53044,8165.9241,2603.6988
53045,8181.197,2106.1819
53046,8184.0982,1846.3171
53047,8155.2244,2570.656
53048,8149.1926,1669.5278
53049,8148.3406,2498.9015
53050,8168.757,2100.1691
53051,8176.035,2455.4797
53052,8186.3792,2233.007
53053,8177.1277,1745.914
53054,8152.9771,2276.8581
53055,8170.1991,2057.752
53056,8158.7485,2414.9937
53057,8153.5926,1874.2856
53058,8144.774,2440.0933
53059,8181.6112,2459.4048
53060,8177.4846,2500.4636
53061,8164.5606,2568.1002
53062,8146.9496,2597.7646
53063,8159.6343,1908.3838
53064,8142.952,2405.189
53065,8173.0604,2517.3499
53066,8155.2479,2557.5647
53067,8160.8853,1798.7606
53068,8153.6275,2259.4815
53069,8157.8552,2279.3752
53070,8177.1994,1949.8487
53071,8175.659,2239.5345
53072,8145.1863,2301.0881
53073,8145.2173,2010.4678
53074,8168.9198,2643.1346
53075,8147.4063,1967.3166
53076,8158.9852,2579.8552
53077,8147.3152,1673.8841
53078,8142.837,2657.8635
53079,8176.2442,2679.0688
53080,8147.1642,2448.441
53081,8164.2416,2515.2448
53082,8176.0592,2558.7372
53083,8172.1046,2097.0626
53084,8150.7341,2513.065
53085,8160.2114,1722.1845
53086,8139.8964,1783.6046
53087,8176.9884,1788.8242
53088,8166.673,2034.1085
53089,8147.2841,1973.2394
53090,8151.0586,2621.2107
53091,8160.5625,2530.3405
53092,8140.4687,2351.9412
53093,8167.8097,2388.1536
53094,8136.3368,2204.7335
53095,8158.3214,2365.341
53096,8160.245,2310.0212
53097,8164.1536,2571.483
53098,8137.4529,2601.2797
53099,8152.3932,2619.6033
53100,8173.181,2158.2482
53101,8149.3049,1759.8635
53102,8134.3403,2440.6544
53103,8144.2903,2297.4919
53104,8135.1716,2660.1243
53105,8168.7064,2649.869
53106,8140.9829,2286.0659
53107,8158.8909,2663.1483
53108,8134.5648,2583.4559
53109,8135.2697,2076.703
53110,8147.5767,2564.3121
53111,8162.9219,2350.3192
53112,8153.6366,2123.9248
53113,8147.3972,2547.666
53114,8129.5785,1833.5312
53115,8158.743,2003.027
53116,8138.3326,2079.2469
53117,8127.9738,2101.7862
53118,8134.1184,1762.4591
53119,8161.72,1922.152
53120,8138.0559,2591.8108
53121,8126.9217,2033.2704
53122,8156.4757,2356.4142
53123,8145.4371,2453.4663
53124,8125.4948,2569.7703
53125,8126.0358,2135.2322
53126,8153.6814,2065.1017
53127,8150.3791,2493.5153
53128,8147.6425,1935.8934
53129,8160.0491,1987.4113
53130,8156.114,1745.6148
53131,8126.0435,2233.4543
53132,8133.8625,2029.3581
53133,8127.4775,2647.3844
53134,8136.9705,2196.1055
53135,8152.8882,1797.7804
53136,8123.7921,1746.719
53137,8138.1174,2321.8451
53138,8132.2988,2593.5347
53139,8141.4552,1707.0774
53140,8133.7498,2518.6044
53141,8151.4846,1660.173
53142,8132.5372,2591.5736
53143,8127.8844,2154.5017
53144,8148.6462,1727.0414
53145,8134.9295,2572.9194
53146,8150.134,2635.6977
53147,8134.9172,2502.202
53148,8127.4396,1758.7013
53149,8131.2282,2095.9066
53150,8142.7437,2458.5976
53151,8147.4022,2548.5218
53152,8129.2852,2124.6368
53153,8127.8922,2541.5214
53154,8116.4382,2524.6977
53155,8126.5182,1854.6271
53156,8118.3306,2042.6367
53157,8116.8247,2279.3705
53158,8121.8159,2169.6512
53159,8127.2975,2418.2326
53160,8135.3779,1924.8842
53161,8129.474,2404.6958
53162,8122.419,1694.531
53163,8145.5237,2276.7429
53164,8114.9122,2611.9703
53165,8115.9202,2410.2951
53166,8125.6861,1996.8848
53167,8149.8249,2434.8381
53168,8121.6582,2330.6951
53169,8150.0355,2049.7824
53170,8141.4453,2498.3004
53171,8111.2632,1767.4081
53172,8115.8831,2285.762
53173,8119.7306,2423.2396
53174,8119.1897,1838.3423
53175,8113.8559,1764.8266
53176,8132.3141,1915.6898
53177,8133.3741,2367.3806
53178,8135.5962,2183.2698
53179,8133.9671,2468.5266
53180,8107.8548,1802.3841
53181,8120.1296,2275.292
53182,8131.4221,2376.4898
53183,8119.5197,1824.204
53184,8140.8491,2294.3362
53185,8109.7732,2276.9883
53186,8140.2913,1741.7557
53187,8125.4933,2059.2186
53188,8139.158,2632.4423
53189,8131.7241,2470.2366
53190,8126.9719,2608.4516
53191,8143.792,2548.3228
53192,8112.9922,2194.4878
53193,8117.8293,2517.6591
53194,8111.62,1660.8554
53195,8128.239,2201.0227
53196,8102.2055,2452.0699
53197,8113.0582,1717.939
53198,8124.5803,1999.2315
53199,8106.0149,2629.23
53200,8140.6629,1870.143
53201,8118.27,2274.4548
53202,8109.0053,2414.9488
53203,8100.068,1801.9292
53204,8120.6634,1787.3386
53205,8110.0884,2079.5761
53206,8124.0253,1805.0367
53207,8105.931,2552.7824
53208,8113.7343,2438.1889
53209,8107.5126,1775.7385
53210,8117.7604,1779.8502
53211,8106.5746,1968.2502
53212,8101.1209,2528.1163
53213,8134.0285,2378.6036
53214,8121.1784,2314.5211
53215,8112.6175,2659.8562
53216,8109.7457,1990.427
53217,8109.2608,2561.9752
53218,8115.663,2195.4943
53219,8117.7358,2406.4826
53220,8098.3915,2541.5116
53221,8130.6754,1751.4757
53222,8124.3679,2091.3357
53223,8115.1303,1992.3339
53224,8118.7501,2641.0461
53225,8113.3655,1785.9433
53226,8106.9027,1867.6016
53227,8114.0803,2599.3143
53228,8124.7953,1816.2944
53229,8102.3785,2234.2742
53230,8106.7821,2090.6822
53231,8090.0791,2276.655
53232,8124.0305,2039.8629
53233,8106.4327,2489.6505
53234,8120.9926,2654.7601
53235,8088.5756,2603.0369
53236,8118.1858,1860.2555
53237,8090.8271,1842.4002
53238,8124.9058,2325.5994
53239,8106.521,1729.8525
53240,8111.7238,2539.1444
53241,8089.0231,1813.1038
53242,8120.4268,2496.974
53243,8112.5278,2328.2102
53244,8105.3098,2643.9864
53245,8091.3103,2533.3793
53246,8104.8358,1882.2473
53247,8085.8753,1646.8553
53248,8085.5764,2605.1073
53249,8117.5905,2020.7337
53250,8106.5489,1860.1034
53251,8112.3428,1859.4296
53252,8108.2146,1681.1963
53253,8094.976,2181.0884
53254,8089.9239,2306.4625
53255,8098.7107,2024.1682
53256,8108.9848,2384.1431
53257,8084.4899,1660.7339
53258,8081.1997,2059.0446
53259,8102.3442,2039.3139
53260,8089.8501,2000.2542
53261,8086.3398,1970.9654
53262,8108.5202,2568.6998
53263,8105.6197,1716.9402
53264,8095.5512,2608.3814
53265,8109.1463,2297.8711
53266,8105.922,1987.3918
53267,8083.4373,1874.327
53268,8095.8562,1795.2389
53269,8098.9713,2175.3593
53270,8102.7405,1993.9841
53271,8085.3573,2599.4319
53272,8100.405,2075.6514
53273,8095.2486,1891.0612
53274,8104.9902,2625.0339
53275,8093.9858,2266.0989
53276,8075.3453,2462.8726
53277,8112.837,2308.7909
53278,8087.1712,1653.1432
53279,8096.8743,2569.3713
53280,8082.0968,2170.0082
53281,8079.7059,2619.7688
53282,8110.4785,2613.988
53283,8091.5949,2528.2998
53284,8074.6628,2465.7528
53285,8081.713,2252.405
53286,8107.0579,2154.9358
53287,8075.9686,2424.8264
53288,8084.2993,2373.3456
53289,8085.9215,1829.3919
53290,8077.2706,2470.4835
53291,8098.7341,1930.0551
53292,8097.0923,2360.464
53293,8096.9465,1861.0288
53294,8083.0008,2551.7397
53295,8098.6133,1877.0506
53296,8090.9904,1885.0451
53297,8087.8042,2365.7574
53298,8074.9931,2620.7647
53299,8068.1715,1655.3776
53300,8079.6178,2253.1422
53301,8086.623,2651.4931
53302,8063.8805,2355.7066
53303,8098.7718,2446.1997
53304,8099.2895,2334.5274
53305,8082.2264,2202.9378
53306,8100.6863,2274.676
53307,8086.4639,2634.3125
53308,8087.1815,2523.5328
53309,8070.9472,2475.8958
53310,8072.9661,2492.875
53311,8095.8814,2646.972
53312,8066.7559,2532.7043
53313,8074.2118,2625.5916
53314,8093.8166,2158.2768
53315,8070.4907,2431.8853
53316,8076.1887,2643.9799
53317,8083.952,2314.5193
53318,8065.8701,2555.2153
53319,8063.6281,2242.5468
53320,8095.1916,2257.3342
53321,8080.5638,2051.3881
53322,8077.7655,1710.9464
53323,8081.75,2312.2028
53324,8073.2921,2126.3729
53325,8067.7156,1761.5092
53326,8069.9351,1692.6542
53327,8055.8577,2427.9985
53328,8082.4839,1793.9574
53329,8082.6594,2641.5017
53330,8069.7281,2404.6664
53331,8079.3892,2162.8129
53332,8087.2855,2422.6364
53333,8065.1367,2126.3291
53334,8090.7413,2072.1366
53335,8078.9964,2394.754
53336,8073.373,2587.0427
53337,8086.1297,2015.3074
53338,8071.1689,2486.2213
53339,8057.379,2225.4277
53340,8055.9556,1907.7548
53341,8060.9707,2452.1706
53342,8084.9526,2258.6891
53343,8082.0802,1912.0515
53344,8081.0368,1751.3567
53345,8067.4791,2372.692
53346,8048.8364,2461.3209
53347,8080.2274,2478.806
53348,8077.2107,2277.9707
53349,8082.8709,2363.2392
53350,8069.5322,2229.6479
53351,8057.8188,2524.2565
53352,8080.873,1781.7184
53353,8070.1338,2359.2087
53354,8049.3702,2005.9938
53355,8066.2,1805.7271
53356,8071.9407,2025.191
53357,8051.616,1788.256
53358,8071.838,2424.6886
53359,8051.3289,1904.2877
53360,8059.8617,2466.4483
53361,8047.9692,1744.3085
53362,8079.1068,2207.0027
53363,8074.7176,2233.3461
53364,8057.7908,2469.4961
53365,8072.4357,2244.6339
53366,8041.0933,1743.6274
53367,8067.8915,2376.0656
53368,8038.4636,2172.0589
53369,8054.3859,1736.1311
53370,8062.1808,2095.1802
53371,8069.5137,2232.6731
53372,8046.0019,1813.0159
53373,8065.3775,2563.9307
53374,8074.0666,2543.5171
53375,8062.458,2580.0382
53376,8071.5497,2629.5808
53377,8051.7576,1868.0642
53378,8055.5908,2453.3205
53379,8052.1988,2061.176
53380,8057.6932,2526.543
53381,8064.409,2464.2359
53382,8063.6647,2604.6066
53383,8052.6217,1646.5028
53384,8041.0952,2120.521
53385,8031.9137,1771.7196
53386,8031.4709,1643.0494
53387,8050.9305,2523.0208
53388,8042.1123,2403.3479
53389,8039.4081,2357.3317
53390,8050.9804,2343.1538
53391,8062.8613,2055.4437
53392,8049.3332,2405.82
53393,8053.7575,1923.7001
53394,8036.3114,2003.3434
53395,8032.6636,1790.6371
53396,8037.7328,2044.4805
53397,8027.5241,2446.1805
53398,8034.9838,2115.5903
53399,8063.9066,2229.0072
53400,8035.5363,2631.4511
53401,8047.8234,1734.9651
53402,8039.3935,2027.7021
53403,8057.3592,1781.4107
53404,8030.4355,1888.3013
53405,8025.5383,2276.8715
53406,8035.4876,2046.1687
53407,8049.8109,2629.9066
53408,8044.8265,2226.9854
53409,8036.9173,2469.635
53410,8050.0841,2436.9327
53411,8021.8418,1923.5545
53412,8039.968,2291.0073
53413,8041.705,2178.2547
53414,8027.6995,2570.4763
53415,8056.1379,2449.8947
53416,8036.2103,2003.6952
53417,8044.1028,1723.8893
53418,8031.6693,1874.3209
53419,8031.7165,2344.4098
53420,8053.0324,2469.2021
53421,8025.9074,2209.1948
53422,8041.2148,1696.9278
53423,8035.4096,2146.4706
53424,8043.9276,2351.9391
53425,8015.4803,2144.9674
53426,8016.7777,2226.5564
53427,8012.8837,1841.4712
53428,8050.2726,1802.7282
53429,8020.5448,1895.1957
53430,8047.2668,2212.1188
53431,8016.949,2522.4081
53432,8015.1748,2321.6552
53433,8039.3375,2203.7875
53434,8050.0598,1659.2366
53435,8009.7951,2614.6745
53436,8045.7049,2382.6956
53437,8029.1063,2182.446
53438,8031.5849,2215.4275
53439,8022.4888,2424.8723
53440,8032.3159,2525.408
53441,8021.7947,2588.0526
53442,8008.4837,2086.2311
53443,8022.5116,1919.1361
53444,8022.1332,2305.9841
53445,8035.3952,2317.2222
53446,8018.7161,1748.4916
53447,8022.7751,2347.024
53448,8044.0475,1786.7932
53449,8023.785,2126.4232
53450,8028.4432,2491.8818
53451,8014.3404,2505.9559
53452,8010.844,1859.4864
53453,8003.634,2169.7105
53454,8033.6204,1793.4485
53455,8040.9862,1950.5486
53456,8029.2919,1659.0805
53457,8036.9918,2287.4355
53458,8000.7887,1760.9841
53459,8000.958,2562.5195
53460,8014.6151,2408.1124
53461,8010.8905,2349.1266
53462,8032.9088,2162.1648
53463,7999.706,1644.8283
53464,8004.2518,2043.8227
53465,8024.5132,2255.3135
53466,8010.2892,1742.1644
53467,8003.1976,1982.3606
53468,8027.4962,2131.4847
53469,8022.8102,1710.3733
53470,8034.4727,2306.796
53471,8014.0798,1988.6135
53472,8010.6258,1812.8499
53473,8028.8596,2352.3239
53474,7996.7543,2505.2328
53475,8014.4467,2371.5021
53476,8011.8387,1823.0323
53477,8021.727,1631.9386
53478,8030.5076,1807.5443
53479,8008.6465,2127.3262
53480,8024.4544,2416.2339
53481,7992.5746,2516.4777
53482,7990.3344,1646.9308
53483,8013.5925,2600.8426
53484,7999.0214,2126.6664
53485,7998.528,2012.0663
53486,7993.869,2514.8702
53487,7995.7435,1669.5452
53488,8001.4971,2198.7833
53489,8010.1937,2087.8232
53490,8022.9978,1971.4087
53491,8011.8568,1864.7868
53492,8014.3766,2509.1294
53493,8019.6028,2416.2876
53494,8003.9332,2284.8191
53495,7997.7127,1911.215
53496,8019.7906,1902.7778
53497,8016.1767,2406.231
53498,7983.5786,2418.9223
53499,8011.8225,2542.6952
53500,8017.081,2631.2872
53501,8017.2506,2398.6849
53502,7993.4966,2404.7401
53503,7988.0263,1971.1568
53504,7986.4331,2399.1372
53505,7993.2054,1896.6395
53506,7981.507,2357.5406
53507,7997.7917,2076.4919
53508,7998.9846,1885.6191
53509,8007.4485,2295.7871
53510,7996.3,2239.2704
53511,7986.1536,2213.2181
53512,7986.638,1666.2868
53513,7978.77,2458.9497
53514,8006.7601,2565.6234
53515,7998.2348,2255.718
53516,7992.8463,2485.9766
53517,8013.06,1879.6437
53518,7986.0026,2338.9758
53519,8003.6584,2413.0765
53520,8006.21,1790.76
53521,7996.4631,2197.8118
53522,8008.8126,2259.8828
53523,8002.0836,2292.3398
53524,7994.7474,2098.7531
53525,7999.3184,1807.8746
53526,7990.4978,1979.3006
53527,7991.9123,1756.7498
53528,7971.0928,2613.2758
53529,7991.3542,1961.3819
53530,7997.9697,2531.5609
53531,7974.2434,2130.2127
53532,7998.7459,2075.485
53533,8002.9361,2556.9093
53534,7981.9971,1819.6783
53535,8000.076,2623.4337
53536,7970.4125,2179.9108
53537,7984.8796,2324.5074
53538,7968.384,2273.9711
53539,7993.9317,1660.506
53540,7971.9012,2248.0598
53541,7985.1914,1684.9076
53542,7988.2068,1655.6299
53543,7968.858,2556.823
53544,7982.8396,1826.8474
53545,7977.2918,2256.592
53546,7995.3132,2363.6021
53547,7970.1158,2299.0554
53548,7998.093,2481.9217
53549,7962.5286,2128.0114
53550,7999.046,2526.1197
53551,7989.498,2063.5259
53552,7975.7778,1644.3725
53553,7997.2336,1754.6671
53554,7990.5537,1796.5823
53555,7979.9087,2207.3713
53556,7985.2592,2084.8872
53557,7962.2187,2448.318
53558,7983.9982,2400.3699
53559,7976.7953,2500.434
53560,7987.566,2051.0213
53561,7961.6045,1891.8791
53562,7975.2429,2203.3379
53563,7976.0981,2099.7746
53564,7972.6212,2442.7971
53565,7976.4714,2106.6811
53566,7965.0106,2430.5031
53567,7964.8099,1776.701
53568,7968.4797,2587.8771
53569,7958.2002,2157.8936
53570,7986.1217,2217.5783
53571,7959.2611,1749.4008
53572,7963.5787,2433.5612
53573,7986.3685,2171.9883
53574,7958.4629,2564.4707
53575,7984.2278,2395.5392
53576,7967.1708,2563.3841
53577,7976.5656,1729.6935
53578,7975.5725,2356.0354
53579,7985.6863,2262.4505
53580,7962.3831,2112.8335
53581,7948.0921,2516.6395
53582,7979.6778,2561.8878
53583,7973.4553,2247.7813
53584,7971.9277,2138.1551
53585,7974.3941,2430.6316
53586,7969.0092,1723.4995
53587,7962.1806,2297.4205
53588,7966.2053,2295.3007
53589,7951.513,1842.6582
53590,7960.511,2126.1921
53591,7978.3982,2425.8792
53592,7967.7075,1794.679
53593,7970.484,1748.2337
53594,7974.6587,2230.775
53595,7958.0758,2507.9511
53596,7955.5087,1920.7339
53597,7968.839,1907.0122
53598,7955.6266,2103.5596
53599,7948.9014,1866.817
53600,7943.8936,2519.4339
53601,7956.1353,1627.3557
53602,7947.1573,1994.4021
53603,7956.5023,2440.238
53604,7946.2229,2382.7769
53605,7940.8088,2017.8626
53606,7947.2925,2470.7621
53607,7969.126,2418.1734
53608,7966.4758,1785.2326
53609,7969.6473,2120.9767
53610,7958.2436,2037.78
53611,7953.0299,1792.8743
53612,7942.0031,1991.5246
53613,7949.9724,2137.1697
53614,7958.4572,2153.4762
53615,7949.6707,2483.262
53616,7943.5867,2518.05
53617,7941.3888,2470.652
53618,7933.9037,2578.7567
53619,7961.0951,2288.7055
53620,7940.9865,1623.1405
53621,7942.1484,1793.2065
53622,7946.0844,2203.157
53623,7953.5181,2095.2933
53624,7939.4526,2462.6453
53625,7950.5213,2613.0116
53626,7956.76,1979.2484
53627,7930.1796,2273.5105
53628,7954.4546,2598.4878
53629,7931.85,1690.2584
53630,7950.1293,2348.0163
53631,7931.822,2017.3356
53632,7935.1097,2429.3933
53633,7952.2813,1764.7003
53634,7940.6048,2016.4863
53635,7936.0261,2155.9515
53636,7952.4919,2449.1301
53637,7928.1622,2248.7107
53638,7926.4042,2056.1439
53639,7925.6217,1864.5946
53640,7936.2149,1780.7119
53641,7932.8977,1711.2829
53642,7940.6954,2339.9188
53643,7955.5218,1991.2987
53644,7934.682,2586.0973
53645,7947.9577,1669.8178
53646,7936.254,1688.6225
53647,7931.4435,2486.4385
53648,7955.3444,1871.0117
53649,7930.9616,2162.9342
53650,7954.993,2069.3024
53651,7937.8959,1826.7106
53652,7944.0856,1928.1035
53653,7926.2725,2361.8997
53654,7929.3359,1927.4941
53655,7953.2168,2291.8213
53656,7916.9694,2005.3746
53657,7952.0682,2288.7438
53658,7927.6805,2435.1218
53659,7946.2075,2569.108
53660,7950.0965,2447.6183
53661,7918.8298,2281.5822
53662,7914.9035,2279.5675
53663,7932.0874,2531.7446
53664,7917.8823,2471.2917
53665,7917.5186,2029.0314
53666,7928.6422,2350.5984
53667,7936.1182,2148.9666
53668,7934.7991,2178.8158
53669,7911.0455,1848.2964
53670,7916.2528,2104.5892
53671,7916.082,2218.4256
53672,7936.6235,2239.5769
53673,7938.011,2313.2231
53674,7908.5584,1937.0782
53675,7912.0144,2049.7257
53676,7914.2429,2302.216
53677,7934.0678,1703.2926
53678,7936.4111,2571.0625
53679,7912.7765,2231.55
53680,7913.8654,2532.6319
53681,7917.7052,1902.8296
53682,7904.515,2039.1434
53683,7915.1966,1635.091
53684,7910.0695,1647.4408
53685,7938.4712,1646.9268
53686,7937.2894,2107.2635
53687,7900.0962,1788.0944
53688,7904.321,2118.0461
53689,7902.4509,2011.9636
53690,7925.9012,2207.3231
53691,7923.9194,1925.337
53692,7899.7166,2509.3558
53693,7934.7192,1861.8081
53694,7904.4792,1942.8658
53695,7898.8866,2386.9687
53696,7908.0644,2387.3708
53697,7931.1473,1954.1797
53698,7907.7058,1735.7813
53699,7905.2872,1627.5698
53700,7918.2176,2589.5921
53701,7910.4775,2117.9542
53702,7924.384,1795.3339
53703,7915.3738,2433.7348
53704,7923.2475,2355.9663
53705,7894.2492,1879.2759
53706,7907.4687,2481.3886
53707,7925.2835,1631.0073
53708,7908.5345,2272.5321
53709,7893.7311,1767.7615
53710,7899.072,1826.2505
53711,7926.4313,1782.7249
53712,7905.502,2101.3615
53713,7903.5542,1784.9239
53714,7922.6429,2225.758
53715,7897.2167,2073.8033
53716,7914.5883,2222.7656
53717,7887.9892,1776.0924
53718,7916.7939,1979.6914
53719,7919.1005,2360.19
53720,7890.9191,1929.443
53721,7902.8472,2005.7347
53722,7885.5979,1732.6735
53723,7907.5139,1975.0803
53724,7893.9708,2579.4979
53725,7908.5744,2394.0809
53726,7910.2901,2019.7351
53727,7904.4873,2587.2
53728,7917.0794,2436.2838
53729,7915.2185,2183.6594
53730,7907.6765,2111.976
53731,7898.2069,2445.0822
53732,7902.5764,2460.034
53733,7898.8832,2315.6922
53734,7886.1411,2009.5009
53735,7901.4185,2595.3369
53736,7885.9388,1964.2356
53737,7879.0015,2172.3846
53738,7887.108,2462.0888
53739,7908.3914,2253.0675
53740,7885.2545,2149.2599
53741,7910.8789,2542.2746
53742,7911.2572,1657.9915
53743,7892.8794,2424.598
53744,7901.4593,1862.5628
53745,7911.1985,2466.8799
53746,7876.9995,2374.4643
53747,7873.7926,2434.7165
53748,7886.1849,2390.7265
53749,7886.8927,2364.5679
53750,7895.139,2216.3483
53751,7886.5021,2439.7295
53752,7895.4155,1910.0014
53753,7889.2098,2495.094
53754,7901.977,2033.2278
53755,7888.0178,2144.5572
53756,7875.9488,1716.3307
53757,7893.3906,2478.823
53758,7870.6114,1730.9418
53759,7879.5052,2529.9549
53760,7896.2152,2224.4536
53761,7888.806,1930.3697
53762,7885.078,2068.4224
53763,7891.8693,2041.1908
53764,7872.212,2231.8691
53765,7871.4672,1803.1847
53766,7875.3298,2157.6628
53767,7883.7622,2418.2839
53768,7887.4655,2431.8484
53769,7894.4242,1942.8856
53770,7870.7416,2345.231
53771,7897.705,1914.3914
53772,7877.2149,2143.6766
53773,7896.6988,1709.7919
53774,7867.7528,2314.0774
53775,7897.0824,2282.3111
53776,7862.5607,2487.1542
53777,7885.9978,2432.4637
53778,7861.5177,2575.0045
53779,7886.4058,1819.8464
53780,7867.8272,2527.623
53781,7877.3627,1758.8063
53782,7889.3908,1704.6525
53783,7860.4463,2064.2571
53784,7886.1458,2383.1304
53785,7873.4828,1641.513
53786,7861.001,1870.4337
53787,7867.5602,1876.5868
53788,7884.0776,1636.6691
53789,7863.2192,1827.844
53790,7875.7818,2385.396
53791,7865.2453,2556.0998
53792,7891.1302,2201.5268
53793,7868.2146,1703.7275
53794,7885.1299,2241.8735
53795,7880.1412,2302.1765
53796,7856.133,2152.8511
53797,7875.6928,2431.347
53798,7858.6382,1801.1356
53799,7881.9158,2551.1957
53800,7889.6348,1981.127
53801,7863.1452,2273.3674
53802,7862.999,2168.2402
53803,7855.5622,2175.6575
53804,7856.9165,2453.5776
53805,7862.9876,2348.2116
53806,7879.5848,2287.8993
53807,7866.9257,2585.5005
53808,7851.4984,2457.529
53809,7846.9398,1803.172
53810,7880.4037,1933.3141
53811,7884.2401,1914.5501
53812,7865.6367,1939.1443
53813,7875.9337,2266.0997
53814,7870.0947,2053.8438
53815,7847.8832,2408.064
53816,7866.6519,2420.9043
53817,7863.8225,1869.0467
53818,7879.257,1888.7971
53819,7881.2681,2438.9142
53820,7872.4722,1899.8821
53821,7856.2985,1787.6579
53822,7861.6326,1887.9253
53823,7856.4923,2121.7629
53824,7878.3622,2467.6883
53825,7841.7838,2385.9841
53826,7861.8068,2487.335
53827,7852.5037,2011.724
53828,7854.168,2579.3611
53829,7856.9767,2295.1333
53830,7845.4845,2053.2789
53831,7875.3739,1684.1045
53832,7870.7431,2149.855
53833,7837.4113,2029.5359
53834,7840.5528,2318.1257
53835,7859.1857,1746.3395
53836,7866.6416,2474.4619
53837,7867.1892,1641.7565
53838,7841.9647,2144.6091
53839,7866.0217,2577.052
53840,7871.92,2035.7499
53841,7853.2713,1828.199
53842,7854.1887,2169.5226
53843,7867.5905,2417.5445
53844,7844.5139,1741.3896
53845,7839.4621,1624.528
53846,7867.0956,1863.6231
53847,7854.3109,1839.7092
53848,7834.374,2032.1036
53849,7852.4896,2321.9515
53850,7830.6505,2276.4403
53851,7846.0273,1779.1173
53852,7846.5548,2225.1055
53853,7843.4255,1928.0955
53854,7834.3056,2286.5813
53855,7828.8177,2047.3525
53856,7844.4065,2471.9488
53857,7831.4116,2099.9092
53858,7834.1868,1971.1566
53859,7858.9522,2014.1322
53860,7857.6626,2269.2968
53861,7861.1713,2286.4401
53862,7861.4596,2143.081
53863,7856.6765,1852.1569
53864,7849.454,2087.4774
53865,7823.4602,1797.7816
53866,7859.6428,1850.0907
53867,7856.3162,2390.3392
53868,7824.8481,2490.2293
53869,7838.8047,2131.118
53870,7855.4767,2409.8734
53871,7829.8401,2215.5638
53872,7844.0589,2133.2322
53873,7825.1954,1912.0186
53874,7853.3449,2451.0865
53875,7822.7088,2319.9046
53876,7846.5193,1989.1671
53877,7824.159,2479.0868
53878,7848.4283,2179.2888
53879,7834.731,2069.7022
53880,7853.9335,2513.9786
53881,7835.5496,2492.0785
53882,7845.6923,2489.3307
53883,7839.1965,1915.257
53884,7828.3968,2397.2564
53885,7816.9079,2061.7021
53886,7830.0895,1642.2512
53887,7846.9969,2449.8225
53888,7817.977,2494.2547
53889,7823.312,1966.247
53890,7840.9693,2209.4779
53891,7838.0109,2528.7809
53892,7837.6069,1798.081
53893,7819.0039,1673.7429
53894,7829.1553,2565.5225
53895,7831.0692,2509.3811
53896,7812.2561,1818.1077
53897,7841.3875,2180.8306
53898,7819.1145,2188.8044
53899,7820.7559,1877.0636
53900,7845.9183,2161.983
53901,7837.2582,1709.0539
53902,7814.2016,2257.2418
53903,7833.5234,1614.5934
53904,7828.5271,1666.6367
53905,7824.5234,2125.215
53906,7824.5234,2570.9233
53907,7842.8862,2413.4851
53908,7839.341,2494.345
53909,7839.9781,1981.2844
53910,7815.3667,1601.3063
53911,7838.4407,2519.2483
53912,7806.3358,2359.6859
53913,7807.2551,1677.9419
53914,7814.9522,1704.2165
53915,7831.1467,2180.7578
53916,7822.3815,1635.8701
53917,7824.5472,1822.7493
53918,7818.3582,2071.9894
53919,7839.1161,2551.9943
53920,7829.41,1852.1471
53921,7822.5547,1999.4329
53922,7829.4952,2515.7645
53923,7820.2211,1661.9042
53924,7809.4102,1829.8239
53925,7811.4456,2385.0166
53926,7812.8923,2446.1889
53927,7836.0173,1814.7876
53928,7809.9008,2426.8724
53929,7814.8656,2005.1485
53930,7823.3418,1945.6091
53931,7816.4076,2195.3323
53932,7813.6289,2083.2689
53933,7827.9276,1850.025
53934,7833.3538,2262.0862
53935,7820.4522,2115.23
53936,7802.9544,1734.2653
53937,7828.3412,1601.1899
53938,7796.3965,2089.7109
53939,7805.3684,1796.073
53940,7826.6143,2109.7988
53941,7817.4101,2341.035
53942,7795.1694,1611.3489
53943,7806.9982,1650.1513
53944,7828.5272,2051.8629
53945,7823.4162,1633.3989
53946,7811.2967,1754.4913
53947,7825.2797,1888.8813
53948,7790.3813,1953.5014
53949,7803.3597,2458.1054
53950,7825.0322,1726.0423
53951,7806.268,2146.5673
53952,7804.6095,1953.175
53953,7815.2024,2313.3366
53954,7825.4927,1821.5838
53955,7823.9315,2017.3383
53956,7799.0492,1894.5342
53957,7802.0772,2091.9882
53958,7801.4776,2501.1017
53959,7801.9325,2107.2908
53960,7789.5933,2322.8374
53961,7796.1067,1827.6894
53962,7811.1063,2543.4933
53963,7811.9161,2085.5392
53964,7789.1104,2434.3304
53965,7811.3916,2559.444
53966,7787.8779,2030.7113
53967,7801.7,2197.1006
53968,7782.5713,1975.6068
53969,7790.1337,2172.3807
53970,7800.4571,1815.6371
53971,7786.9253,2440.9455
53972,7818.7123,2005.4527
53973,7810.6076,1854.2114
53974,7788.803,2465.3356
53975,7815.819,2046.8034
53976,7812.7497,2005.2613
53977,7804.6599,1870.09
53978,7815.7383,2494.0797
53979,7796.854,2438.8578
53980,7811.7401,1897.369
53981,7809.2098,2058.4813
53982,7807.1917,2232.8035
53983,7791.9518,2000.4432
53984,7812.2681,2449.7753
53985,7803.5743,2296.3724
53986,7788.2884,2117.4602
53987,7795.62,2323.3864
53988,7797.4453,2490.2405
53989,7801.001,2514.8963
53990,7777.1463,1678.2705
53991,7797.1996,1966.9953
53992,7775.5386,2446.7667
53993,7775.4995,2435.9375
53994,7809.8532,2211.2954
53995,7780.9443,2331.5774
53996,7779.1066,1737.55
53997,7777.6059,1695.1901
53998,7792.1959,2291.1652
53999,7807.289,1769.7729
54000,7791.82,1718.0801
54001,7778.0077,2551.5292
54002,7806.5952,2458.3111
54003,7785.286,2003.7754
54004,7799.8928,2370.9719
54005,7798.5921,1605.4911
54006,7795.9583,2169.1731
54007,7784.7795,2455.9104
54008,7798.329,1889.1425
54009,7778.9986,1581.8767
54010,7792.9505,1921.2126
54011,7783.1588,2332.3073
54012,7773.8622,2396.2247
54013,7788.8823,2305.5869
54014,7782.0082,1595.3376
54015,7795.7825,1974.5281
54016,7770.4074,2215.1796
54017,7775.8015,2337.9478
54018,7775.4031,2114.5116
54019,7780.5968,2468.8454
54020,7781.5392,1699.5172
54021,7786.6404,1839.2997
54022,7771.0517,2510.5957
54023,7779.0973,2253.2771
54024,7796.9279,1900.9846
54025,7794.4244,1855.3239
54026,7790.0185,1670.2101
54027,7795.3358,2169.3392
54028,7762.6052,2267.783
54029,7763.5191,2507.4286
54030,7760.2964,1609.7912
54031,7762.0069,2222.9443
54032,7794.1689,2412.8941
54033,7789.6151,1757.0825
54034,7788.664,1925.9173
54035,7761.6337,1635.055
54036,7783.6953,1734.2286
54037,7770.552,1773.255
54038,7762.3836,1678.0723
54039,7759.6848,1678.0748
54040,7764.75,2465.4832
54041,7764.1299,2330.9567
54042,7774.2826,2375.6552
54043,7781.901,2130.3083
54044,7774.3779,1838.6724
54045,7780.9921,1824.6743
54046,7776.5221,1983.8583
54047,7756.5724,2051.7657
54048,7757.8332,1864.0886
54049,7775.2412,1961.1801
54050,7771.2697,2111.7871
54051,7770.6297,2497.893
54052,7773.8446,2005.0417
54053,7779.8773,1642.8466
54054,7756.575,1875.0417
54055,7758.0666,1960.3395
54056,7783.6623,1980.6444
54057,7762.844,1870.7819
54058,7759.0483,2252.6502
54059,7753.5073,1660.3398
54060,7778.6777,2556.5304
54061,7769.0009,2029.1737
54062,7759.8612,2397.8612
54063,7753.7767,2043.867
54064,7752.7656,2287.6733
54065,7781.472,1902.6096
54066,7757.9438,2449.2985
54067,7749.8002,2236.733
54068,7750.7333,2493.7541
54069,7760.9305,2312.4456
54070,7747.3404,2505.287
54071,7752.1124,2491.1454
54072,7759.4611,2312.0257
54073,7755.6039,1975.786
54074,7775.7122,2123.4811
54075,7757.8048,1821.5924
54076,7745.503,1602.7292
54077,7751.4707,2468.1295
54078,7753.9464,2486.8397
54079,7746.3011,2440.1931
54080,7745.9879,2417.9269
54081,7750.6906,2411.8782
54082,7765.124,1943.9266
54083,7762.6722,2141.9312
54084,7755.8261,1745.953
54085,7773.7205,2531.4365
54086,7750.2063,1797.7949
54087,7755.6952,2142.0006
54088,7750.1484,2381.8343
54089,7759.9329,1869.0567
54090,7760.039,2172.4373
54091,7766.3619,1676.0699
54092,7748.9397,1589.1823
54093,7750.266,2397.6501
54094,7765.6176,1875.764
54095,7774.2145,1735.2728
54096,7745.4788,2240.8415
54097,7736.451,2288.1966
54098,7755.6701,2206.9341
54099,7754.6811,1776.0679
54100,7748.3238,2537.8974
54101,7740.3631,2187.7326
54102,7768.2854,2492.5247
54103,7769.1411,2113.7714
54104,7753.0448,2161.0665
54105,7733.7201,1954.6347
54106,7759.5878,1793.2777
54107,7747.9853,1803.8929
54108,7742.3552,2144.4377
54109,7741.1288,2351.4079
54110,7764.3749,2233.928
54111,7753.6734,2491.0089
54112,7753.379,2051.2944
54113,7750.9096,2000.1326
54114,7749.3104,2171.8495
54115,7748.7866,2034.9706
54116,7735.7733,1615.8766
54117,7738.9793,1600.3767
54118,7752.0848,2482.8362
54119,7748.6836,1821.7784
54120,7729.4926,1719.6191
54121,7730.9296,2434.6028
54122,7759.5805,2185.4312
54123,7729.7459,2500.5035
54124,7747.133,1603.4132
54125,7761.3717,2383.7625
54126,7727.0115,2331.9854
54127,7749.9369,1768.3742
54128,7733.5559,1585.6304
54129,7728.2451,1745.2268
54130,7758.9893,1779.8419
54131,7738.5671,2497.8642
54132,7732.4418,2428.2239
54133,7744.9045,2462.0925
54134,7758.3853,1924.7871
54135,7728.6552,2315.7098
54136,7760.1167,2387.3288
54137,7733.1041,2190.3703
54138,7754.7444,2350.0501
54139,7724.4802,2265.3386
54140,7760.1424,1645.3827
54141,7721.8602,2276.399
54142,7732.665,2026.7282
54143,7758.4627,2166.6385
54144,7747.4956,1718.6422
54145,7757.1323,2395.9931
54146,7741.3337,2018.8788
54147,7744.3724,2319.2112
54148,7741.7645,2331.1319
54149,7754.3468,1582.569
54150,7720.167,2073.964
54151,7742.1194,1850.6137
54152,7751.3569,2244.9835
54153,7750.2416,2056.8337
54154,7721.2287,1760.7231
54155,7736.1977,1679.6003
54156,7725.0329,2538.7444
54157,7718.6827,2039.3897
54158,7721.153,2056.7092
54159,7732.6058,2479.8782
54160,7721.0426,2329.3825
54161,7716.3456,1617.4938
54162,7729.0685,2145.7211
54163,7716.9628,2110.186
54164,7717.1963,2155.3985
54165,7722.4014,2137.1722
54166,7746.0058,2525.0771
54167,7737.8641,2302.1674
54168,7740.4391,2339.4533
54169,7718.3137,2507.1455
54170,7723.2048,2199.5303
54171,7739.5733,1850.9564
54172,7717.6326,1859.0941
54173,7728.1273,2282.7822
54174,7732.9967,2079.2552
54175,7732.9053,1593.8982
54176,7711.7243,2495.6194
54177,7745.1982,2213.8784
54178,7733.2854,1979.8977
54179,7726.5312,2027.1015
54180,7739.5352,2507.4302
54181,7722.0836,2434.2958
54182,7738.3258,2064.2199
54183,7742.6648,1827.5863
54184,7709.6585,1600.8115
54185,7727.4792,2478.0735
54186,7744.678,2518.4427
54187,7708.7611,2027.8972
54188,7706.4151,2388.8626
54189,7717.1521,2147.0814
54190,7732.83,2063.8907
54191,7743.6097,2088.8191
54192,7737.4126,2496.0742
54193,7738.0862,2129.3932
54194,7721.2633,2280.7655
54195,7722.5097,1990.9202
54196,7730.1759,2437.969
54197,7739.9421,2432.2074
54198,7704.6928,1949.9899
54199,7720.627,2221.8304
54200,7736.7872,2042.9138
54201,7733.0482,2270.9993
54202,7721.686,1597.7568
54203,7718.7605,1853.0849
54204,7732.1469,2450.1678
54205,7727.0796,2255.1359
54206,7708.1975,2154.5961
54207,7722.0204,1638.6952
54208,7718.8753,1677.3194
54209,7705.0561,1594.6954
54210,7715.4987,2147.5674
54211,7709.9747,2093.0699
54212,7724.8109,2126.0583
54213,7733.3786,2439.3658
54214,7715.6189,2178.5383
54215,7709.1069,2361.522
54216,7730.1203,1835.1176
54217,7721.8486,2276.6757
54218,7702.759,1576.4972
54219,7731.0706,2084.3836
54220,7722.9889,2241.9606
54221,7724.5186,1679.2227
54222,7704.1092,1700.0336
54223,7722.7307,2062.4082
54224,7722.8245,2334.7767
54225,7731.8676,1724.0634
54226,7728.841,1846.4559
54227,7695.497,2099.1032
54228,7712.6263,2050.5758
54229,7711.8323,1839.4386
54230,7718.6527,2142.2838
54231,7703.2366,1837.7346
54232,7713.7065,2373.7805
54233,7722.5374,1876.7777
54234,7719.6468,2113.5301
54235,7700.4612,2142.4594
54236,7716.9382,1807.5736
54237,7690.9576,2254.5859
54238,7712.2738,1745.6517
54239,7691.3796,2384.8787
54240,7725.7085,2169.9463
54241,7711.4493,2532.8645
54242,7688.7111,2222.9561
54243,7723.5625,2064.0831
54244,7724.8733,2424.6745
54245,7712.3487,2261.1874
54246,7701.6195,1617.0217
54247,7714.0622,2105.1474
54248,7723.5509,2156.2868
54249,7724.4265,2127.4019
54250,7707.8543,2086.0999
54251,7717.6713,1611.7987
54252,7696.8465,1888.3542
54253,7686.1776,1992.5127
54254,7684.572,2241.2079
54255,7706.0409,2213.0352
54256,7722.3497,1767.6871
54257,7695.7451,2043.0129
54258,7696.7005,1761.8948
54259,7719.9817,1912.2968
54260,7683.2027,2267.3461
54261,7682.4067,2143.7951
54262,7688.1829,1826.1666
54263,7712.2438,2152.0797
54264,7689.9702,1608.8144
54265,7687.4498,2197.4187
54266,7701.2315,1928.7703
54267,7714.4684,1590.9571
54268,7687.0454,2497.5769
54269,7710.8792,2141.48
54270,7686.432,1920.899
54271,7701.6378,2369.2087
54272,7682.7669,2191.7492
54273,7697.7471,1895.6517
54274,7713.4468,2512.3814
54275,7705.3487,1850.9893
54276,7705.4904,1929.4744
54277,7703.9718,1897.3949
54278,7683.8653,2137.902
54279,7706.9093,1965.4123
54280,7697.6492,2025.7835
54281,7699.8701,2290.8844
54282,7709.3731,1977.8746
54283,7705.8292,2282.483
54284,7681.349,1607.5443
54285,7683.9187,2038.3003
54286,7688.0703,1816.4428
54287,7690.8513,2365.4532
54288,7674.3679,2432.2559
54289,7691.3966,2158.8618
54290,7702.1763,2248.0163
54291,7685.9167,2199.624
54292,7701.9627,1685.6109
54293,7674.3559,2136.9648
54294,7687.5698,1634.339
54295,7685.5915,1920.155
54296,7683.5604,2459.3462
54297,7674.9193,2007.7985
54298,7672.184,2071.6952
54299,7691.8482,1769.313
54300,7672.7483,1614.2944
54301,7676.7945,2247.9289
54302,7695.661,2295.1728
54303,7685.3338,2040.9159
54304,7685.257,2099.7903
54305,7701.1465,2038.1431
54306,7699.1089,1565.6598
54307,7696.2717,1866.5675
54308,7682.2849,1685.5798
54309,7686.2145,2285.4343
54310,7692.2342,2375.0979
54311,7670.4405,2043.463
54312,7688.876,1832.8832
54313,7689.4748,1739.9156
54314,7667.8878,1753.5824
54315,7677.9654,2315.9545
54316,7667.3803,1958.5041
54317,7678.2295,2355.2527
54318,7672.4735,2373.1125
54319,7664.4534,1912.3653
54320,7684.9992,1697.9311
54321,7695.0072,2235.9912
54322,7678.2291,1622.7612
54323,7681.8626,1912.0247
54324,7685.4532,2422.0473
54325,7675.3236,2330.6992
54326,7661.7007,1675.1479
54327,7681.8335,2388.0474
54328,7693.7106,2436.1295
54329,7677.1449,1705.7123
54330,7662.3329,2144.0545
54331,7693.9138,2093.2058
54332,7686.9908,2521.6242
54333,7679.6142,2496.0195
54334,7666.0797,2466.4153
54335,7674.029,1707.5719
54336,7662.1532,2203.5685
54337,7658.3803,2370.6314
54338,7693.8681,2498.1364
54339,7690.555,1782.0033
54340,7657.3334,2489.4063
54341,7662.2992,2442.4764
54342,7662.6422,1975.9835
54343,7665.0911,2189.0485
54344,7689.0467,1656.3798
54345,7678.2019,1766.8846
54346,7654.4379,1982.4968
54347,7677.7105,2269.8717
54348,7668.0789,2300.0592
54349,7666.7188,1601.0896
54350,7690.0559,2178.9552
54351,7664.4012,1702.3718
54352,7680.4097,2248.5216
54353,7671.2648,1850.5986
54354,7689.7686,1755.5018
54355,7664.1248,1837.6569
54356,7672.0447,2390.1877
54357,7674.9054,1713.4917
54358,7670.8933,2465.7276
54359,7661.7862,2371.2641
54360,7659.9628,1665.8452
54361,7678.1901,2162.898
54362,7677.0424,2063.4859
54363,7670.7928,2294.5771
54364,7671.8316,2438.6575
54365,7648.4679,2345.0592
54366,7659.7102,2150.0752
54367,7679.0925,2210.4896
54368,7669.2253,2430.3698
54369,7660.8395,1680.4097
54370,7679.4304,2356.7439
54371,7679.7983,1984.9435
54372,7672.0956,1962.2234
54373,7656.3404,2122.4331
54374,7682.1885,2011.2804
54375,7676.7457,2351.9964
54376,7663.128,1888.4672
54377,7648.8585,2443.1307
54378,7676.0025,1599.7196
54379,7658.0735,1593.5131
54380,7662.6534,2264.8382
54381,7650.5884,2143.1494
54382,7651.7339,2314.994
54383,7664.4264,1597.5378
54384,7658.5338,2091.0215
54385,7674.2158,2036.2386
54386,7674.4388,2478.8642
54387,7676.2693,1957.8118
54388,7660.9559,2358.2398
54389,7649.2239,1909.471
54390,7673.2084,2474.9166
54391,7645.9455,2085.7305
54392,7669.7084,1624.4421
54393,7638.3445,2151.0672
54394,7643.4144,1981.3748
54395,7650.6374,1596.5061
54396,7665.1926,1656.4387
54397,7670.1162,2135.1106
54398,7658.9997,2049.6769
54399,7638.909,1728.6045
54400,7656.6694,1980.4418
54401,7658.2209,1883.4797
54402,7658.8795,2468.6196
54403,7645.2801,1924.431
54404,7647.78,1682.6727
54405,7659.4474,1821.7335
54406,7635.1478,2159.5067
54407,7638.6777,1838.2178
54408,7651.5065,1561.6886
54409,7636.0835,2237.6753
54410,7663.4813,2411.3364
54411,7647.4234,2013.8833
54412,7659.8502,1561.5949
54413,7645.2446,1891.1101
54414,7653.2036,1918.7502
54415,7665.6194,1848.2722
54416,7662.509,2330.6004
54417,7629.8435,1656.844
54418,7654.026,2172.4988
54419,7636.5923,1926.634
54420,7654.4675,1740.6519
54421,7642.3146,2273.7267
54422,7629.3865,1725.503
54423,7650.1471,1806.8181
54424,7643.738,2149.2748
54425,7655.8195,2240.156
54426,7642.6316,2388.837
54427,7638.2104,1561.1961
54428,7626.6757,2214.4235
54429,7645.1998,1714.7708
54430,7648.9873,2225.7501
54431,7654.4129,2409.8694
54432,7644.3349,1762.8315
54433,7633.9974,1580.9086
54434,7654.7425,2110.5016
54435,7641.9643,1659.9227
54436,7642.1364,2404.0318
54437,7628.1848,2002.4636
54438,7642.7501,2442.9447
54439,7636.3698,1823.297
54440,7626.1421,2397.466
54441,7626.58,2120.3165
54442,7651.6969,2058.8375
54443,7641.1416,1960.6347
54444,7653.195,1875.4733
54445,7655.3507,2320.4048
54446,7634.7136,1796.2534
54447,7626.2875,1921.5143
54448,7649.1683,2438.6024
54449,7649.6669,2175.5331
54450,7645.0281,1857.8709
54451,7628.6027,2120.848
54452,7647.0595,1880.9514
54453,7644.1521,2036.9729
54454,7626.6441,1837.3632
54455,7642.2646,2037.2379
54456,7643.5281,2267.3888
54457,7645.0779,2137.0234
54458,7645.6068,2110.6298
54459,7620.4965,1658.836
54460,7614.713,2493.6527
54461,7627.8526,2403.9757
54462,7642.6439,2046.2794
54463,7650.46,2214.5107
54464,7635.5446,2379.8217
54465,7645.3449,2421.1783
54466,7628.1331,1851.4663
54467,7619.1336,2169.3813
54468,7641.3298,2151.9966
54469,7647.9749,2165.2675
54470,7645.0993,2142.6374
54471,7622.7003,1750.0341
54472,7628.0742,2202.5146
54473,7640.8053,2205.1746
54474,7615.8561,2015.0063
54475,7643.2134,2077.8074
54476,7642.6132,1669.4838
54477,7625.4453,2381.8085
54478,7627.7374,2049.2384
54479,7625.3477,2337.9292
54480,7630.8562,2436.9209
54481,7625.7413,1575.3921
54482,7615.9748,1925.9309
54483,7614.5074,2241.9598
54484,7611.253,1839.1779
54485,7612.4492,1936.1359
54486,7631.6212,2243.0738
54487,7621.4717,2341.02
54488,7605.9954,2482.9145
54489,7604.5681,2024.4106
54490,7623.7484,2297.2014
54491,7612.5148,2453.765
54492,7617.9537,1783.3614
54493,7628.4399,2348.5766
54494,7606.8408,1988.8271
54495,7602.6249,1871.1621
54496,7605.3095,2351.5166
54497,7628.5757,1818.0691
54498,7601.8342,2072.2475
54499,7614.3482,1777.3427
54500,7607.7563,2281.6035
54501,7635.4971,2506.4686
54502,7635.3792,1737.6691
54503,7629.8471,2340.7644
54504,7606.1299,1957.494
54505,7612.9964,2383.3967
54506,7631.3171,2384.8131
54507,7613.3206,1979.2816
54508,7631.3667,1899.068
54509,7602.3421,2176.4913
54510,7601.4792,1855.95
54511,7597.6092,1926.1829
54512,7600.3167,2287.7538
54513,7619.0272,1838.1447
54514,7606.4067,1968.3045
54515,7595.3816,1950.774
54516,7613.4624,2323.664
54517,7620.3534,2221.9553
54518,7594.0608,1797.8141
54519,7594.0506,1904.8627
54520,7609.3375,1656.5333
54521,7593.7968,2390.2059
54522,7604.4626,1948.7931
54523,7604.1567,1898.8656
54524,7608.379,1781.4717
54525,7591.6756,2175.0696
54526,7624.9411,2317.5395
54527,7618.7463,2148.8573
54528,7608.8897,2391.9386
54529,7625.5487,1804.3659
54530,7607.8135,2338.129
54531,7621.782,1701.8344
54532,7617.988,1691.8984
54533,7623.1017,2454.3494
54534,7622.5863,2290.7982
54535,7602.9873,2387.8913
54536,7610.3316,1689.6939
54537,7614.921,2088.0286
54538,7618.9574,2309.2362
54539,7608.8438,2420.1369
54540,7611.5748,1990.7675
54541,7607.9441,2077.767
54542,7612.4485,2111.2247
54543,7592.8246,2306.3448
54544,7588.3754,2007.6083
54545,7617.0193,1976.4908
54546,7587.7732,1850.8976
54547,7593.2908,2414.9416
54548,7606.0133,1768.9382
54549,7594.3266,2063.8742
54550,7600.3851,1717.4688
54551,7615.6842,2395.7355
54552,7585.976,1655.5318
54553,7585.4908,2191.1402
54554,7580.0234,1587.8175
54555,7601.3877,1667.1994
54556,7593.7529,2491.7868
54557,7614.2214,1720.0458
54558,7613.4067,1695.4227
54559,7591.0528,1758.6035
54560,7594.3761,2287.8937
54561,7587.9565,2033.8178
54562,7584.2776,2183.8849
54563,7574.326,1739.7164
54564,7601.0419,2243.3463
54565,7609.6236,2107.7553
54566,7579.7749,1750.3241
54567,7576.6775,1551.8498
54568,7582.9824,1948.2909
54569,7602.9102,2416.7668
54570,7587.0505,1808.2686
54571,7574.3568,2458.8506
54572,7605.4606,2424.5724
54573,7594.423,1778.2547
54574,7583.3164,1842.3138
54575,7578.943,1642.0374
54576,7590.4771,2242.0435
54577,7584.1872,1914.0553
54578,7593.2301,1766.6601
54579,7580.0261,1763.22
54580,7595.554,1566.2642
54581,7582.0129,1826.4124
54582,7589.0886,2467.1618
54583,7568.2247,1646.916
54584,7573.9212,2154.7697
54585,7577.2425,2108.0683
54586,7564.9019,1859.6521
54587,7581.2525,2172.0615
54588,7577.2961,2346.3245
54589,7589.5319,1888.7888
54590,7594.6199,1882.358
54591,7569.769,1834.8707
54592,7571.3115,2452.9655
54593,7561.9926,1556.675
54594,7595.8464,2248.7697
54595,7577.9767,1961.7901
54596,7573.5956,1846.1037
54597,7565.6361,2308.5634
54598,7586.1082,1675.9451
54599,7561.525,2196.965
54600,7563.4063,2308.9473
54601,7594.6169,2291.7366
54602,7589.1172,2158.0569
54603,7564.4399,2235.5688
54604,7568.379,2219.3129
54605,7557.2324,1827.2421
54606,7570.0936,1709.5483
54607,7555.9931,1864.776
54608,7560.6854,1757.7721
54609,7575.8669,2288.9641
54610,7583.5744,1734.3339
54611,7557.8632,1993.7114
54612,7577.8712,2297.7875
54613,7569.3811,1716.0338
54614,7563.8039,1797.1388
54615,7554.0691,2035.7445
54616,7560.5183,2442.5502
54617,7574.3622,1945.2162
54618,7553.7018,2284.6858
54619,7553.0842,1906.3143
54620,7570.7665,2384.0719
54621,7580.2385,1662.7827
54622,7580.2198,2038.168
54623,7558.9227,2277.5594
54624,7564.3465,2325.6493
54625,7553.1027,1848.3555
54626,7547.7032,2023.764
54627,7571.4367,2363.5287
54628,7548.9143,2257.227
54629,7559.8438,2064.3922
54630,7559.3538,2147.0809
54631,7572.6427,1730.2997
54632,7577.8071,1940.8821
54633,7580.6243,1754.7869
54634,7549.0734,1925.4954
54635,7547.6936,2326.6217
54636,7564.1191,2224.2716
54637,7552.2688,2220.8855
54638,7570.3484,2118.0777
54639,7575.9274,2184.0899
54640,7552.3687,1678.861
54641,7554.089,2090.9028
54642,7570.4613,1726.0837
54643,7545.1039,2416.1633
54644,7543.0138,2010.3181
54645,7552.421,1734.5206
54646,7571.1604,2050.9862
54647,7537.3218,2176.3872
54648,7545.4901,2133.6188
54649,7571.4805,2190.8004
54650,7535.5244,2452.9723
54651,7548.8561,1725.7773
54652,7564.8688,2342.3248
54653,7557.9162,1860.9984
54654,7546.4034,2113.2445
54655,7543.9868,2040.8382
54656,7535.6533,1745.6888
54657,7540.1184,2098.3808
54658,7552.213,2152.9869
54659,7536.0074,1868.1575
54660,7560.935,1952.1589
54661,7553.3063,2479.3273
54662,7565.1182,1667.2527
54663,7533.8109,1574.1335
54664,7545.9581,2333.321
54665,7529.1329,2250.0948
54666,7561.1686,2284.0718
54667,7533.7414,2054.148
54668,7543.8906,1883.9423
54669,7534.9814,1891.1318
54670,7553.8138,2061.8785
54671,7561.2235,2349.6245
54672,7553.7755,1939.4709
54673,7561.4687,2133.019
54674,7544.9024,1586.2238
54675,7547.5368,1577.3421
54676,7543.7717,2372.6653
54677,7527.2969,2406.2784
54678,7532.7203,1709.0376
54679,7553.4701,1790.3745
54680,7520.97,1998.1128
54681,7533.0695,2061.2667
54682,7527.9429,1530.2512
54683,7544.2828,2350.1202
54684,7545.9632,1723.3202
54685,7544.5787,1849.5457
54686,7519.9668,2408.4352
54687,7525.961,1809.0793
54688,7541.826,2203.0402
54689,7518.7822,2073.7195
54690,7530.4641,2382.6367
54691,7547.6717,1861.1759
54692,7545.4012,2003.5744
54693,7537.2011,2425.2931
54694,7522.4218,2011.0932
54695,7518.6896,2053.4607
54696,7527.0923,1839.1724
54697,7549.2934,2379.7667
54698,7528.6689,1983.6172
54699,7518.7454,2069.4226
54700,7515.7755,1846.0066
54701,7531.5836,1958.6192
54702,7518.7667,2292.0174
54703,7521.1271,2386.6419
54704,7513.5432,2466.7789
54705,7528.7427,1798.8272
54706,7530.6128,2283.9622
54707,7521.7066,2333.636
54708,7542.0871,1571.4416
54709,7524.4294,1550.729
54710,7512.1068,1633.3942
54711,7511.9606,1964.2419
54712,7529.0216,2462.0867
54713,7530.3166,2155.5578
54714,7539.9671,1836.5421
54715,7538.9349,2188.639
54716,7526.0404,1885.6851
54717,7524.0597,2230.459
54718,7502.1884,2428.9278
54719,7506.4131,2254.3013
54720,7507.7102,1776.3297
54721,7526.1342,1673.1399
54722,7507.144,2040.0007
54723,7529.3554,2158.3814
54724,7504.681,2284.1545
54725,7523.5498,1617.4064
54726,7521.4873,2051.3679
54727,7533.566,2304.5161
54728,7496.4828,1737.0099
54729,7525.2849,2306.0522
54730,7494.8959,1877.3294
54731,7529.9705,2023.9827
54732,7495.7879,2461.1153
54733,7500.9518,1742.331
54734,7509.1264,1698.4314
54735,7521.9887,1708.1511
54736,7517.04,2461.4021
54737,7497.5431,1852.8007
54738,7508.9598,2273.5284
54739,7499.7282,2409.3948
54740,7522.6356,1958.4734
54741,7502.9521,1903.7036
54742,7525.3531,2315.7082
54743,7490.7839,2069.0487
54744,7509.0619,1715.5573
54745,7517.3842,2383.6341
54746,7504.6906,1851.5336
54747,7507.7085,2255.1801
54748,7499.3072,2273.679
54749,7500.74,1827.1346
54750,7509.2997,1903.9504
54751,7499.2515,1876.5927
54752,7483.0283,2096.4776
54753,7492.7342,2113.3309
54754,7499.3027,1552.5373
54755,7487.9022,2190.6268
54756,7493.4285,2414.6945
54757,7496.8476,2242.5697
54758,7486.3314,1951.837
54759,7480.3886,1545.5797
54760,7510.4753,2151.0179
54761,7489.1198,2014.762
54762,7483.841,2438.4888
54763,7477.4936,1912.9334
54764,7482.4022,2281.7351
54765,7489.815,2251.2537
54766,7482.4827,2402.3061
54767,7501.96,1848.1987
54768,7505.1945,1750.3275
54769,7502.3768,2337.9515
54770,7487.4047,2279.7783
54771,7507.128,1998.5371
54772,7494.9476,2098.9002
54773,7496.9415,2210.5724
54774,7477.2159,2056.9561
54775,7473.528,2329.0906
54776,7474.1558,2024.8537
54777,7473.0829,2175.3146
54778,7479.4327,2072.8489
54779,7481.4831,2195.2278
54780,7473.1382,2269.0009
54781,7493.1801,1693.6308
54782,7498.4276,1714.3537
54783,7469.3659,1894.9116
54784,7488.7351,2121.1059
54785,7494.9632,1536.9929
54786,7471.4585,2015.7272
54787,7463.8247,2311.6697
54788,7477.83,2371.6731
54789,7474.1076,2362.2705
54790,7490.7141,1792.5615
54791,7483.0516,1808.6105
54792,7485.9748,1934.1075
54793,7485.1205,2277.0178
54794,7484.956,1715.3489
54795,7471.376,1882.5183
54796,7491.593,1734.6147
54797,7487.3974,2310.9731
54798,7490.6001,2396.5844
54799,7479.6915,1746.1523
54800,7457.8878,2295.7219
54801,7484.7877,1626.711
54802,7462.4213,2162.7854
54803,7453.6885,2135.2802
54804,7457.9804,2015.7539
54805,7480.8972,1733.9685
54806,7465.612,1593.6831
54807,7471.9594,2052.3803
54808,7460.9134,2099.703
54809,7476.6826,1570.052
54810,7455.2562,1624.0192
54811,7482.532,2300.8818
54812,7477.4579,1688.8217
54813,7480.1389,2129.711
54814,7462.3209,1830.5285
54815,7466.1073,2088.2511
54816,7466.1903,2361.4968
54817,7467.2333,2426.7713
54818,7450.5282,2404.6323
54819,7467.1745,2371.8357
54820,7472.3287,1543.1307
54821,7444.3663,1600.5371
54822,7466.7012,1761.4861
54823,7444.8093,2191.1132
54824,7470.5956,1748.2256
54825,7441.0512,1711.0265
54826,7467.5615,1972.31
54827,7441.8863,2272.9507
54828,7470.7854,1822.1283
54829,7457.9399,2291.8955
54830,7444.7092,1546.8196
54831,7461.2208,2413.7782
54832,7440.9198,1624.6119
54833,7443.1835,2285.3517
54834,7468.1647,1813.5351
54835,7442.5677,1888.4143
54836,7459.2405,2119.6825
54837,7436.6112,1881.9949
54838,7466.1828,1735.2631
54839,7458.0502,2072.1444
54840,7458.9319,2382.3546
54841,7448.481,2361.7486
54842,7456.4114,2106.0755
54843,7455.5122,2037.7014
54844,7433.5325,1690.4957
54845,7459.9488,2199.2752
54846,7458.8041,1995.4481
54847,7462.4826,1947.5681
54848,7451.2536,2042.1726
54849,7454.5938,1843.6263
54850,7444.6488,1814.1236
54851,7456.4785,1628.8171
54852,7425.6934,2307.4774
54853,7455.3669,2094.8726
54854,7442.6268,2379.0502
54855,7450.591,2366.1214
54856,7447.1436,2315.5297
54857,7431.6205,1624.0875
54858,7421.4873,2162.0189
54859,7426.0099,1636.8121
54860,7431.1073,1518.309
54861,7419.155,1608.8455
54862,7438.7148,2378.6384
54863,7426.7082,2303.4289
54864,7450.1149,2272.4797
54865,7433.9817,2107.9173
54866,7413.9806,1770.0091
54867,7445.7106,2083.0279
54868,7421.7927,2326.8898
54869,7418.358,1670.0837
54870,7440.8637,1999.8538
54871,7440.715,1800.0816
54872,7421.8382,1886.7369
54873,7437.1776,1717.4776
54874,7436.3014,1614.8772
54875,7441.6867,2196.6599
54876,7409.2136,1577.1768
54877,7440.0509,2333.8198
54878,7433.4804,1560.9969
54879,7405.9172,1863.4693
54880,7424.0637,2139.1452
54881,7437.8221,2153.9714
54882,7425.9663,1928.9158
54883,7434.2458,2374.4693
54884,7433.9049,2071.5776
54885,7435.7643,1622.6191
54886,7412.9756,1772.495
54887,7432.6408,1861.4596
54888,7421.6122,1575.2537
54889,7411.1255,2410.0812
54890,7408.2095,1986.4693
54891,7432.6351,1654.4049
54892,7427.6136,2426.537
54893,7425.2896,2151.1549
54894,7419.878,1748.4251
54895,7411.3838,2092.2574
54896,7426.2746,1938.1154
54897,7416.652,2241.7732
54898,7411.5448,2146.9132
54899,7413.4258,1622.1379
54900,7410.223,1710.6667
54901,7396.9752,2125.3597
54902,7399.3397,1913.2203
54903,7407.6744,1680.2503
54904,7409.8426,2367.5367
54905,7418.44,1929.9369
54906,7390.8717,1506.9068
54907,7421.545,2417.6966
54908,7391.1384,1622.7328
54909,7398.7599,2060.5659
54910,7415.9266,1855.5628
54911,7389.0045,2082.6563
54912,7384.6626,2381.2036
54913,7390.4537,1877.2616
54914,7414.5534,2389.5272
54915,7397.75,2186.0497
54916,7389.2629,2027.4785
54917,7387.0979,1587.4322
54918,7379.3067,1889.5547
54919,7381.9269,1937.2528
54920,7394.5706,1791.2796
54921,7383.2897,1718.9062
54922,7393.0028,1972.2865
54923,7401.1242,1807.3143
54924,7373.8719,1559.6505
54925,7392.3064,2415.7244
54926,7373.4602,2156.1392
54927,7407.6282,2209.1789
54928,7391.8071,2227.3577
54929,7402.8942,2162.7863
54930,7395.4503,1690.4294
54931,7384.8035,1914.7459
54932,7400.9882,2189.1618
54933,7393.9269,2252.9052
54934,7370.4917,2274.384
54935,7381.9636,2339.7757
54936,7383.5294,2415.8488
54937,7367.4531,2238.457
54938,7398.8248,2253.0066
54939,7374.1156,2366.3139
54940,7365.914,1760.6823
54941,7387.0486,2334.6387
54942,7377.9039,1747.9829
54943,7392.1582,1584.6388
54944,7392.2224,2050.2172
54945,7385.6547,2030.6356
54946,7364.8137,2010.3209
54947,7372.0321,2343.4137
54948,7380.9994,2295.7708
54949,7372.1775,2102.8364
54950,7355.6225,2278.5056
54951,7388.052,1672.1103
54952,7358.4126,1991.5527
54953,7373.5811,2283.3739
54954,7365.5554,2064.7827
54955,7357.503,2168.0972
54956,7367.4154,2269.4729
54957,7367.9711,1596.2407
54958,7369.107,2253.369
54959,7372.852,2302.0895
54960,7366.0208,2269.0357
54961,7378.4035,1624.3014
54962,7353.7223,1911.5732
54963,7365.1953,1538.1421
54964,7353.9105,1547.3202
54965,7375.818,1807.3225
54966,7347.5886,2374.7596
54967,7347.8353,2006.493
54968,7348.9318,2305.761
54969,7357.5319,1570.0405
54970,7369.7052,2114.0934
54971,7360.4841,2396.2423
54972,7342.7614,2283.053
54973,7336.8564,1811.0165
54974,7359.242,2298.7558
54975,7351.8028,1968.3106
54976,7359.5707,1557.1664
54977,7343.6602,1571.6596
54978,7334.4957,1868.0995
54979,7339.3594,1802.9209
54980,7355.4166,1833.3265
54981,7346.4658,1824.4015
54982,7358.381,1501.0826
54983,7331.764,2079.7981
54984,7348.899,1977.1858
54985,7337.5286,2051.5378
54986,7360.8764,1614.8754
54987,7353.5971,1870.4054
54988,7338.3216,1690.1765
54989,7346.0372,2310.9055
54990,7348.5758,2301.1088
54991,7326.9759,1799.3041
54992,7339.757,2258.1279
54993,7328.1891,2391.056
54994,7335.6396,2286.1599
54995,7337.1874,1968.1882
54996,7340.8739,2057.4637
54997,7337.5268,1545.503
54998,7323.3833,2104.7403
54999,7323.1869,1668.5777
55000,7318.2417,2349.4506
55001,7349.9158,1976.0735
55002,7323.8793,2172.341
55003,7333.6383,1960.4415
55004,7318.9279,1843.8942
55005,7321.8875,1914.7797
55006,7346.2929,1660.8739
55007,7317.6127,1927.0549
55008,7327.0622,2293.4535
55009,7335.3677,1571.5546
55010,7323.7856,2019.6061
55011,7337.3488,1539.8305
55012,7330.8832,1760.3716
55013,7312.7611,2249.1328
55014,7334.682,1529.3612
55015,7324.5851,1639.1958
55016,7315.4222,2043.2292
55017,7307.4713,2259.2266
55018,7307.9578,2278.2832
55019,7312.8116,2219.269
55020,7329.7817,1868.3637
55021,7327.4663,2150.1247
55022,7317.5789,2202.3615
55023,7297.2875,2302.0723
55024,7322.8035,2202.6841
55025,7304.461,1594.0871
55026,7324.5876,1745.6143
55027,7298.7636,2047.3474
55028,7327.1971,1618.2226
55029,7311.5163,1949.2028
55030,7320.6145,2134.0202
55031,7301.5036,1682.4236
55032,7299.6902,2033.6848
55033,7290.8888,2035.6853
55034,7318.9323,2079.6794
55035,7286.9689,1952.1669
55036,7308.2682,1543.0825
55037,7307.2043,2357.623
55038,7300.0146,1691.9593
55039,7303.8531,2356.0196
55040,7308.347,1486.4482
55041,7302.7631,1504.2163
55042,7297.1036,1801.6164
55043,7304.0496,1675.6629
55044,7295.2702,1647.8489
55045,7292,1729.3466
55046,7305.8121,2271.1061
55047,7298.6306,2066.8055
55048,7293.4581,1636.4704
55049,7280.2106,1994.0621
55050,7284.8536,2324.4413
55051,7275.9638,1522.3935
55052,7277.6043,2026.4614
55053,7273.2682,2363.6402
55054,7284.9848,2270.2617
55055,7300.4463,1485.2618
55056,7283.5382,1730.202
55057,7304.1221,1933.1282
55058,7299.7059,2390.641
55059,7274.4961,2322.0002
55060,7288.1204,1599.6989
55061,7284.762,1560.4696
55062,7287.4025,1990.3525
55063,7281.9649,1706.1139
55064,7274.8976,2270.5925
55065,7296.8126,2148.9774
55066,7283.8987,1775.7159
55067,7288.6489,2274.7678
55068,7261.2913,1918.3292
55069,7292.4338,2031.2219
55070,7269.4156,2090.7449
55071,7283.5033,2285.0893
55072,7260.4366,2082.0639
55073,7259.7527,1877.6605
55074,7280.9957,2391.0946
55075,7272.6628,2150.2781
55076,7271.0001,1554.8434
55077,7270.1103,1568.0159
55078,7281.5802,2143.758
55079,7269.647,2352.0023
55080,7261.0466,1779.9281
55081,7282.1902,2205.548
55082,7262.5199,2026.5103
55083,7267.6752,1679.3003
55084,7267.4324,2328.9823
55085,7265.6779,2276.4343
55086,7245.2695,1772.3164
55087,7279.6429,1574.6992
55088,7246.8336,1829.7383
55089,7268.5831,1986.6607
55090,7267.4134,1787.0943
55091,7266.8537,1792.9089
55092,7254.6636,1533.7681
55093,7253.7182,2121.3775
55094,7254.7675,2283.8773
55095,7240.7003,1548.2522
55096,7256.5273,2163.4372
55097,7252.5635,1614.4367
55098,7249.5364,2161.5568
55099,7236.8448,1515.3711
55100,7236.2314,1501.1167
55101,7239.4393,1527.0317
55102,7236.6552,2085.0353
55103,7249.2084,2221.7219
55104,7238.552,1691.3121
55105,7230.069,1774.8454
55106,7249.3025,1731.1456
55107,7230.6456,1828.6756
55108,7249.805,1754.5976
55109,7256.9902,1540.663
55110,7233.4104,2149.6423
55111,7240.2933,1837.1067
55112,7236.9286,1816.0058
55113,7233.4676,2253.4958
55114,7234.559,2333.1758
55115,7228.7228,1821.6947
55116,7228.0423,1513.7518
55117,7251.9462,2357.0288
55118,7244.4823,1923.5481
55119,7251.7704,2095.1244
55120,7250.4842,2111.8487
55121,7235.8723,1971.9179
55122,7226.1608,1482.8921
55123,7217.051,1583.8099
55124,7237.8312,1835.9356
55125,7220.97,2167.0121
55126,7218.4419,2244.8838
55127,7244.151,1806.0074
55128,7227.5915,1547.5329
55129,7230.9747,1958.6529
55130,7209.9086,1688.0535
55131,7232.6862,2023.5541
55132,7233.912,2197.4781
55133,7209.3349,2344.3932
55134,7227.924,1828.594
55135,7219.2638,1923.9695
55136,7221.9932,1966.5689
55137,7234.6172,1775.7324
55138,7213.5615,1680.8434
55139,7226.7928,1522.9765
55140,7232.3646,1816.0568
55141,7201.1606,1962.0199
55142,7213.8055,1953.9688
55143,7225.8515,2085.2242
55144,7217.8589,2252.5784
55145,7201.7467,2196.8084
55146,7221.0052,1527.2721
55147,7225.3008,2033.5342
55148,7221.0759,2032.0518
55149,7199.1686,2210.8421
55150,7196.9423,1534.5225
55151,7220.5361,2002.9219
55152,7223.4209,1708.6631
55153,7193.7152,2122.3682
55154,7207.2008,1949.8449
55155,7194.9192,1736.3021
55156,7218.7279,2079.8658
55157,7200.6607,2137.7579
55158,7201.2087,2128.8013
55159,7185.0036,2186.2534
55160,7181.4394,1781.6627
55161,7188.1936,2239.3361
55162,7184.3022,1845.9022
55163,7212.0535,2149.7286
55164,7196.7786,2222.5822
55165,7201.4625,1938.0665
55166,7194.0264,1547.3761
55167,7210.7804,2231.039
55168,7200.6095,1644.7133
55169,7177.1399,2065.2114
55170,7176.1674,1987.212
55171,7192.1046,1728.3071
55172,7196.2671,2268.4097
55173,7171.8863,1714.632
55174,7179.9057,1779.8277
55175,7174.2168,1910.4334
55176,7183.3392,1723.5119
55177,7199.7172,1994.5391
55178,7194.5127,2217.9247
55179,7180.9481,2270.5483
55180,7177.9661,2226.2942
55181,7197.8038,1675.2859
55182,7172.2131,1456.7728
55183,7181.395,1807.2857
55184,7172.0653,1552.7055
55185,7160.7054,2317.3522
55186,7173.5814,2259.0558
55187,7169.6076,2168.5428
55188,7185.787,1778.8682
55189,7176.8583,2120.3734
55190,7160.815,2041.1137
55191,7179.4885,1589.9277
55192,7178.5189,2181.3441
55193,7174.1436,2275.7048
55194,7159.3678,2316.3099
55195,7152.7633,1877.4028
55196,7168.0987,1941.6433
55197,7179.6482,1764.0268
55198,7160.4739,1847.4968
55199,7170.1538,2179.7883
55200,7170.433,1947.9131
55201,7180.3656,2336.8388
55202,7172.5846,1607.1588
55203,7168.482,1466.7753
55204,7144.4084,1688.7014
55205,7164.5619,2325.4575
55206,7143.7233,1463.6657
55207,7146.3927,2238.5976
55208,7165.1617,1481.9549
55209,7141.9069,2327.0789
55210,7154.4713,1665.1299
55211,7155.3939,1834.1579
55212,7152.4428,2336.0392
55213,7154.3147,2173.3178
55214,7151.2327,1585.9455
55215,7164.8195,2138.5626
55216,7140.4892,1721.3224
55217,7136.8301,1942.9512
55218,7158.2217,2176.2776
55219,7136.1412,1908.1975
55220,7154.3369,1755.5022
55221,7160.1579,1844.435
55222,7141.67,1939.0728
55223,7157.031,2042.2171
55224,7144.1939,1941.662
55225,7131.547,1842.2523
55226,7146.9738,2218.8071
55227,7143.0538,2146.235
55228,7137.638,1505.8734
55229,7157.028,1693.057
55230,7143.5611,2122.3331
55231,7142.4544,1785.8031
55232,7150.085,2281.434
55233,7132.6394,2159.7232
55234,7150.8842,1625.1443
55235,7122.1001,2298.7446
55236,7135.9364,1761.4281
55237,7120.1157,2180.2907
55238,7114.5979,2251.7372
55239,7130.0625,1617.5571
55240,7135.4284,2117.1486
55241,7126.5695,1737.0511
55242,7111.7657,1632.3946
55243,7122.0172,2034.1855
55244,7125.6117,1480.1126
55245,7110.0529,1870.576
55246,7123.9209,1974.8719
55247,7113.0398,2305.5846
55248,7111.5634,1660.5363
55249,7116.7015,1563.7822
55250,7117.821,1726.6526
55251,7126.8006,2148.7734
55252,7129.2694,2342.4946
55253,7105.9026,1919.8841
55254,7125.6885,2274.8321
55255,7111.8781,1680.0535
55256,7114.1273,1452.7778
55257,7112.94,2321.9888
55258,7110.5291,2259.1666
55259,7105.0998,1742.4337
55260,7124.6437,1735.0925
55261,7121.1639,2283.4172
55262,7097.6277,2244.9669
55263,7125.1224,1889.1562
55264,7110.6639,2041.8331
55265,7109.3144,1465.2339
55266,7106.0222,1993.1848
55267,7113.8637,2269.7177
55268,7103.6146,1555.5783
55269,7107.4286,2104.611
55270,7090.766,1658.0088
55271,7099.8824,1949.2354
55272,7109.1019,1560.5701
55273,7106.8924,1679.2099
55274,7109.3008,1475.9553
55275,7118.778,2082.4373
55276,7088.5954,1609.2531
55277,7116.1678,1903.0784
55278,7090.546,1997.1505
55279,7088.9552,2087.9863
55280,7114.3325,2069.1032
55281,7090.3182,2274.8016
55282,7109.4518,2110.9898
55283,7085.4104,2321.3454
55284,7096.3167,2283.1889
55285,7098.0076,1789.9449
55286,7105.7063,2144.0797
55287,7086.1324,2094.6009
55288,7100.4889,1713.9102
55289,7073.1803,1689.5815
55290,7098.6157,1818.45
55291,7091.9979,1821.8798
55292,7093.8359,1662.8113
55293,7100.3727,1762.3742
55294,7070.7423,2136.1465
55295,7080.3383,1481.9247
55296,7068.896,1989.6339
55297,7081.2153,1763.9332
55298,7072.9885,1936.3347
55299,7085.6419,2148.0587
55300,7068.9658,1913.8109
55301,7068.902,1827.659
55302,7065.3752,1465.4375
55303,7082.109,1558.734
55304,7085.9774,1959.2159
55305,7079.9867,1929.6472
55306,7085.6485,1834.8058
55307,7081.8942,1828.0893
55308,7088.386,2048.7471
55309,7089.0154,2087.7123
55310,7074.8038,2148.9934
55311,7060.5085,1850.9521
55312,7059.8738,1595.2261
55313,7067.3553,1998.7971
55314,7084.4911,2036.356
55315,7053.474,2272.5951
55316,7050.8694,2106.6085
55317,7055.0505,1815.7565
55318,7078.5334,1671.0413
55319,7059.547,1748.4776
55320,7058.9658,1710.4918
55321,7060.7223,1484.0355
55322,7066.1877,1705.1425
55323,7049.109,1582.2532
55324,7074.7419,1848.6728
55325,7068.3386,2211.1784
55326,7071.2053,1915.584
55327,7044.3789,1940.2813
55328,7061.2137,1689.3208
55329,7054.0349,2070.1552
55330,7040.3872,1986.2991
55331,7060.0002,2193.8169
55332,7036.9956,1583.6452
55333,7048.0353,2229.2802
55334,7059.0535,1987.6397
55335,7063.3763,2287.318
55336,7065.5499,1840.552
55337,7043.5062,2068.6197
55338,7061.2884,1613.1189
55339,7048.5476,2096.3646
55340,7056.112,1768.1349
55341,7054.4823,1606.1188
55342,7048.6731,1795.1581
55343,7037.1403,1678.3724
55344,7029.3125,2189.6105
55345,7031.8887,1728.0578
55346,7055.7288,2237.1449
55347,7030.4435,1914.9596
55348,7056.6039,2163.5775
55349,7044.0132,2092.0641
55350,7035.793,1741.7081
55351,7051.7348,1913.0613
55352,7035.853,1847.6035
55353,7040.4501,1650.5014
55354,7048.2892,2136.4987
55355,7034.2041,2244.9207
55356,7020.3659,1758.1994
55357,7026.3981,2269.8818
55358,7020.8233,1852.5112
55359,7020.6914,1501.8421
55360,7015.4651,2177.4367
55361,7026.9154,2083.7901
55362,7016.0164,1999.4686
55363,7036.5053,1509.8907
55364,7041.6317,1459.0722
55365,7017.015,1695.4398
55366,7036.1555,2171.5497
55367,7014.7258,1645.1353
55368,7035.9886,1932.9286
55369,7036.6495,2096.4798
55370,7020.0844,1967.3976
55371,7016.2554,2167.9941
55372,7006.6929,2176.2713
55373,7012.9539,1964.063
55374,7029.9588,1943.0188
55375,7022.7032,1949.6178
55376,7022.0215,2213.381
55377,7018.241,2144.0511
55378,7021.9837,1812.2209
55379,7024.1813,1486.0476
55380,7030.0654,1981.9354
55381,6997.6136,1475.6047
55382,7030.6498,1676.9819
55383,6996.9469,1471.2017
55384,7001.0841,1613.3514
55385,7027.6938,1959.0226
55386,7006.3796,1978.363
55387,7009.0357,2291.7484
55388,7011.6819,2145.5892
55389,6994.572,1591.4663
55390,6993.7182,1622.3435
55391,7010.9398,1822.4697
55392,7007.1803,1880.5837
55393,6997.8771,1940.627
55394,6991.5247,1992.7733
55395,7021.224,2069.0808
55396,6990.188,1831.7823
55397,6997.6949,1726.152
55398,6996.4815,1878.7141
55399,7013.9789,1434.3905
55400,6995.2401,2105.2392
55401,7010.2834,2119.3256
55402,6990.0787,1739.7333
55403,6997.6976,2075.2372
55404,7011.6307,1450.4696
55405,7002.9588,1700.9581
55406,7005.1553,2299.8537
55407,6981.1055,1481.4043
55408,7001.7051,1787.4074
55409,7006.0845,1589.3446
55410,6992.6883,1985.9808
55411,7002.326,1786.1727
55412,6989.959,2004.6028
55413,7002.1088,1661.6053
55414,6978.2233,1498.8781
55415,6984.6727,2254.1856
55416,6979.1774,2270.5187
55417,7002.8249,2281.5269
55418,6998.9657,1880.349
55419,6990.3614,1650.8218
55420,6997.105,2230.7781
55421,6995.1492,1981.5005
55422,6984.925,1981.4945
55423,6994.4033,2209.4367
55424,6975.4458,2089.5873
55425,6974.7607,1508.9509
55426,6972.6743,1762.8191
55427,6971.8397,2090.6267
55428,6995.8462,2097.2298
55429,6990.8064,2008.8863
55430,6978.2646,1682.7835
55431,6969.9762,1445.0422
55432,6962.7133,2051.7733
55433,6983.289,1809.6345
55434,6989.8633,2199.9291
55435,6973.5994,1744.7448
55436,6965.0982,1589.0462
55437,6981.1776,2274.9271
55438,6977.7956,1764.9444
55439,6980.3692,2039.0079
55440,6970.2777,2051.8705
55441,6985.2913,1580.7178
55442,6985.811,1512.5335
55443,6985.6013,2217.7936
55444,6959.8495,2234.8671
55445,6976.97,2041.1573
55446,6957.7279,2034.078
55447,6958.5253,1942.4067
55448,6971.0509,1602.6966
55449,6959.8012,1699.6637
55450,6970.1622,1515.4739
55451,6948.7174,2122.7159
55452,6970.8443,1893.7455
55453,6960.1021,1442.8567
55454,6971.6084,1631.6508
55455,6977.056,2082.2433
55456,6956.7028,1794.3978
55457,6970.7377,1778.4843
55458,6944.742,1904.2903
55459,6953.3646,2236.906
55460,6955.3406,1765.4892
55461,6941.8907,1673.3812
55462,6957.8846,1993.2621
55463,6962.4836,1640.2656
55464,6949.5254,1992.2894
55465,6946.0155,1578.3222
55466,6957.711,1947.771
55467,6938.3227,1559.2573
55468,6943.1861,1433.4909
55469,6952.0519,2105.4044
55470,6934.464,1836.6207
55471,6934.8504,1716.8644
55472,6945.4909,2123.2114
55473,6939.479,2221.3034
55474,6963.5609,1774.1186
55475,6951.5828,1726.7799
55476,6961.6083,2220.3711
55477,6938.5511,1557.3075
55478,6943.094,1457.1792
55479,6950.4839,2241.1738
55480,6936.4983,1753.2161
55481,6956.7739,2217.6316
55482,6927.0298,2207.9849
55483,6941.2202,1800.2259
55484,6923.8707,1662.0384
55485,6934.0001,1954.3614
55486,6942.3189,2172.3613
55487,6922.7958,1543.4116
55488,6943.5323,2037.7773
55489,6921.1249,1985.6531
55490,6940.7969,1912.4112
55491,6941.7243,1723.3819
55492,6926.2075,1855.3796
55493,6920.2005,1878.8582
55494,6926.0207,1719.0337
55495,6936.1623,1880.6053
55496,6942.9535,1939.6908
55497,6944.3578,2177.7448
55498,6927.0442,1524.945
55499,6913.799,1688.0282
55500,6915.0516,1539.0714
55501,6914.5647,1416.4115
55502,6937.8796,1426.7305
55503,6918.0958,1734.1152
55504,6936.3737,2213.9103
55505,6925.8779,1696.9115
55506,6912.6661,1769.7187
55507,6919.28,1876.4225
55508,6938.6913,1485.3997
55509,6918.4731,2028.8783
55510,6939.6178,2243.1499
55511,6924.1254,1886.4362
55512,6925.4838,2020.8874
55513,6936.4954,1440.3524
55514,6915.768,1674.0065
55515,6917.4674,1864.2807
55516,6924.7787,1644.026
55517,6911.0671,2250.5811
55518,6935.0083,1996.9593
55519,6911.2408,1528.2864
55520,6904.8463,2130.7472
55521,6919.1214,2072.794
55522,6920.6873,1718.554
55523,6913.3047,2219.0093
55524,6913.9,1958.6649
55525,6921.7142,2137.5051
55526,6921.5991,2111.4858
55527,6913.3677,1605.4651
55528,6911.9835,2269.9871
55529,6903.1918,1849.9514
55530,6896.3809,1915.2581
55531,6917.2491,1458.6249
55532,6925.7023,2091.9122
55533,6924.9294,1493.4936
55534,6918.7689,2072.3265
55535,6918.7334,1493.22
55536,6893.9499,2154.7333
55537,6921.9509,2247.9446
55538,6905.3588,1667.8458
55539,6893.4195,2126.0985
55540,6914.9423,1998.5858
55541,6918.8341,2062.6284
55542,6919.8349,1881.4178
55543,6912.9197,1782.5368
55544,6894.4234,2111.9637
55545,6906.4126,1677.0331
55546,6915.9079,1937.944
55547,6904.5184,1764.695
55548,6906.0572,2236.2735
55549,6904.6286,2183.3786
55550,6907.2315,2134.5962
55551,6894.1342,1623.1829
55552,6892.948,1707.465
55553,6904.3581,1888.879
55554,6890.0527,1409.0516
55555,6883.118,1570.4756
55556,6878.4746,2021.9557
55557,6903.3304,1914.7518
55558,6903.4433,1647.3734
55559,6878.0307,2185.1855
55560,6907.1161,2245.8806
55561,6883.0943,1443.4179
55562,6895.0298,2057.8067
55563,6902.589,1471.4568
55564,6893.1711,1681.5115
55565,6875.4182,1818.3766
55566,6904.6181,1987.6157
55567,6875.6558,1468.5983
55568,6900.2304,1897.6144
55569,6887.9997,2103.6818
55570,6879.3271,1929.3072
55571,6895.819,1963.6892
55572,6899.8732,2169.4517
55573,6899.8246,1810.2463
55574,6874.9224,1500.9342
55575,6870.9908,1592.3042
55576,6887.4115,1645.171
55577,6889.6393,1632.1243
55578,6885.0816,1524.6607
55579,6870.6265,1549.4213
55580,6868.316,1961.6895
55581,6884.4977,2211.2334
55582,6872.8145,2167.7811
55583,6864.7692,1703.0831
55584,6872.5229,2118.1964
55585,6888.721,1728.416
55586,6882.3099,2113.9276
55587,6864.4556,2189.4795
55588,6875.7848,1405.2168
55589,6880.5246,2064.2357
55590,6873.2787,2163.3798
55591,6875.0944,1555.4184
55592,6859.2983,1754.2496
55593,6868.1745,2178.5046
55594,6860.7784,2178.2596
55595,6880.388,2185.5172
55596,6858.6885,2182.148
55597,6861.7516,2069.5289
55598,6874.1073,1823.6736
55599,6862.1152,1967.0955
55600,6868.4568,1847.7414
55601,6868.2469,1644.1234
55602,6877.417,1720.8653
55603,6854.0041,2090.2377
55604,6852.8116,1428.7006
55605,6866.2129,2138.8385
55606,6856.1303,2112.9341
55607,6852.9374,1891.0808
55608,6870.5363,2028.2129
55609,6859.4351,1570.4623
55610,6861.9837,1823.4826
55611,6872.4482,1718.4995
55612,6869.9835,1692.8049
55613,6870.7412,2065.8524
55614,6879.9603,2167.2266
55615,6856.7081,2035.5635
55616,6857.872,2156.9353
55617,6863.2236,1882.6034
55618,6866.4861,1536.0341
55619,6851.4979,2155.4159
55620,6852.9892,2206.6031
55621,6877.7831,1460.3629
55622,6851.5658,1500.4749
55623,6848.3319,2232.8519
55624,6858.0228,2244.2347
55625,6868.6398,1737.1266
55626,6857.2669,2225.9033
55627,6865.2269,1689.3103
55628,6875.0112,1707.1399
55629,6846.769,1547.3065
55630,6847.5687,2226.1383
55631,6857.4441,1865.9545
55632,6867.9908,2034.3493
55633,6863.0487,2127.036
55634,6857.6615,1984.7321
55635,6844.0126,1822.5791
55636,6864.6471,1587.2319
55637,6852.9849,1716.6573
55638,6857.7727,2089.7252
55639,6857.4772,2073.2198
55640,6870.1754,1571.2247
55641,6865.7369,1730.4023
55642,6850.6514,1801.4935
55643,6859.0145,1984.9576
55644,6854.0997,1581.6952
55645,6866.1749,1726.0073
55646,6858.8877,1745.9774
55647,6854.1543,2066.4483
55648,6836.3452,1935.1031
55649,6866.0864,2082.6066
55650,6832.5367,2021.5735
55651,6861.2414,1746.0837
55652,6861.888,1630.4823
55653,6864.6746,1905.2694
55654,6845.6421,1547.0068
55655,6847.892,1519.3442
55656,6832.8963,1627.1441
55657,6854.3919,1532.3228
55658,6838.8097,1652.0418
55659,6856.0668,2026.6616
55660,6851.0819,1484.7089
55661,6834.3817,1796.163
55662,6852.1737,1780.556
55663,6847.421,2158.8036
55664,6832.17,1691.8441
55665,6838.5008,1704.753
55666,6852.7378,2163.7267
55667,6839.2849,1443.305
55668,6837.7805,1743.792
55669,6848.3882,1726.5563
55670,6830.5057,1575.9329
55671,6835.1565,1608.7106
55672,6836.5793,2002.3873
55673,6830.4236,1868.7671
55674,6833.7959,1682.2411
55675,6839.9821,2025.938
55676,6842.3881,1408.263
55677,6823.7832,1896.9614
55678,6841.9093,1595.896
55679,6848.4189,2057.7264
55680,6834.869,1504.652
55681,6833.7985,1768.8529
55682,6834.5591,1859.5964
55683,6850.8469,1817.7716
55684,6829.4459,1675.3337
55685,6820.266,2128.3145
55686,6832.492,1858.1923
55687,6842.8534,2046.476
55688,6837.0365,1579.9986
55689,6832.24,1864.3108
55690,6841.1836,1706.621
55691,6818.1273,1758.513
55692,6839.5403,1541.8424
55693,6825.3067,1495.6405
55694,6825.0576,1759.9746
55695,6841.8183,1632.4244
55696,6839.7655,1571.7586
55697,6844.0462,2191.9911
55698,6817.5506,2060.7894
55699,6841.835,2149.8113
55700,6841.3754,1969.6111
55701,6826.2097,1946.514
55702,6823.9185,1838.7436
55703,6824.1792,2187.9968
55704,6829.6932,1443.2998
55705,6824.6884,1956.2953
55706,6831.0057,1910.6054
55707,6833.3143,2217.4258
55708,6818.2843,2036.0515
55709,6817.8077,1436.934
55710,6820.5592,1985.6068
55711,6817.1648,1939.8604
55712,6842.6723,1949.6251
55713,6836.5662,1856.3512
55714,6814.3966,1965.0497
55715,6824.0157,1790.3936
55716,6813.8536,2138.1796
55717,6838.3154,1792.2465
55718,6823.3455,2172.1287
55719,6829.3294,1850.3033
55720,6831.0135,2222.1983
55721,6838.8682,1680.1645
55722,6809.5669,1866.5742
55723,6834.0217,1634.0004
55724,6807.9243,2225.2464
55725,6814.709,1442.3731
55726,6838.9277,1866.3341
55727,6839.9756,2019.3851
55728,6827.4768,1681.3636
55729,6807.3592,2099.7973
55730,6820.8941,2009.7179
55731,6820.1254,1458.7061
55732,6808.6814,2221.9522
55733,6822.3873,1573.3986
55734,6817.0259,2139.7069
55735,6808.5894,1784.4604
55736,6821.66,1664.2535
55737,6819.0428,1718.1859
55738,6828.2707,1490.1791
55739,6824.4124,1637.3713
55740,6819.3043,1450.469
55741,6813.2667,1920.2801
55742,6810.5012,1950.0815
55743,6828.6068,1983.7569
55744,6818.3973,2040.8095
55745,6813.0384,1810.9482
55746,6814.28,1607.7929
55747,6826.591,1651.7836
55748,6818.8331,1858.8145
55749,6832.1082,2095.58
55750,6821.8293,1934.4274
55751,6821.5686,1536.1064
55752,6829.0167,1889.1912
55753,6830.0938,1642.3539
55754,6802.052,2216.6575
55755,6827.4452,2199.318
55756,6831.8491,1935.4033
55757,6821.9627,2240.0352
55758,6801.6732,1980.9747
55759,6814.8418,2101.3309
55760,6800.7644,1390.8364
55761,6823.7358,1740.4206
55762,6806.9027,1865.6567
55763,6812.6111,1781.6888
55764,6824.2464,1714.1231
55765,6817.2354,1796.467
55766,6818.6314,2012.0441
55767,6829.9914,1607.3198
55768,6801.6626,1466.7532
55769,6812.8296,1574.5086
55770,6829.1946,2143.8282
55771,6826.9142,1523.5142
55772,6828.4667,1957.2603
55773,6829.884,1998.374
55774,6823.0678,2222.0062
55775,6821.1208,1950.4806
55776,6811.1576,1850.8784
55777,6831.0721,1915.9945
55778,6801.3086,1546.1704
55779,6821.0606,1971.4093
55780,6816.2627,1523.9608
55781,6807.3128,1997.6992
55782,6816.6329,1878.7299
55783,6828.3735,2152.4949
55784,6797.2064,1743.5163
55785,6800.8642,1507.8021
55786,6820.943,1677.3216
55787,6797.3594,1876.1831
55788,6800.1249,1934.9092
55789,6823.282,1691.0522
55790,6819.9487,2135.5428
55791,6802.0447,1985.76
55792,6799.2001,2075.3206
55793,6809.2191,1606.5636
55794,6824.3957,2122.6386
55795,6826.2719,2205.5356
55796,6817.6845,1478.3748
55797,6825.73,1872.2417
55798,6825.7881,1800.6117
55799,6825.6516,1638.074
55800,6799.6431,2111.2604
55801,6819.2597,2057.9362
55802,6796.2409,1499.4715
55803,6811.3878,1489.4041
55804,6809.6296,1907.3326
55805,6795.2811,1571.9416
55806,6821.3887,2143.8168
55807,6809.0605,1385.6749
55808,6801.3369,1835.4363
55809,6802.6148,2025.7619
55810,6806.5784,1899.5924
55811,6809.655,1628.8256
55812,6806.8102,1857.9826
55813,6822.0141,1722.2137
55814,6826.6573,2228.1807
55815,6808.9913,1694.6436
55816,6813.6898,1922.981
55817,6804.8771,1618.349
55818,6816.5675,2128.2346
55819,6821.5129,1600.5782
55820,6811.2566,1904.5239
55821,6793.9717,1677.4324
55822,6827.0597,1853.7617
55823,6824.4579,1472.1926
55824,6807.4786,2012.9588
55825,6814.3226,1757.581
55826,6801.7154,1433.1776
55827,6811.2409,1818.8403
55828,6821.391,1439.8406
55829,6799.1396,1713.5086
55830,6812.563,1823.3701
55831,6808.741,1779.9217
55832,6816.5983,2204.855
55833,6818.5376,1881.1879
55834,6801.385,1848.7597
55835,6815.4866,1987.3716
55836,6797.8347,1534.9125
55837,6808.6305,1472.1752
55838,6799.8136,1920.9756
55839,6806.2572,1688.4861
55840,6814.1627,1979.1531
55841,6805.4941,2163.4082
55842,6818.578,1490.3485
55843,6826.7068,1752.5161
55844,6812.5579,1719.4717
55845,6817.6172,1987.5613
55846,6817.0726,1860.9309
55847,6818.4962,1975.7353
55848,6817.4432,1784.3371
55849,6811.3387,1711.2926
55850,6803.395,1631.0527
55851,6821.9076,2084.6204
55852,6814.1149,2149.439
55853,6823.7413,1496.4277
55854,6824.6814,2087.6682
55855,6797.3522,2148.1456
55856,6821.924,2189.3188
55857,6808.3845,1684.8333
55858,6811.9032,1453.9478
55859,6813.3229,1953.5495
55860,6798.5791,2048.411
55861,6807.1553,2143.0126
55862,6797.7465,1786.3324
55863,6820.5565,2000.2889
55864,6821.1538,1864.7894
55865,6821.5558,1901.9322
55866,6824.0476,2170.6211
55867,6822.5951,2216.1237
55868,6803.7354,1886.534
55869,6805.1961,2189.209
55870,6819.254,1764.1272
55871,6810.0041,1600.8689
55872,6798.3374,1437.4215
55873,6822.6671,2070.8562
55874,6807.0678,1576.189
55875,6815.0012,1512.5347
55876,6806.725,1984.0487
55877,6823.5006,1623.3908
55878,6822.5034,1759.0463
55879,6809.3652,1769.7539
55880,6801.9862,1785.3417
55881,6821.1097,1689.6571
55882,6822.0931,1886.3839
55883,6806.5751,1674.9378
55884,6820.671,2188.168
55885,6823.5293,1801.1971
55886,6822.207,2083.9241
55887,6801.5921,1920.0666
55888,6821.7774,1636.4582
55889,6810.3982,1480.4136
55890,6816.3263,1496.8653
55891,6813.2586,1751.7668
55892,6817.5855,1604.1355
55893,6828.6272,2045.0562
55894,6807.3884,1475.8945
55895,6821.4083,1790.4358
55896,6820.8803,2001.9123
55897,6822.7365,1997.866
55898,6810.7864,1812.4871
55899,6803.3299,1999.1813
55900,6825.463,1558.7983
55901,6824.5629,2138.9587
55902,6827.1976,1926.8886
55903,6809.917,2136.7527
55904,6827.9099,1833.6551
55905,6820.0275,1935.279
55906,6833.4691,1502.0492
55907,6813.6583,1974.2321
55908,6808.3656,2021.0384
55909,6814.9979,1854.4271
55910,6831.259,1532.7013
55911,6818.2923,2160.3328
55912,6816.9183,1805.5229
55913,6821.9552,1915.8637
55914,6809.9234,2059.4024
55915,6805.6676,2099.4318
55916,6818.1876,1754.4037
55917,6831.8279,1558.9926
55918,6804.5598,1599.1502
55919,6815.1395,1692.5173
55920,6834.2914,1676.8898
55921,6808.5715,1515.2198
55922,6833.2039,1960.0557
55923,6836.9822,1461.0695
55924,6821.4536,1675.2453
55925,6828.8397,1748.4331
55926,6836.9223,1752.6849
55927,6833.4542,2237.1593
55928,6835.7965,1831.8326
55929,6835.8208,1575.0047
55930,6834.7896,2086.7975
55931,6833.7249,1965.0345
55932,6819.6096,2014.4028
55933,6829.7803,1603.293
55934,6818.5761,1765.7593
55935,6806.3697,1803.5967
55936,6810.7551,1558.1212
55937,6827.4023,1608.0669
55938,6826.1948,2124.5096
55939,6829.7829,1766.8501
55940,6817.0844,1951.9604
55941,6815.0656,1585.4343
55942,6828.1375,2099.3612
55943,6832.4189,1870.7739
55944,6829.4733,1661.4732
55945,6831.1761,1732.3555
55946,6808.5005,2184.7621
55947,6823.6557,1413.7882
55948,6829.5747,1932.3226
55949,6841.3469,1492.1557
55950,6831.3784,2102.8004
55951,6839.3889,2053.099
55952,6809.8429,1912.2576
55953,6838.7073,1731.3678
55954,6813.3498,1439.1568
55955,6816.1211,1582.7093
55956,6828.7385,1612.272
55957,6842.8906,1809.5982
55958,6831.8509,1832.0202
55959,6840.0259,1486.4666
55960,6843.0864,1959.6577
55961,6844.0852,1694.7211
55962,6842.4619,1728.223
55963,6846.1577,2178.4564
55964,6825.1147,1809.2095
55965,6824.1824,1661.9853
55966,6830.9748,1415.0303
55967,6837.4826,1730.99
55968,6822.7029,1836.2808
55969,6827.4541,1593.5928
55970,6815.6277,1570.6448
55971,6822.5043,1446.8675
55972,6822.8406,2169.9529
55973,6830.7233,1529.5561
55974,6841.2398,1467.2186
55975,6839.0186,1765.6274
55976,6828.5504,1495.2012
55977,6846.146,1659.1301
55978,6840.7693,1879.916
55979,6829.3376,1494.2461
55980,6845.068,1811.9275
55981,6844.3764,1755.0158
55982,6825.6609,1828.3791
55983,6828.1717,1411.5328
55984,6848.3849,2056.766
55985,6844.7275,1580.5315
55986,6824.4592,1386.2676
55987,6849.4054,2217.9175
55988,6826.2495,1687.1684
55989,6835.6457,2171.4011
55990,6847.7413,1979.3057
55991,6826.7348,1690.505
55992,6822.4452,1769.6864
55993,6846.3827,1535.8149
55994,6854.8083,2186.8145
55995,6842.2294,2229.9336
55996,6835.8945,2146.3026
55997,6826.4285,1751.2609
55998,6854.6423,1524.239
55999,6841.2674,1835.7218
56000,6826.7688,1663.8292
56001,6832.0463,1798.6682
56002,6847.8484,1917.8119
56003,6835.2279,1819.3494
56004,6838.0671,2066.6489
56005,6857.1047,1830.7298
56006,6827.002,1925.2727
56007,6842.4914,2212.5659
56008,6844.9333,1564.813
56009,6848.7615,1733.2333
56010,6831.7386,2179.2501
56011,6841.6213,1850.8048
56012,6850.1867,1732.8077
56013,6838.3958,1945.3846
56014,6845.2417,1610.9304
56015,6858.0172,2141.9128
56016,6843.7926,2107.4151
56017,6858.3639,1541.7888
56018,6855.0657,1952.5702
56019,6861.6642,1954.5492
56020,6858.8754,1541.3306
56021,6841.4878,2101.4883
56022,6842.1967,1471.1666
56023,6845.0212,1635.5275
56024,6851.3625,1809.8679
56025,6863.8077,1519.0543
56026,6852.7123,1538.023
56027,6848.9088,1855.2963
56028,6836.769,1913.659
56029,6838.0524,2170.3047
56030,6867.2583,2159.8472
56031,6862.6317,2054.1824
56032,6855.8219,2061.9921
56033,6848.0953,1974.2755
56034,6869.3,1679.8733
56035,6864.4352,2167.1976
56036,6841.0427,1397.9803
56037,6852.1925,1419.0526
56038,6864.5728,1459.8205
56039,6843.8938,2113.8406
56040,6844.2082,1724.1547
56041,6864.3977,1562.3747
56042,6841.2371,2015.2459
56043,6859.6491,1433.1674
56044,6847.3879,2023.8995
56045,6871.0036,1425.822
56046,6866.7009,2051.8224
56047,6849.1018,1724.2364
56048,6868.037,1738.6077
56049,6871.3176,1521.219
56050,6842.1774,1619.4565
56051,6852.2309,2176.4326
56052,6858.2205,1700.9881
56053,6873.5138,2195.9939
56054,6854.5493,1812.7022
56055,6852.1774,1679.4257
56056,6868.7773,1937.2233
56057,6864.4768,2047.8796
56058,6846.5152,1451.9081
56059,6877.8727,1749.9202
56060,6867.0573,2018.3921
56061,6877.144,2007.2283
56062,6860.6959,2207.3363
56063,6874.0772,1976.9749
56064,6846.9503,1734.492
56065,6860.0725,1853.9851
56066,6848.9003,1874.7874
56067,6872.2794,1621.678
56068,6857.3123,2085.9337
56069,6865.1717,2125.565
56070,6864.7374,1527.8358
56071,6850.4271,2071.087
56072,6850.3666,1687.5438
56073,6860.2829,1777.8271
56074,6871.1587,1453.6622
56075,6875.2588,1784.7837
56076,6858.1348,1597.6103
56077,6885.2293,1794.3297
56078,6877.4836,2215.2833
56079,6855.6275,2166.6105
56080,6881.6389,2015.9041
56081,6863.4131,1577.5079
56082,6858.2151,1490.345
56083,6860.8946,1533.5118
56084,6863.4107,1782.6331
56085,6888.5295,1816.801
56086,6881.7624,1745.3268
56087,6873.5405,1537.8435
56088,6870.3233,1873.9293
56089,6874.9193,1815.9034
56090,6866.4763,1534.0737
56091,6864.2112,1720.0235
56092,6879.0147,2237.2122
56093,6860.0413,1489.0354
56094,6882.4774,2159.2278
56095,6881.1286,1980.9318
56096,6891.7679,1527.4123
56097,6869.1404,1425.571
56098,6889.3735,1462.7856
56099,6866.8362,1472.3087
56100,6881.8409,1646.146
56101,6879.9969,2154.8971
56102,6871.571,1562.7964
56103,6891.5946,1472.3059
56104,6888.0796,2222.1709
56105,6879.0634,1865.4579
56106,6875.0997,1860.2047
56107,6897.6287,1842.5966
56108,6872.5977,1626.9971
56109,6898.0611,1647.0821
56110,6867.8318,1521.4102
56111,6869.6547,2198.7824
56112,6890.4261,1830.0914
56113,6882.7283,1473.2769
56114,6894.9738,2216.1967
56115,6885.131,1462.8131
56116,6887.2368,2120.3731
56117,6872.5635,1670
56118,6869.9335,2017.9387
56119,6903.2545,2050.059
56120,6894.3853,2166.1291
56121,6891.3158,1604.0466
56122,6900.1396,2176.6323
56123,6893.8634,2060.9268
56124,6885.9834,1432.9309
56125,6906.9834,1848.481
56126,6905.8068,2150.1566
56127,6881.1095,1755.9026
56128,6880.2071,1666.9765
56129,6888.2238,2028.3914
56130,6909.5528,2092.223
56131,6895.3375,1956.8732
56132,6901.2678,1655.6717
56133,6893.8155,1570.1145
56134,6908.8244,1503.411
56135,6902.9724,1801.0244
56136,6881.9491,2003.4917
56137,6898.3961,1909.9588
56138,6900.5252,1591.0345
56139,6911.151,2082.0284
56140,6896.5933,1936.701
56141,6884.3531,2103.2183
56142,6907.8175,1909.677
56143,6914.6425,1550.1049
56144,6884.6971,1557.592
56145,6890.5952,2180.8499
56146,6888.4449,1805.2498
56147,6901.629,2155.8769
56148,6889.6742,1798.6929
56149,6909.3504,1949.2292
56150,6904.3628,1592.7098
56151,6916.1254,2199.503
56152,6896.6975,2128.2855
56153,6916.1336,1651.0218
56154,6892.4542,1869.601
56155,6894.4398,1804.2551
56156,6899.2137,1965.244
56157,6901.624,1472.6013
56158,6903.3312,1591.8791
56159,6908.8124,2062.8373
56160,6923.5102,1835.159
56161,6897.4728,1729.885
56162,6893.2793,2059.4356
56163,6903.7677,1594.196
56164,6915.8663,1912.0121
56165,6898.9751,1726.129
56166,6905.0017,2260.0547
56167,6914.4659,2069.7492
56168,6901.3894,2091.1287
56169,6909.3454,1966.6911
56170,6898.2174,1932.5861
56171,6927.28,1495.1996
56172,6900.4623,2222.1728
56173,6906.7957,1910.7305
56174,6916.7555,1432.0197
56175,6903.955,2258.1368
56176,6907.5226,2168.9916
56177,6908.7918,1888.9714
56178,6930.9764,2251.9178
56179,6925.6086,1684.1547
56180,6904.4314,1902.6446
56181,6923.8174,2204.2829
56182,6919.3562,1527.1897
56183,6908.9739,1632.6634
56184,6918.5307,2210.978
56185,6930.4385,1752.6072
56186,6932.8562,1724.0626
56187,6915.4074,1409.8149
56188,6911.8704,2002.4567
56189,6911.1873,1540.4276
56190,6906.3987,1918.6415
56191,6907.0556,1407.3665
56192,6911.4246,1529.5081
56193,6906.0176,1652.4194
56194,6914.8276,1440.1627
56195,6909.9476,2228.4204
56196,6940.7313,2131.0574
56197,6915.828,2176.3315
56198,6921.851,2089.4215
56199,6909.4708,1829.5688
56200,6940.6159,1414.3167
56201,6923.1956,2191.2505
56202,6943.358,2230.9271
56203,6921.9571,1996.6608
56204,6921.0678,2031.3661
56205,6922.5471,1864.1341
56206,6945.378,1465.2515
56207,6922.8783,1407.4264
56208,6918.2557,1908.1615
56209,6942.4484,1714.1753
56210,6920.8053,2269.2707
56211,6914.0508,1900.2813
56212,6930.7768,2062.157
56213,6948.586,1983.9798
56214,6928.6563,1492.6923
56215,6930.7927,1715.9772
56216,6930.8545,2253.1873
56217,6940.4968,1890.9018
56218,6948.7675,2129.562
56219,6931.7382,1635.6414
56220,6931.5791,1827.9242
56221,6930.1762,1428.6531
56222,6928.838,2271.3226
56223,6921.2943,1660.421
56224,6931.6328,1626.0612
56225,6934.1404,1864.8511
56226,6955.9765,1720.4688
56227,6925.5769,1815.7773
56228,6933.5882,2181.8695
56229,6947.8226,1655.19
56230,6950.6578,1878.8883
56231,6924.7854,1861.2309
56232,6948.3692,1954.6963
56233,6941.3666,1846.9463
56234,6953.3934,1959.8514
56235,6934.4264,1689.8864
56236,6956.8268,2025.9643
56237,6959.9396,1433.6109
56238,6954.6488,1710.533
56239,6960.1272,2071.5167
56240,6962.2778,1939.7513
56241,6945.3022,1450.4708
56242,6947.7453,1495.2406
56243,6946.8159,2076.7324
56244,6930.8241,1780.3697
56245,6961.2024,2180.1521
56246,6963.7097,1443.3978
56247,6938.959,2081.4387
56248,6940.2325,2073.4545
56249,6956.3096,2277.8056
56250,6942.8146,1913.4856
56251,6941.7152,1605.3857
56252,6943.0858,2225.452
56253,6964.4075,1833.043
56254,6966.7103,1926.333
56255,6945.7315,2018.4571
56256,6957.939,1733.2118
56257,6964.1527,1926.5211
56258,6940.0504,2243.8416
56259,6971.6677,1782.29
56260,6952.0981,2160.43
56261,6950.6054,1651.7353
56262,6950.4142,2074.5294
56263,6941.4048,1465.7008
56264,6953.4963,1841.0405
56265,6944.9544,2132.1113
56266,6961.0112,2234.6616
56267,6969.8279,1561.3332
56268,6961.1031,1777.9139
56269,6964.4911,1785.0771
56270,6967.9656,1775.7645
56271,6970.879,2171.412
56272,6950.8959,2089.9873
56273,6950.6183,1632.4394
56274,6953.46,2014.0496
56275,6946.4368,1680.9797
56276,6977.7652,2259.5427
56277,6979.7075,2159.8777
56278,6958.4636,1936.4336
56279,6969.3885,2158.8187
56280,6982.7861,1950.5034
56281,6979.88,2212.4901
56282,6980.4542,1979.7708
56283,6974.5821,1921.2456
56284,6984.2553,1944.0298
56285,6957.1341,1703.1945
56286,6953.3966,1972.5016
56287,6976.9287,1893.8307
56288,6966.8761,1583.8414
56289,6964.529,2162.8047
56290,6984.7986,2077.1479
56291,6968.1886,2287.0105
56292,6980.7099,2279.6872
56293,6980.4654,1810.4452
56294,6969.7877,1643.6527
56295,6959.8579,1801.1263
56296,6960.4134,2137.6296
56297,6960.4496,1720.5652
56298,6987.9449,1423.0727
56299,6982.2113,1851.8504
56300,6987.633,1904.1797
56301,6990.2721,1982.4621
56302,6965.9791,2128.7425
56303,6972.4733,2131.0137
56304,6990.4285,1944.7967
56305,6982.8891,2127.7457
56306,6995.579,2122.3787
56307,6983.7017,1444.0008
56308,6962.4656,2229.8323
56309,6975.3907,2231.4878
56310,6963.4633,1466.6655
56311,6984.0834,2233.9963
56312,6975.3092,1447.5826
56313,6982.7265,2089.9952
56314,6977.1488,2271.5814
56315,6968.6617,2018.4105
56316,6966.6791,1889.2015
56317,6993.1986,1773.2156
56318,6979.548,1965.6465
56319,6986.3332,1506.1284
56320,6993.4629,1837.17
56321,6986.0919,1889.8541
56322,6996.2981,2186.964
56323,6999.5446,1817.2254
56324,6976.9791,2083.4549
56325,6987.966,2191.3033
56326,6979.4053,1527.0102
56327,7003.8,2299.1486
56328,7002.421,1667.9043
56329,6994.8149,2251.277
56330,6999.6406,2224.5659
56331,6997.4694,1494.7635
56332,6983.754,1931.0866
56333,7009.1265,1445.6632
56334,7003.2885,2124.1737
56335,7007.2345,1609.9789
56336,6979.3243,1868.7784
56337,7009.2387,1857.6035
56338,6997.4117,2253.0784
56339,7008.482,1638.3741
56340,6996.9778,1540.3869
56341,6988.609,1663.4652
56342,7000.7268,1945.1617
56343,7008.494,2223.248
56344,6985.3791,2068.6705
56345,6996.613,1726.3478
56346,6992.4967,1951.6489
56347,7011.4828,1589.4005
56348,7006.0947,1880.9405
56349,6982.5724,2172.1175
56350,7002.6165,1605.8322
56351,6991.6302,2095.2211
56352,7005.7569,1636.3595
56353,6985.9483,1648.0393
56354,7018.9369,1598.8853
56355,7002.7122,1432.762
56356,7002.3038,1514.5597
56357,7000.9755,2184.0843
56358,7020.2564,1917.0668
56359,6987.4004,1627.6618
56360,6989.636,1499.406
56361,6999.6073,1612.6529
56362,6995.2022,2063.3397
56363,6991.9971,2220.053
56364,6997.1977,1804.5599
56365,7014.8478,1431.315
56366,7016.7333,1531.353
56367,7015.1489,2279.1906
56368,7005.4261,1682.8446
56369,6994.3208,1454.53
56370,6999.9823,1467.7105
56371,7016.612,2020.9796
56372,7010.9505,2051.4679
56373,7027.3388,1792.3654
56374,6994.5437,2257.0346
56375,7000.7886,1886.6016
56376,7028.7935,2194.2334
56377,7020.0916,1596.633
56378,7024.9535,1497.2949
56379,7003.9929,1843.921
56380,7025.0677,1917.945
56381,7012.1624,1690.6631
56382,7001.5813,1561.1517
56383,7008.0125,1532.9731
56384,7027.6005,1476.1669
56385,7028.7467,2193.2353
56386,7009.0127,1485.994
56387,7022.9225,1462.8215
56388,7022.937,1635.3161
56389,7000.7604,1500.6009
56390,7012.1859,2056.9393
56391,7035.2788,1733.9723
56392,7007.6821,1852.2152
56393,7024.1207,1775.4848
56394,7030.7607,2012.6165
56395,7022.7978,1602.0715
56396,7022.2215,1947.5356
56397,7018.7871,1823.228
56398,7014.1563,1768.8484
56399,7021.1702,1754.849
56400,7030.6582,2046.1616
56401,7036.9188,1809.719
56402,7021.4768,1569.4414
56403,7011.7242,1773.7009
56404,7031.1501,2127.2901
56405,7033.088,1716.7002
56406,7033.407,2026.317
56407,7042.8057,1594.4175
56408,7019.1668,1683.8715
56409,7030.786,2189.1721
56410,7017.7327,1747.275
56411,7033.102,2231.7555
56412,7017.5762,1852.7135
56413,7039.293,1914.2207
56414,7040.8975,2200.6922
56415,7013.222,1431.432
56416,7021.653,2174.4347
56417,7027.4846,1683.3504
56418,7036.0172,1872.3214
56419,7020.1174,1780.5766
56420,7046.6956,1604.4435
56421,7042.8294,1526.1265
56422,7020.8796,1579.9834
56423,7015.8985,2008.7406
56424,7019.7585,2005.7194
56425,7031.6352,1756.8871
56426,7031.1339,2288.1777
56427,7048.9106,1724.9838
56428,7031.5803,2192.5193
56429,7036.8466,1987.3538
56430,7019.4502,2279.4226
56431,7046.0936,1483.1618
56432,7044.4924,1670.0229
56433,7022.81,1471.7039
56434,7030.6932,1448.5451
56435,7020.8605,1860.6394
56436,7039.0734,2067.9341
56437,7022.2285,2205.2127
56438,7043.2147,1774.4473
56439,7030.8095,2184.3168
56440,7054.877,1620.6672
56441,7049.4235,2271.4219
56442,7049.0555,2069.9486
56443,7040.9039,2212.483
56444,7046.179,1707.0498
56445,7050.9777,1625.4233
56446,7034.0748,1723.9311
56447,7037.3925,1658.1963
56448,7039.1402,1449.0674
56449,7036.1228,2199.3037
56450,7034.2001,2115.316
56451,7028.5591,2052.8617
56452,7050.8294,1907.656
56453,7031.7417,2162.6503
56454,7040.1481,1502.1132
56455,7040.4511,1867.8004
56456,7040.7416,2211.0561
56457,7057.0123,1555.2725
56458,7031.6045,2269.2133
56459,7033.4232,1482.3203
56460,7052.324,2247.7036
56461,7063.3334,1771.8674
56462,7058.1226,1537.9807
56463,7035.622,1647.6056
56464,7064.4019,2045.071
56465,7056.0311,2118.0336
56466,7055.2181,1745.4756
56467,7040.8131,2114.243
56468,7063.5213,2003.4887
56469,7052.3216,1808.9281
56470,7048.739,1666.7967
56471,7040.4337,1768.2727
56472,7044.5043,2148.6193
56473,7061.8073,1587.089
56474,7043.41,2254.8086
56475,7068.7382,1985.4399
56476,7048.7018,1435.72
56477,7042.9071,1638.5425
56478,7053.9336,2120.9666
56479,7056.6935,1750.0657
56480,7066.5512,2302.3013
56481,7068.3327,1458.8155
56482,7062.1276,2217.2767
56483,7041.7237,2147.8836
56484,7069.5698,1659.6828
56485,7049.0393,2244.4419
56486,7041.433,1714.8071
56487,7074.4008,1728.1991
56488,7071.1209,2103.8052
56489,7043.1516,2205.6557
56490,7065.4958,1963.8544
56491,7055.1275,2233.6181
56492,7047.1919,2032.8073
56493,7053.7005,2050.2276
56494,7075.9705,2292.4733
56495,7051.1293,2288.0313
56496,7058.338,1963.2412
56497,7050.8942,2236.8408
56498,7044.8904,2185.724
56499,7054.285,1971.9773
56500,7045.6946,1619.3197
56501,7063.5666,1552.6639
56502,7052.5398,2168.0209
56503,7078.9532,2254.0917
56504,7076.6029,1493.3479
56505,7074.9106,1751.5038
56506,7052.8942,1710.967
56507,7054.3123,2200.4964
56508,7068.2262,1966.774
56509,7071.9294,1640.7651
56510,7071.3888,2152.2129
56511,7054.3733,1583.6853
56512,7053.1106,1625.5019
56513,7053.5102,2224.762
56514,7073.0223,2273.995
56515,7073.4032,1505.8532
56516,7084.563,1740.977
56517,7055.664,1868.8298
56518,7072.6738,1472.9163
56519,7061.6412,1458.6369
56520,7081.6647,1584.654
56521,7051.0035,2151.6372
56522,7083.8891,1538.3421
56523,7083.4356,1714.4398
56524,7057.6137,1454.2523
56525,7070.5144,2199.5699
56526,7056.0049,1999.9648
56527,7086.7289,2174.1215
56528,7079.3574,1877.9973
56529,7084.4023,1517.0864
56530,7056.3979,1739.503
56531,7064.133,1646.0188
56532,7087.2443,1628.1436
56533,7086.1188,2062.7621
56534,7064.5542,2203.4252
56535,7061.4656,1943.2142
56536,7070.9967,1819.2302
56537,7058.7562,2141.568
56538,7069.4918,1950.1886
56539,7059.4376,1514.1207
56540,7068.027,2008.0772
56541,7077.9401,1724.4592
56542,7063.8201,2032.895
56543,7081.3715,1442.4558
56544,7063.801,1571.778
56545,7067.1406,1990.1988
56546,7066.8288,1580.7861
56547,7074.5555,1921.8757
56548,7069.5316,1792.6427
56549,7089.2792,2164.3669
56550,7085.7854,2221.4228
56551,7079.8353,1723.6531
56552,7074.7043,2251.9117
56553,7064.4632,2257.7208
56554,7067.7972,1782.3869
56555,7077.3225,2188.0085
56556,7079.0343,1854.952
56557,7067.1884,1730.6247
56558,7094.8269,1492.8454
56559,7086.5283,2278.7098
56560,7081.5571,2296.508
56561,7082.891,2233.9927
56562,7093.2991,2086.2553
56563,7080.0848,2008.3033
56564,7092.6577,1753.6986
56565,7080.1795,1843.3615
56566,7064.2235,1617.8804
56567,7074.7356,2288.0127
56568,7091.2511,1948.7783
56569,7065.3411,2290.3747
56570,7078.7652,1502.3408
56571,7096.2087,2301.8
56572,7064.6528,1829.2796
56573,7084.2248,2312.5996
56574,7093.0308,2307.8973
56575,7086.0803,2281.1458
56576,7080.6007,2091.1409
56577,7076.3583,1508.0355
56578,7067.8458,1659.1845
56579,7069.6463,2081.4169
56580,7077.8755,1936.5609
56581,7096.9804,1624.5202
56582,7079.9543,1808.8866
56583,7093.9627,2168.8224
56584,7098.2697,1797.6644
56585,7086.2815,2141.0635
56586,7091.1885,1756.9755
56587,7089.9756,1623.4405
56588,7091.1076,1820.1183
56589,7093.7175,1864.6655
56590,7080.36,2249.1555
56591,7067.9383,1585.268
56592,7070.7841,1679.6974
56593,7068.6128,1441.9255
56594,7079.1382,1755.0498
56595,7089.0292,1596.873
56596,7086.9082,1908.026
56597,7096.8142,1673.6929
56598,7082.9321,1749.7736
56599,7076.7009,2030.3393
56600,7079.7526,1939.8336
56601,7087.2223,1451.5563
56602,7087.6001,1804.7966
56603,7100.896,1836.3576
56604,7093.5573,2234.8808
56605,7096.8914,1740.7431
56606,7105.7616,2125.4397
56607,7078.0233,2083.1061
56608,7104.9485,1906.7294
56609,7082.9784,1503.694
56610,7077.0792,2130.5945
56611,7104.4116,1827.0341
56612,7083.6044,2057.7519
56613,7075.5459,1871.2789
56614,7077.4363,2152.3846
56615,7076.2733,1944.6452
56616,7105.9032,1579.8779
56617,7105.8074,1707.1871
56618,7102.5561,2328.713
56619,7097.3148,1593.4981
56620,7084.9908,2296.4789
56621,7107.5146,2104.6462
56622,7097.346,1801.467
56623,7105.1674,2006.8196
56624,7097.3642,1479.581
56625,7074.1792,2080.5397
56626,7077.1606,1934.2614
56627,7076.2967,1692.2352
56628,7089.7402,1986.5723
56629,7105.8712,1602.4873
56630,7079.8739,1460.0577
56631,7080.3938,1815.0242
56632,7086.7346,1788.0641
56633,7082.5351,1454.1075
56634,7081.8988,2140.6459
56635,7098.9323,2062.0399
56636,7094.8723,1641.5788
56637,7106.2667,1742.0509
56638,7074.4082,2297.7355
56639,7091.7097,1920.1245
56640,7079.6173,2313.0706
56641,7092.4332,2163.6992
56642,7107.1329,2098.2245
56643,7093.9867,1741.0407
56644,7076.8054,1768.8545
56645,7087.0835,1974.973
56646,7086.8485,2105.329
56647,7096.8241,1493.617
56648,7105.3654,2252.352
56649,7086.4978,1567.3571
56650,7076.2904,1979.8677
56651,7088.0983,1882.9841
56652,7096.9565,1648.8474
56653,7103.0013,1454.5643
56654,7080.6109,1829.5813
56655,7092.1097,2027.4275
56656,7099.2135,1878.1063
56657,7091.7659,1910.8346
56658,7106.8864,2243.8116
56659,7093.36,1605.908
56660,7100.5994,1897.9878
56661,7078.5319,1926.8729
56662,7082.1231,2019.1711
56663,7084.3427,2008.1289
56664,7095.7992,1897.5269
56665,7110.4535,1453.8851
56666,7088.7416,1722.307
56667,7078.9201,1977.568
56668,7102.7886,1545.8138
56669,7078.4916,1994.3514
56670,7110.3521,1755.8479
56671,7088.7069,2066.5324
56672,7109.7932,1741.5252
56673,7089.5919,1487.7493
56674,7101.567,1953.6333
56675,7085.1676,1457.6198
56676,7093.8674,1481.2046
56677,7078.8999,1630.5593
56678,7089.7164,1699.2717
56679,7077.0305,2117.8468
56680,7090.8799,1951.6681
56681,7108.6426,1745.1736
56682,7104.5965,1976.8988
56683,7082.0622,1591.8667
56684,7094.1651,1811.6716
56685,7078.8255,1451.3218
56686,7089.8928,1792.1684
56687,7107.3916,2161.0699
56688,7080.3581,1551.401
56689,7093.4398,2266.4821
56690,7077.531,2130.9153
56691,7079.604,1954.4714
56692,7102.0144,1595.1029
56693,7096.7385,1603.8938
56694,7090.5326,2173.9084
56695,7086.0489,2217.5915
56696,7098.3886,1492.8147
56697,7078.311,1555.8005
56698,7090.0895,1675.5376
56699,7104.7689,2276.7463
56700,7089.8115,2197.1245
56701,7110.0637,1836.5722
56702,7080.4663,2106.0273
56703,7081.6795,2138.4746
56704,7078.124,1511.71
56705,7095.096,1798.3102
56706,7088.2182,1640.6241
56707,7082.1901,2153.3993
56708,7104.1694,2287.6421
56709,7101.1613,2019.3338
56710,7102.4821,2298.9801
56711,7077.6307,2278.4238
56712,7077.0609,2217.8924
56713,7109.3143,1444.387
56714,7102.9889,1523.0302
56715,7104.96,1447.1878
56716,7095.94,2155.2123
56717,7077.7187,1927.8053
56718,7102.5611,1749.4297
56719,7074.176,1440.5806
56720,7092.9665,1482.8117
56721,7103.7825,2255.4523
56722,7088.5463,2185.6837
56723,7091.2301,2115.6752
56724,7091.1749,1817.153
56725,7074.0468,1966.2091
56726,7106.0286,1565.0298
56727,7079.6959,1921.5659
56728,7074.8705,1617.7605
56729,7075.5453,1747.2148
56730,7097.8992,1675.2537
56731,7107.3451,2196.0844
56732,7095.7653,1713.8151
56733,7077.587,2199.0751
56734,7087.2518,2184.9005
56735,7096.5329,2155.2803
56736,7083.0709,1477.474
56737,7095.4374,1742.2881
56738,7088.6129,2085.1707
56739,7076.2654,2228.9904
56740,7071.7138,1520.9128
56741,7103.0171,1573.5903
56742,7076.4115,1739.4391
56743,7071.7575,1576.4746
56744,7089.4882,2069.5444
56745,7101.4682,2092.4978
56746,7085.7029,2112.0125
56747,7079.4507,1559.2098
56748,7098.3627,1619.2066
56749,7072.1731,1595.4629
56750,7080.8934,2210.5351
56751,7074.4991,1908.5785
56752,7071.3695,1541.4501
56753,7075.2968,2131.1707
56754,7090.9196,1625.7238
56755,7100.9601,1775.8381
56756,7074.0683,1824.6622
56757,7103.3495,2026.6792
56758,7093.0965,1679.9238
56759,7077.9521,1923.0739
56760,7069.3589,1980.395
56761,7073.8088,1437.3211
56762,7093.8564,1486.5957
56763,7091.186,2226.9779
56764,7082.519,1825.7657
56765,7077.5385,2116.0725
56766,7095.073,1828.6137
56767,7076.2539,2203.9269
56768,7096.8102,1849.5578
56769,7099.9505,1935.0266
56770,7079.0332,1529.6267
56771,7097.458,2244.6797
56772,7084.5882,1522.9401
56773,7075.6871,1967.0114
56774,7085.7165,1724.3507
56775,7090.2072,1743.9361
56776,7095.0923,2228.5903
56777,7070.3111,1513.6424
56778,7069.9753,1553.7811
56779,7071.2217,1963.1952
56780,7065.4913,1750.0665
56781,7065.6009,1769.3833
56782,7087.5145,2031.8144
56783,7067.906,1968.722
56784,7068.7884,1525.3133
56785,7083.0515,2116.8305
56786,7062.6034,2243.8507
56787,7065.5792,1475.2997
56788,7074.5765,2261.5046
56789,7091.824,1522.7541
56790,7074.6712,2099.4176
56791,7083.6476,1933.2839
56792,7084.5652,1582.4431
56793,7087.4394,1908.217
56794,7071.273,1657.4026
56795,7077.7502,2000.7835
56796,7069.683,2237.7313
56797,7066.5298,2170.1742
56798,7073.3668,2031.2121
56799,7085.27,1844.8146
56800,7059.4904,1609.6472
56801,7074.2002,1865.6603
56802,7092.5788,1553.2715
56803,7068.8876,1685.9522
56804,7073.1611,1743.7321
56805,7085.3453,2208.6272
56806,7076.1371,1966.5194
56807,7060.1658,1890.3857
56808,7081.11,2318.323
56809,7072.2967,2296.9887
56810,7059.5398,2300.9287
56811,7069.0709,2086.2199
56812,7057.1677,1644.0933
56813,7086.2646,1953.9796
56814,7065.7987,2040.4652
56815,7066.5713,1768.476
56816,7054.6239,1928.1578
56817,7080.603,2011.1058
56818,7075.555,1562.7156
56819,7064.9069,2115.0627
56820,7054.5191,1607.2708
56821,7059.3936,2057.0798
56822,7061.9489,1452.9735
56823,7055.7761,1718.1013
56824,7074.6208,2304.084
56825,7062.8527,2058.8352
56826,7070.9685,2168.968
56827,7052.9192,1764.7482
56828,7053.565,1753.416
56829,7060.9337,1834.7383
56830,7062.4286,1627.2797
56831,7067.5679,2001.2558
56832,7061.7242,2151.7703
56833,7049.7637,1737.3884
56834,7073.7956,2174.6483
56835,7051.4437,2210.235
56836,7068.8421,1485.7591
56837,7078.3896,2178.5798
56838,7067.2695,1924.0341
56839,7059.9847,2261.5663
56840,7062.9379,1699.9891
56841,7080.4131,1599.0752
56842,7063.7653,1556.4861
56843,7074.2711,1699.6695
56844,7060.5355,2121.0432
56845,7049.5374,1536.7809
56846,7054.1821,2293.6631
56847,7054.8223,1762.6211
56848,7064.8255,1696.332
56849,7046.6865,1875.2342
56850,7059.2769,2262.99
56851,7060.8275,2318.4626
56852,7043.574,1495.728
56853,7047.3308,2131.0302
56854,7063.9019,2020.4836
56855,7043.9441,1977.9924
56856,7057.1219,1979.3276
56857,7073.3754,2282.4743
56858,7068.9995,2056.3172
56859,7046.4071,1969.634
56860,7063.1674,2306.3408
56861,7058.332,1969.5459
56862,7062.6984,1721.1501
56863,7042.9239,1712.3731
56864,7070.6948,1986.3677
56865,7066.7048,1652.0628
56866,7054.1054,2223.5023
56867,7067.988,2135.2842
56868,7037.2383,1461.5097
56869,7056.9617,2133.1476
56870,7068.6235,2318.3253
56871,7068.9548,1882.7262
56872,7042.5316,2283.3777
56873,7058.3407,2104.773
56874,7041.6526,1484.6305
56875,7037.9782,2262.4291
56876,7042.9288,1950.8293
56877,7034.8324,2271.6027
56878,7038.804,1676.1465
56879,7031.539,1758.094
56880,7056.2714,1801.7046
56881,7045.5577,2188.6899
56882,7039.6356,2086.59
56883,7051.2757,1812.8224
56884,7039.202,1660.0045
56885,7046.4326,2231.8725
56886,7029.8316,2189.1806
56887,7037.2749,2236.7922
56888,7037.227,1650.4253
56889,7030.16,2105.4805
56890,7031.6996,2037.4931
56891,7034.7186,2258.0183
56892,7044.7021,2057.9783
56893,7037.1717,2174.378
56894,7042.4213,2094.3654
56895,7048.6475,1686.6677
56896,7049.4362,1438.9875
56897,7056.1885,2110.2461
56898,7054.2218,1470.425
56899,7027.7698,2183.6188
56900,7029.9163,1535.1555
56901,7041.088,2017.9922
56902,7038.8973,1822.3187
56903,7033.3742,1541.4909
56904,7020.9667,2305.4297
56905,7031.7314,2270.0903
56906,7053.1125,2106.4868
56907,7041.5126,1651.829
56908,7045.6896,2300.2916
56909,7044.0932,1833.8304
56910,7049.7356,1453.0421
56911,7044.0237,2056.8158
56912,7029.6147,1581.4587
56913,7025.1194,1701.4898
56914,7043.6653,1766.4048
56915,7018.5555,1788.171
56916,7047.463,1962.6888
56917,7046.0791,2255.7277
56918,7022.3111,1876.8328
56919,7039.7987,2278.7317
56920,7028.9733,1892.0864
56921,7036.9402,2282.5927
56922,7015.0709,2143.1768
56923,7013.4946,1918.5097
56924,7033.4492,1927.552
56925,7024.6616,1735.1017
56926,7025.0459,1514.2453
56927,7011.9004,1909.7164
56928,7042.8899,1871.7851
56929,7017.3154,2180.1437
56930,7021.4873,2087.2077
56931,7010.5829,1790.5312
56932,7012.3322,1638.1661
56933,7021.953,1985.1644
56934,7024.0892,2037.9168
56935,7040.8234,2116.852
56936,7018.3284,2111.7276
56937,7013.5517,2222.9425
56938,7018.436,2212.8703
56939,7024.6895,1610.2802
56940,7038.0918,2244.9292
56941,7012.3266,2256.9323
56942,7009.2176,1681.3933
56943,7023.0585,2149.8868
56944,7005.6693,2203.4202
56945,7022.8734,1791.1748
56946,7029.129,1557.5399
56947,7009.6352,1782.8792
56948,7027.9943,1680.8467
56949,7026.4071,2225.4396
56950,7011.6867,2165.8698
56951,7011.6507,1852.3468
56952,7002.8381,1878.79
56953,7023.3074,2154.4245
56954,7006.098,1587.7098
56955,7007.4212,2004.743
56956,7029.2839,1470.9494
56957,7003.0699,2147.5334
56958,7027.8977,1790.1024
56959,7003.6014,2202.9332
56960,7025.1218,2155.2497
56961,7015.1562,1691.77
56962,7010.8262,1983.7959
56963,7011.6036,1663.6058
56964,7012.9828,1876.5841
56965,7012.7066,2086.9887
56966,6992.502,2260.3845
56967,6998.5342,1650.3564
56968,7010.7965,1495.9892
56969,7020.2091,2089.1027
56970,6996.4941,1894.5301
56971,7002.9704,1547.4906
56972,7000.3714,1537.1736
56973,6998.228,1972.4499
56974,6988.8226,1432.9869
56975,6992.334,2284.5298
56976,6987.9806,1825.6881
56977,7020.9886,1889.5841
56978,7004.1056,2280.1557
56979,7015.4189,1834.9241
56980,6995.7523,2102.1092
56981,6999.6827,2120.3408
56982,7003.1913,2069.371
56983,6999.9904,1764.9367
56984,7010.3422,1508.3042
56985,6987.942,1929.2503
56986,6994.4255,1818.4421
56987,7011.8599,2170.4032
56988,6988.463,1615.2282
56989,7005.4087,1998.566
56990,6994.3824,1966.6956
56991,7004.1628,2157.595
56992,6997.2583,2172.2785
56993,7010.2984,2047.2888
56994,7006.0493,1928.1346
56995,6978.2617,1980.5468
56996,6996.946,1603.2737
56997,7000.3443,1572.6288
56998,7001.5495,1848.887
56999,6983.0704,2118.5152
57000,7003.6185,2070.2838
57001,6980.6268,1724.2779
57002,7000.4496,1673.8099
57003,6990.4017,1703.5868
57004,6993.0206,1946.6833
57005,6994.7566,1493.8998
57006,6984.8707,1489.8617
57007,6992.7772,1923.0431
57008,6993.9767,1734.764
57009,6992.5649,1780.3694
57010,6995.9005,1666.0115
57011,6974.6235,1518.8604
57012,6990.6075,1865.6559
57013,6997.2326,1758.417
57014,6994.9499,1999.8096
57015,6978.7809,1968.9592
57016,6993.7562,1892.8794
57017,6988.3777,2081.8828
57018,6974.1302,1978.7599
57019,6975.232,2161.4846
57020,6970.3957,1633.6161
57021,6986.7307,2201.5873
57022,6990.2575,1621.2155
57023,6994.7424,1959.4108
57024,6982.9803,1502.6552
57025,6989.5614,1745.8247
57026,6964.9976,2015.1757
57027,6992.0555,1445.711
57028,6964.9664,2008.1578
57029,6974.9459,1989.2751
57030,6979.8202,2003.9822
57031,6972.8594,1915.8385
57032,6976.7488,1938.5411
57033,6959.94,1849.4474
57034,6982.6285,2066.4213
57035,6986.2218,2279.1926
57036,6989.219,2017.9298
57037,6958.0459,2176.8853
57038,6988.7239,1961.9865
57039,6959.0684,2241.7536
57040,6972.5828,2280.636
57041,6985.0764,1813.7589
57042,6971.8306,1763.767
57043,6956.4299,1505.0173
57044,6982.5803,2193.9691
57045,6967.18,2281.0052
57046,6976.6864,1626.2305
57047,6980.9837,1809.0054
57048,6967.9451,2219.1591
57049,6959.5142,1679.7731
57050,6961.1162,2176.6634
57051,6959.3617,1874.0041
57052,6948.902,1959.6276
57053,6949.4803,2087.6841
57054,6971.7681,1791.127
57055,6967.1159,1508.1048
57056,6948.39,2251.5508
57057,6963.8174,2108.0631
57058,6979.2887,2084.2405
57059,6973.1475,1870.8242
57060,6958.3468,2049.28
57061,6974.6762,2263.8988
57062,6954.288,1636.2046
57063,6965.5131,1628.1893
57064,6947.9883,1630.4112
57065,6947.4355,1781.9588
57066,6943.929,2138.441
57067,6964.4208,1523.1922
57068,6951.8109,1587.0718
57069,6943.7357,2014.8041
57070,6953.3764,1834.8583
57071,6948.8381,1588.65
57072,6968.2605,1981.8047
57073,6948.8301,1882.095
57074,6963.7744,1839.4947
57075,6938.3716,2205.0256
57076,6936.4434,1860.3673
57077,6957.2272,1533.9768
57078,6969.5903,2091.6415
57079,6958.4281,1821.7214
57080,6957.1,2268.0972
57081,6953.1639,1521.0596
57082,6950.4732,1934.5429
57083,6950.204,1414.12
57084,6955.8304,2277.5824
57085,6932.8911,1795.3772
57086,6957.813,2094.1199
57087,6945.0845,1973.6973
57088,6950.2766,2102.5862
57089,6954.8713,1485.7355
57090,6934.326,2269.7425
57091,6958.571,1578.9053
57092,6945.7826,1831.8863
57093,6945.5913,2262.3663
57094,6950.9027,1446.2176
57095,6935.2907,1809.3078
57096,6936.4009,1861.4207
57097,6928.4135,1910.1687
57098,6929.855,1909.5189
57099,6950.1712,1623.5291
57100,6953.8538,1602.1357
57101,6955.868,1545.9105
57102,6956.7786,2128.1299
57103,6941.7744,1666.7624
57104,6951.0279,2060.668
57105,6942.3977,2129.1494
57106,6942.1249,2011.0608
57107,6933.8466,1884.3286
57108,6946.4602,1832.1707
57109,6941.63,2256.8086
57110,6930.9468,1667.922
57111,6940.4685,1588.5075
57112,6936.707,1524.774
57113,6924.9027,2205.0404
57114,6934.1494,1737.6557
57115,6931.8719,1795.6923
57116,6939.6476,1665.3399
57117,6945.3114,2007.5959
57118,6914.7154,2118.8423
57119,6940.2043,2093.1505
57120,6926.9466,1921.503
57121,6931.5441,2261.5046
57122,6928.9051,2238.3258
57123,6934.757,1817.513
57124,6942.3819,1745.2896
57125,6935.6041,2083.3914
57126,6915.6754,2047.4216
57127,6920.4083,2260.7575
57128,6918.9672,1522.1949
57129,6918.8155,1698.717
57130,6917.3949,2251.1646
57131,6908.899,2061.0307
57132,6938.863,1978.7033
57133,6925.563,1817.4448
57134,6910.6802,1776.5995
57135,6928.8676,1451.4607
57136,6912.3929,1653.4988
57137,6918.6483,1973.7083
57138,6906.587,1543.6512
57139,6919.4031,2221.4597
57140,6911.6797,1711.6363
57141,6904.3416,1411.9727
57142,6904.7012,2136.6398
57143,6908.1818,1529.7148
57144,6912.6897,2112.6499
57145,6905.1963,1637.1077
57146,6929.9996,1918.8438
57147,6933.9742,2098.0827
57148,6900.3292,1827.8313
57149,6922.2181,1968.2305
57150,6916.9373,2266.1594
57151,6900.0323,2197.3128
57152,6919.176,2125.246
57153,6904.6989,2204.2566
57154,6919.8134,1662.1047
57155,6917.0689,2106.9113
57156,6925.3753,1742.5418
57157,6911.9703,2018.8984
57158,6912.8365,2115.1342
57159,6903.5196,1622.2961
57160,6895.9232,1764.8334
57161,6897.4276,1501.697
57162,6912.5281,2107.1541
57163,6920.9467,1985.9367
57164,6893.5031,2181.41
57165,6923.9673,1541.4637
57166,6914.836,2192.6247
57167,6915.1903,1652.5015
57168,6914.6614,1507.8789
57169,6918.4386,1881.8124
57170,6902.2533,2176.5938
57171,6891.9675,1448.0243
57172,6897.8518,2196.9623
57173,6918.263,1736.8276
57174,6890.0213,2201.5223
57175,6902.7798,2143.8639
57176,6912.747,1898.6993
57177,6916.5792,1677.2403
57178,6898.443,2253.9146
57179,6908.965,1815.6476
57180,6917.9119,2167.9631
57181,6912.3168,2040.0142
57182,6914.7114,1907.1198
57183,6907.454,1806.8325
57184,6894.2582,1599.6571
57185,6914.8464,1597.34
57186,6909.379,1771.0154
57187,6905.9266,1993.5908
57188,6886.8198,2189.7257
57189,6912.8122,1620.5316
57190,6883.8202,1739.3353
57191,6898.956,1783.423
57192,6895.8733,1451.3138
57193,6896.1452,2035.2154
57194,6885.0427,2149.4523
57195,6887.8772,1712.6007
57196,6901.3492,1979.3713
57197,6894.845,1947.219
57198,6877.0626,1607.8665
57199,6874.9521,1815.2666
57200,6881.0307,1586.5195
57201,6884.8663,1869.1348
57202,6880.4144,1497.3773
57203,6900.0615,2109.7397
57204,6903.5846,1576.7356
57205,6877.4682,1774.1236
57206,6881.9617,2142.1005
57207,6876.8865,2044.513
57208,6897.4587,1753.0084
57209,6889.8389,1943.2166
57210,6890.2547,1959.505
57211,6900.1653,1747.3001
57212,6873.8166,1410.3874
57213,6877.6464,2161.2838
57214,6901.7807,2044.582
57215,6900.645,1748.8958
57216,6879.0966,2192.3768
57217,6882.6838,1703.9032
57218,6881.2241,1508.3346
57219,6882.9662,2086.4088
57220,6871.7238,1454.5931
57221,6885.2028,2140.8231
57222,6871.524,2077.4117
57223,6875.8666,2206.9814
57224,6885.8036,1696.4957
57225,6881.6641,1841.0438
57226,6876.8675,1630.9015
57227,6895.0132,2052.3271
57228,6895.038,1920.5878
57229,6865.9623,1858.9421
57230,6861.1006,2139.6326
57231,6864.0682,1472.2175
57232,6871.957,1840.9457
57233,6891.3996,1738.0057
57234,6873.493,1812.2799
57235,6863.208,1581.9308
57236,6859.6047,1973.8788
57237,6883.7776,1611.6137
57238,6870.7886,1991.4731
57239,6886.1608,1487.1375
57240,6872.1175,1950.3946
57241,6885.1601,2176.2283
57242,6861.5937,1543.884
57243,6863.9549,1955.7845
57244,6882.9086,1749.3645
57245,6856.6095,1768.7071
57246,6853.8814,1897.1303
57247,6857.3717,1681.5422
57248,6868.1469,1828.3374
57249,6870.8572,1870.7193
57250,6860.7765,2159.3264
57251,6855.7787,1795.2763
57252,6869.0745,2066.4628
57253,6866.3167,2151.2287
57254,6853.373,1738.4989
57255,6854.3055,1529.0115
57256,6877.0533,1839.0584
57257,6873.2295,2133.7961
57258,6875.8775,1853.5337
57259,6859.3471,1604.9754
57260,6864.836,1723.1575
57261,6879.9991,1901.0137
57262,6852.2516,1564.8815
57263,6875.0143,1551.2633
57264,6849.2295,1442.0941
57265,6846.3259,2233.1874
57266,6875.3433,2096.0185
57267,6868.6029,1398.1048
57268,6845.7311,1950.0806
57269,6863.7189,2199.7959
57270,6855.1084,1668.3835
57271,6848.8588,2015.0442
57272,6857.6338,1774.7415
57273,6848.8582,1785.4828
57274,6845.5234,1911.9045
57275,6866.5281,1836.0859
57276,6848.9084,1951.6286
57277,6849.4321,1644.1387
57278,6853.6107,1747.4857
57279,6848.8506,2176.2645
57280,6872.1114,1757.5479
57281,6848.2651,2139.009
57282,6859.2646,1852.6838
57283,6844.7616,2048.0438
57284,6872.0671,2054.303
57285,6848.69,1905.0186
57286,6846.3327,1534.8842
57287,6851.3657,1581.2122
57288,6851.581,2023.8381
57289,6839.3986,1892.8083
57290,6863.2247,2158.6007
57291,6838.1621,1420.3989
57292,6858.4951,1706.2545
57293,6836.8511,2085.3652
57294,6861.5161,1581.6313
57295,6868.0712,1488.87
57296,6854.7703,2107.4403
57297,6837.4232,1558.4282
57298,6861.6421,1978.4191
57299,6849.2948,2114.2261
57300,6840.7138,2104.8727
57301,6840.1734,1806.7958
57302,6840.5483,1715.1341
57303,6835.9266,1538.0175
57304,6865.6334,1826.6111
57305,6842.4419,2197.4292
57306,6843.5573,1481.8291
57307,6859.0179,1529.6949
57308,6841.9311,1635.9956
57309,6830.5215,1513.0871
57310,6850.0748,1692.7771
57311,6834.7689,1766.0342
57312,6853.9986,2093.9358
57313,6831.7079,2147.054
57314,6858.2043,1431.1054
57315,6838.2665,1781.211
57316,6855.351,1787.2676
57317,6860.4049,1487.4649
57318,6851.0715,1567.9883
57319,6841.8554,1808.7019
57320,6827.4773,1949.7533
57321,6837.7445,1534.3599
57322,6855.5349,1826.6314
57323,6849.4892,2059.7524
57324,6849.4832,1677.4281
57325,6856.9215,1635.4075
57326,6832.4878,2131.1866
57327,6830.1024,1543.2361
57328,6840.6162,1755.5386
57329,6824.8016,1881.5214
57330,6841.9291,1905.8983
57331,6834.7526,1755.6793
57332,6824.5984,2230.2038
57333,6849.3944,1733.9629
57334,6838.4171,2071.0795
57335,6834.1976,2053.7038
57336,6831.3041,2044.014
57337,6825.9637,1637.3358
57338,6839.8593,2170.7825
57339,6829.9356,1978.1235
57340,6827.1719,2039.7709
57341,6826.8913,2129.7079
57342,6830.0772,1897.2442
57343,6839.6048,2210.4514
57344,6850.38,1806.0344
57345,6841.0259,1639.4104
57346,6823.538,1900.3754
57347,6832.4333,2197.7374
57348,6840.9825,2076.598
57349,6844.9186,1466.1949
57350,6837.1423,1845.3847
57351,6842.3573,2154.5401
57352,6846.0589,1820.2757
57353,6818.9606,1564.5988
57354,6826.9466,2018.2598
57355,6830.2842,1957.6722
57356,6832.7954,1486.0899
57357,6840.425,1530.4491
57358,6843.8527,2038.7109
57359,6821.9097,1949.9372
57360,6824.3834,2217.9403
57361,6825.8662,2217.744
57362,6830.6237,1942.0909
57363,6834.3505,2179.5827
57364,6848.6927,1624.7882
57365,6838.6004,2151.3902
57366,6814.4266,1760.0137
57367,6816.8201,1823.2696
57368,6838.6433,2201.7124
57369,6843.5167,2092.1388
57370,6844.959,1393.1423
57371,6816.1956,1467.3052
57372,6820.0172,1821.7797
57373,6833.3333,1990.0971
57374,6825.1004,1842.0181
57375,6833.5867,2137.5246
57376,6829.0103,2143.2135
57377,6814.9231,1830.1664
57378,6828.9554,1712.0142
57379,6833.5256,1638.4524
57380,6823.2593,2123.8615
57381,6813.3334,1994.9032
57382,6840.224,1814.4477
57383,6812.33,1516.9327
57384,6832.7261,1921.1488
57385,6833.3753,1621.25
57386,6840.1948,1759.544
57387,6833.2515,1938.9401
57388,6836.4445,2128.5265
57389,6812.3476,1796.8596
57390,6814.7067,1780.0115
57391,6816.6148,1897.2423
57392,6823.2641,1816.551
57393,6829.9387,2059.0284
57394,6816.5199,2224.2218
57395,6828.4492,1631.6556
57396,6821.1294,2208.9954
57397,6821.0936,1660.0751
57398,6818.7624,1767.6705
57399,6837.6331,1771.227
57400,6839.0308,1991.9778
57401,6822.8443,1869.6729
57402,6824.3301,2028.9223
57403,6828.6444,1847.8678
57404,6815.045,2013.764
57405,6837.2099,1832.742
57406,6815.9903,2188.0548
57407,6839.8597,1706.8708
57408,6829.6562,1554.9476
57409,6815.0138,1388.0977
57410,6824.057,1399.6435
57411,6807.8286,1910.2775
57412,6834.3118,1411.0988
57413,6814.881,2047.5469
57414,6834.2607,1977.3018
57415,6828.4827,1740.9105
57416,6824.8883,1671.4947
57417,6826.7658,2217.5889
57418,6816.3964,1850.0756
57419,6811.3403,1899.5929
57420,6815.7969,2194.5761
57421,6807.1905,2229.6341
57422,6838.2306,1778.7345
57423,6810.1435,1914.5861
57424,6815.7376,1406.8757
57425,6830.122,1400.4155
57426,6837.2374,1600.0306
57427,6814.6879,1597.6925
57428,6823.9159,2091.5498
57429,6820.4032,1978.7019
57430,6806.027,1823.5428
57431,6818.8659,1840.11
57432,6824.5185,2151.2152
57433,6837.3082,1674.3039
57434,6811.1113,2004.3432
57435,6837.2129,1910.2948
57436,6814.9341,1615.987
57437,6837.4156,1617.0262
57438,6821.2776,1613.8696
57439,6828.5892,1498.2759
57440,6829.442,1798.7437
57441,6806.326,2117.9415
57442,6831.0733,2160.7962
57443,6829.7626,1904.0444
57444,6826.798,1745.3939
57445,6815.3382,1386.4204
57446,6820.2041,1923.0594
57447,6806.1296,2016.9963
57448,6808.3913,1698.8021
57449,6811.5907,1525.2377
57450,6830.4212,1806.3513
57451,6831.9825,2138.6707
57452,6820.9596,1992.9876
57453,6821.259,2142.6752
57454,6831.0952,2053.5411
57455,6804.9089,2158.9975
57456,6807.6273,1834.7959
57457,6823.6034,2146.4565
57458,6822.9098,2241.0315
57459,6811.7857,1508.6898
57460,6808.4042,2073.5989
57461,6811.1131,1565.4213
57462,6802.7666,1660.4316
57463,6814.203,1593.5275
57464,6822.432,1783.0574
57465,6828.2833,1783.4326
57466,6814.6903,1595.7352
57467,6808.6693,1981.5095
57468,6820.7015,2167.5871
57469,6823.5942,2049.4691
57470,6807.0726,1554.5956
57471,6803.3352,1998.6738
57472,6819.6066,1594.2303
57473,6830.5821,2033.0561
57474,6823.2252,1414.7622
57475,6825.5615,1639.5525
57476,6836.4215,1794.8191
57477,6819.0007,1673.5693
57478,6823.74,1693.6702
57479,6809.4692,1648.7956
57480,6827.6102,1590.0585
57481,6833.3834,2208.1374
57482,6816.7233,2182.3786
57483,6815.9283,2219.6524
57484,6826.7164,2117.3179
57485,6813.6782,2010.2114
57486,6819.4577,2167.0658
57487,6836.4969,1810.0282
57488,6812.9779,1411.78
57489,6824.5322,1746.6474
57490,6832.455,2220.1839
57491,6815.8404,1961.551
57492,6834.8062,1524.069
57493,6812.8924,1670.5453
57494,6808.1444,2124.54
57495,6808.8157,2069.1231
57496,6836.0545,1508.1268
57497,6820.3939,1829.9105
57498,6824.6982,1629.7242
57499,6809.5066,1704.1232
57500,6834.9113,1507.0108
57501,6807.5606,2208.5005
57502,6812.6023,1583.3975
57503,6812.5321,1889.3936
57504,6825.1583,2034.4364
57505,6837.3466,1950.8237
57506,6813.6308,2075.4697
57507,6825.1562,1772.9904
57508,6823.3534,1515.099
57509,6834.7471,1546.1748
57510,6836.5979,1574.2984
57511,6818.3083,1630.9547
57512,6806.4655,2136.4125
57513,6812.6944,1436.1794
57514,6808.9227,1726.7104
57515,6808.2675,1764.6755
57516,6815.1847,1927.9794
57517,6812.5239,2056.7115
57518,6828.2248,2090.991
57519,6817.3109,1610.6558
57520,6812.2341,1649.6187
57521,6839.7394,1949.2396
57522,6815.82,1765.446
57523,6808.7887,1739.5359
57524,6824.0173,2211.0892
57525,6827.7497,1556.4148
57526,6814.9114,2050.4642
57527,6835.5425,1837.352
57528,6827.4936,1836.0449
57529,6825.4416,2011.1762
57530,6811.6055,1677.4365
57531,6822.1431,1456.3215
57532,6833.4854,2139.0988
57533,6826.8892,1692.3407
57534,6815.1053,1420.6643
57535,6838.0067,1812.6618
57536,6833.9139,2245.4154
57537,6834.2723,2212.5319
57538,6826.8612,1476.2804
57539,6820.8098,1509.5635
57540,6815.1253,2158.5354
57541,6816.0351,1906.471
57542,6836.0946,2127.1409
57543,6839.0112,1994.1492
57544,6837.8049,2092.7312
57545,6830.3917,1864.0646
57546,6826.3744,1948.1354
57547,6833.2173,1903.7283
57548,6820.5326,1423.433
57549,6822.5198,2235.5274
57550,6837.3771,2228.8206
57551,6814.5229,1404.8974
57552,6834.4641,2212.6003
57553,6831.4317,1644.4974
57554,6831.0466,2046.0177
57555,6822.4575,1425.4987
57556,6840.9505,2110.8801
57557,6830.6531,1515.4777
57558,6847.8833,2208.6321
57559,6836.484,2194.5784
57560,6820.5148,1768.943
57561,6824.05,1394.0818
57562,6832.2991,1590.9546
57563,6822.2036,2130.6316
57564,6850.6419,1817.341
57565,6833.1549,1946.8636
57566,6821.513,1475.4839
57567,6836.0896,2047.6852
57568,6835.432,1750.7046
57569,6839.3912,1636.0441
57570,6838.6569,2154.5464
57571,6845.724,1649.3026
57572,6832.1603,1977.8287
57573,6830.1072,2043.4252
57574,6820.985,1963.252
57575,6822.7172,1819.0107
57576,6848.1782,2057.1147
57577,6854.6311,1803.0042
57578,6839.3341,1970.6051
57579,6852.6801,2161.0606
57580,6841.918,1880.5683
57581,6823.7585,1448.0294
57582,6837.3017,1775.3571
57583,6829.0238,2206.168
57584,6833.5189,1650.2069
57585,6857.2084,2027.9778
57586,6855.641,2034.8775
57587,6843.8148,1693.7504
57588,6847.0723,1840.7234
57589,6837.1792,1595.0404
57590,6828.5429,2033.481
57591,6842.6868,2051.687
57592,6846.529,2161.8894
57593,6847.0828,2092.8072
57594,6860.6048,2042.9944
57595,6854.5646,1614.4859
57596,6856.2757,1593.1577
57597,6856.1506,2170.3016
57598,6847.0374,1744.8376
57599,6831.8517,2021.8181
57600,6846.7041,1682.3275
57601,6846.0908,1984.2047
57602,6839.5146,2036.6712
57603,6832.3311,1912.1823
57604,6855.2755,2103.978
57605,6852.3846,1663.1635
57606,6863.7339,2133.2046
57607,6845.1193,1542.6212
57608,6838.3612,1597.3428
57609,6867.7254,1823.3834
57610,6847.292,1765.6716
57611,6856.6026,1526.7786
57612,6848.7041,1452.1756
57613,6851.8683,1600.222
57614,6854.0807,1692.1688
57615,6852.969,1943.4828
57616,6843.9866,2091.1748
57617,6852.8248,2097.5317
57618,6846.4402,1662.8796
57619,6864.0688,2206.5288
57620,6860.2319,1645.4233
57621,6863.8905,1932.1976
57622,6864.8628,1520.6118
57623,6843.9804,2067.8065
57624,6870.74,1664.3176
57625,6866.4452,1838.0603
57626,6873.0167,1975.9505
57627,6868.7953,1729.6705
57628,6861.3499,2084.3776
57629,6866.2351,1492.8518
57630,6866.0639,1583.7605
57631,6875.2367,2138.1777
57632,6858.5161,1400.3388
57633,6847.1223,2106.5608
57634,6856.3179,2016.3757
57635,6854.9425,2205.1341
57636,6864.5789,2122.8051
57637,6854.5363,1808.1578
57638,6854.9574,1995.5121
57639,6882.4039,1678.8359
57640,6865.375,2203.831
57641,6861.8935,1429.4193
57642,6882.7278,2090.3097
57643,6868.7171,1822.0345
57644,6873.7203,1640.4224
57645,6866.3766,1791.262
57646,6861.1337,1565.7207
57647,6857.4522,1448.4673
57648,6885.7284,1552.3791
57649,6867.8879,1949.4603
57650,6870.133,1576.2107
57651,6862.3044,2144.997
57652,6880.4203,1473.8702
57653,6859.3209,1795.2851
57654,6858.7031,2149.8403
57655,6872.0635,1718.311
57656,6877.1231,1824.1171
57657,6881.7819,2121.6544
57658,6884.89,1455.27
57659,6882.8199,1837.0987
57660,6890.6157,2176.8222
57661,6863.2408,1603.8381
57662,6876.7378,1454.9733
57663,6890.4228,1622.8394
57664,6878.792,2242.6754
57665,6893.9056,2119.9192
57666,6889.6154,2211.1473
57667,6890.2703,1727.4823
57668,6897.4641,2095.8845
57669,6880.9962,1447.3623
57670,6872.9434,1992.2766
57671,6898.0312,1742.6602
57672,6897.0403,1588.7163
57673,6889.9586,1454.3925
57674,6883.1018,2245.5005
57675,6904.8296,1494.1631
57676,6875.7061,2241.9379
57677,6876.404,1763.118
57678,6894.8641,2100.189
57679,6907.9734,1818.6161
57680,6885.4844,2119.0347
57681,6907.0336,2100.4908
57682,6887.3757,1745.4099
57683,6909.4398,2123.1249
57684,6906.0241,1731.6211
57685,6901.6108,1719.8845
57686,6895.7332,1554.6346
57687,6906.0692,2039.6255
57688,6912.3847,1528.6607
57689,6901.2973,1459.0668
57690,6882.864,2167.2097
57691,6894.7729,1522.2461
57692,6917.7383,1438.353
57693,6911.5536,1966.3194
57694,6892.9202,2211.5065
57695,6899.8005,2058.9803
57696,6898.8475,1799.2277
57697,6893.0111,2019.1162
57698,6899.5778,1843.9676
57699,6916.9746,1909.1502
57700,6901.0686,2130.639
57701,6917.2236,2070.8699
57702,6921.1761,1478.475
57703,6897.4908,2185.9999
57704,6907.6911,2121.7052
57705,6916.0299,1547.7782
57706,6919.5154,1715.3177
57707,6900.7587,1989.5939
57708,6912.2549,1666.8325
57709,6901.7948,1640.53
57710,6930.9073,1447.3352
57711,6925.5216,1579.8881
57712,6913.8482,1967.2126
57713,6908.6935,1574.9675
57714,6933.9339,1960.2739
57715,6910.0661,1833.7861
57716,6903.6794,1889.6285
57717,6923.5325,2089.3727
57718,6911.2392,2080.708
57719,6925.2591,1691.719
57720,6928.1917,2174.4545
57721,6916.0587,1748.0902
57722,6935.5104,2066.3833
57723,6932.1854,2129.3334
57724,6920.0318,2023.5569
57725,6934.3187,1687.2087
57726,6916.3836,1860.3034
57727,6931.8202,2233.7978
57728,6929.287,1879.9311
57729,6923.9532,1927.5749
57730,6931.3677,1539.3124
57731,6938.0345,1949.5119
57732,6947.1338,2243.4367
57733,6948.8562,2052.4909
57734,6944.7848,1522.5421
57735,6922.2361,1757.3192
57736,6947.2683,1838.4186
57737,6936.7515,1549.1881
57738,6921.7329,1657.5447
57739,6948.2571,1507.0332
57740,6954.0407,2193.7593
57741,6927.9292,2162.5902
57742,6953.659,1813.4361
57743,6950.6429,2226.9355
57744,6958.2239,1916.0545
57745,6942.5771,1989.7372
57746,6939.9114,2213.5157
57747,6958.0147,1910.2848
57748,6958.1845,2109.5308
57749,6944.4206,2149.2219
57750,6962.2007,2169.5615
57751,6932.4651,2228.7927
57752,6957.6987,1887.0754
57753,6965.1042,1768.2549
57754,6956.7109,2080.1128
57755,6938.6117,1458.2662
57756,6969.6916,1819.6263
57757,6944.7923,1517.9257
57758,6944.7577,1678.5184
57759,6943.7971,1810.4696
57760,6964.9804,1570.5495
57761,6962.8819,1999.626
57762,6956.2272,2231.3947
57763,6951.322,1622.2103
57764,6949.1779,2197.1688
57765,6959.8948,1792.5244
57766,6971.0302,1977.9297
57767,6967.9176,1801.6026
57768,6951.393,1949.9786
57769,6963.2296,1444.4967
57770,6954.0517,2187.6696
57771,6985.0226,1914.8835
57772,6978.9154,2095.006
57773,6960.5548,1693.7138
57774,6973.2805,1986.235
57775,6985.8956,2014.3553
57776,6983.3166,1669.6532
57777,6978.7391,1910.4357
57778,6986.4411,1529.2889
57779,6969.5933,2094.8718
57780,6965.8534,2206.505
57781,6991.2806,2267.6762
57782,6967.3921,2220.4357
57783,6977.9695,1915.5235
57784,6973.3544,2124.6032
57785,6965.7769,2125.3931
57786,6971.9417,2185.4019
57787,6993.5308,1914.3547
57788,7002.3931,1880.132
57789,7002.9798,2028.1932
57790,6988.2788,2115.345
57791,7000.1185,2297.1485
57792,6991.9498,2088.2523
57793,6996.0813,1893.4517
57794,6978.3015,2181.3117
57795,7009.0662,2060.7924
57796,6990.2201,1573.7829
57797,6984.3929,1892.8676
57798,6980.79,1786.3091
57799,7009.7864,1507.5692
57800,7002.239,2231.2459
57801,6996.093,1890.3065
57802,6998.5661,1449.0755
57803,7005.6577,1664.7914
57804,7013.8681,1636.2486
57805,7012.1509,2093.3764
57806,7007.1814,2170.1517
57807,6999.241,1711.9903
57808,7015.4691,1559.8709
57809,6996.8685,2187.3356
57810,7011.5315,1593.3015
57811,7005.4037,1513.9945
57812,7012.4705,1855.8598
57813,7014.3544,2109.0155
57814,7007.9411,1772.3819
57815,7029.8011,1467.3327
57816,6999.0215,2020.9047
57817,7021.2922,1553.6098
57818,7033.8077,1496.3878
57819,7005.3982,1871.0231
57820,7013.9304,2197.2959
57821,7003.538,1610.455
57822,7021.6594,2225.2037
57823,7033.3416,1781.2245
57824,7023.0143,2164.2184
57825,7017.7367,1497.5267
57826,7020.965,1442.1539
57827,7035.3882,1743.3188
57828,7036.194,1929.1983
57829,7018.6436,1963.8896
57830,7046.0426,1560.168
57831,7039.445,2160.7069
57832,7038.9563,1942.6429
57833,7046.4709,1632.5645
57834,7028.641,1824.0127
57835,7020.0618,2154.9366
57836,7025.7964,2166.6967
57837,7031.6281,2151.8443
57838,7029.3056,2075.5813
57839,7052.7082,2043.497
57840,7041.3331,1578.0703
57841,7035.183,2304.6713
57842,7044.5137,2256.078
57843,7042.0922,1565.498
57844,7051.1411,1575.2701
57845,7041.7025,2141.422
57846,7058.6265,1465.9195
57847,7058.5884,1674.572
57848,7047.0874,1878.3253
57849,7068.5171,1926.4203
57850,7054.3826,2139.2414
57851,7070.0437,2098.8661
57852,7041.2931,2166.1829
57853,7057.3917,1702.3169
57854,7049.0983,1916.484
57855,7058.9176,1515.4404
57856,7071.5276,1991.7912
57857,7059.9769,2258.4169
57858,7050.1324,2155.1428
57859,7081.3854,2275.0139
57860,7059.9971,1821.9447
57861,7067.1979,2104.5029
57862,7059.1676,2065.0249
57863,7063.4553,2163.8822
57864,7084.3469,2039.6446
57865,7084.7318,2138.8548
57866,7066.6329,2117.228
57867,7065.7205,1936.6455
57868,7069.4592,1877.0919
57869,7086.6188,2264.4963
57870,7084.1939,1468.2162
57871,7064.9088,1709.5146
57872,7063.4668,2310.9389
57873,7086.0384,1747.4824
57874,7078.7058,1685.0179
57875,7087.189,1696.7426
57876,7078.4305,2113.6499
57877,7082.9962,2308.0809
57878,7082.33,2171.8992
57879,7092.258,2237.6331
57880,7087.0123,1556.3615
57881,7078.1529,2055.5638
57882,7077.6807,1672.4522
57883,7099.197,1667.6734
57884,7079.9245,2078.417
57885,7109.4097,2329.0074
57886,7098.5795,1861.4688
57887,7105.4437,1770.6809
57888,7090.8683,2116.3442
57889,7115.4163,1834.3405
57890,7085.509,1783.4862
57891,7115.5803,1806.968
57892,7111.2704,1976.6084
57893,7102.9262,1923.7215
57894,7124.5868,2210.5905
57895,7114.3385,2061.432
57896,7097.8514,2128.5398
57897,7115.9411,1681.5984
57898,7115.0462,2187.5848
57899,7128.5731,2256.2806
57900,7101.784,2142.7674
57901,7121.1377,2325.7905
57902,7102.3185,2252.8091
57903,7116.9088,1635.6026
57904,7132.2633,2219.1598
57905,7121.2577,1813.2298
57906,7109.6908,1998.8932
57907,7117.4561,1935.1798
57908,7109.56,1928.3896
57909,7145.5697,1591.9752
57910,7130.2011,1985.8545
57911,7124.7679,1857.978
57912,7118.0359,1903.4375
57913,7137.5549,2291.945
57914,7139.7783,1884.0376
57915,7142.017,1770.3325
57916,7128.3807,1831.0426
57917,7134.5282,2143.2691
57918,7129.6801,2302.4956
57919,7147.8416,1584.6071
57920,7151.5898,2313.4642
57921,7131.3263,2144.43
57922,7156.8896,2181.9112
57923,7157.61,1540.1641
57924,7131.875,1769.4563
57925,7160.1013,2090.309
57926,7135.0145,2080.2441
57927,7149.4815,1848.0162
57928,7141.9605,2075.8985
57929,7142.2312,1932.7235
57930,7156.2874,1619.286
57931,7152.3587,2200.0887
57932,7174.3328,1891.1303
57933,7169.9972,1715.7864
57934,7161.2526,1933.8354
57935,7174.6157,1936.7522
57936,7163.3822,1709.729
57937,7160.6214,1463.551
57938,7152.8041,1964.8186
57939,7177.7644,2147.8271
57940,7183.4964,1505.1659
57941,7160.9484,2134.817
57942,7185.4063,1994.6702
57943,7189.4262,2035.0157
57944,7177.1739,1660.5502
57945,7185.1644,1488.7541
57946,7160.5574,1896.1451
57947,7186.6879,1783.9253
57948,7182.158,2166.9141
57949,7177.7433,1930.8503
57950,7183.5889,1743.3315
57951,7177.2971,1731.3035
57952,7189.2843,2278.3733
57953,7170.7349,2050.9052
57954,7198.9736,1617.4363
57955,7196.8082,2347.2717
57956,7197.3765,1784.9
57957,7188.2864,2185.5361
57958,7207.2337,2197.836
57959,7197.2438,1963.5423
57960,7194.9943,1936.1042
57961,7211.0928,1975.112
57962,7191.7709,1585.6138
57963,7184.6583,1878.9971
57964,7205.5748,1900.7434
57965,7216.769,1711.2132
57966,7214.9323,1724.5966
57967,7213.9946,1829.5984
57968,7195.7614,2100.8034
57969,7221.1758,1955.0379
57970,7201.1291,2040.973
57971,7197.7386,1894.9883
57972,7197.8619,2113.1085
57973,7231.6787,1545.0854
57974,7223.5305,1709.0439
57975,7224.5571,1679.1956
57976,7237.267,1727.5455
57977,7229.3582,2248.0245
57978,7215.9486,1643.9704
57979,7222.9129,1868.7794
57980,7226.0009,1704.4309
57981,7245.3597,1885.2659
57982,7243.7511,1674.3088
57983,7246.3544,2257.0914
57984,7249.7206,2312.1566
57985,7251.1148,2117.7641
57986,7253.3626,1567.3447
57987,7254.2957,1580.0074
57988,7235.6785,2201.3412
57989,7243.0116,1675.2936
57990,7229.4772,2337.8971
57991,7237.5586,1999.4265
57992,7261.1106,2175.7298
57993,7235.4205,1770.4324
57994,7244.6537,1563.9625
57995,7252.8854,2058.0489
57996,7264.9828,2118.5759
57997,7252.9545,2184.1407
57998,7257.9167,1992.1029
57999,7257.9695,1599.0892
58000,7254.8502,2310.2524
58001,7263.0322,1817.6918
58002,7245.9617,2087.4404
58003,7276.4582,2126.273
58004,7255.8335,1613.4173
58005,7275.742,2331.764
58006,7276.6566,2293.0906
58007,7266.5406,1906.7019
58008,7282.5405,2319.552
58009,7253.6009,1971.1102
58010,7288.1527,2324.3017
58011,7291.8424,1636.6532
58012,7259.7373,2202.9299
58013,7288.7141,2217.8852
58014,7270.5516,1494.2545
58015,7292.1092,2136.9613
58016,7296.347,1644.8887
58017,7270.6453,1672.3452
58018,7283.9755,1797.798
58019,7285.4102,1869.6945
58020,7278.522,1765.3393
58021,7290.69,2143.984
58022,7288.6355,2257.9762
58023,7298.4129,2381.5329
58024,7306.7612,2377.6743
58025,7281.3944,1938.8863
58026,7306.1177,1723.0362
58027,7298.9088,1830.1378
58028,7302.6956,2206.3971
58029,7286.7896,2294.387
58030,7293.7585,1713.2643
58031,7316.5436,2238.4045
58032,7300.3237,1732.194
58033,7314.6998,2325.7147
58034,7325.1472,1557.1688
58035,7302.3969,1741.1424
58036,7324.8029,1935.9335
58037,7311.5522,1845.0723
58038,7322.7276,1917.9636
58039,7332.6514,2297.915
58040,7319.0839,1816.7291
58041,7314.2847,1946.6556
58042,7323.52,1873.0425
58043,7318.2026,2360.5356
58044,7336.6655,1859.3371
58045,7326.432,2302.2247
58046,7337.0388,2015.1771
58047,7319.1227,1947.2567
58048,7314.3328,2270.9837
58049,7331.4319,1746.3059
58050,7335.3883,1702.6204
58051,7323.9838,1559.26
58052,7326.4462,1587.8365
58053,7349.8762,1898.3389
58054,7330.4633,2319.1657
58055,7326.5848,1800.8252
58056,7339.5632,2215.8684
58057,7359.1318,1934.6583
58058,7350.167,2368.0194
58059,7353.0075,2197.7234
58060,7346.945,2001.068
58061,7349.9284,2261.1795
58062,7353.7913,2142.1942
58063,7359.6606,2076.339
58064,7348.9294,2403.3637
58065,7345.4948,1789.8471
58066,7360.6365,2187.5361
58067,7369.632,1496.8218
58068,7345.9861,1734.6401
58069,7377.2402,1703.5556
58070,7353.9703,2152.9018
58071,7376.3356,2288.9117
58072,7388.2104,1516.3601
58073,7364.7476,1835.0114
58074,7359.6474,1896.1027
58075,7383.2736,1712.7988
58076,7390.0729,1640.2461
58077,7365.9513,2070.7201
58078,7378.0092,1764.5163
58079,7395.2041,1846.6715
58080,7376.5545,2288.4319
58081,7388.1386,2187.1149
58082,7394.4892,2262.249
58083,7398.4047,1721.5058
58084,7384.646,2025.6331
58085,7381.9221,2226.0889
58086,7404.3765,1738.2969
58087,7396.1405,2308.2976
58088,7393.0427,2062.1544
58089,7396.3313,1998.302
58090,7388.8427,1721.4605
58091,7419.5667,2041.7545
58092,7410.6084,2316.2294
58093,7401.2471,2236.9195
58094,7400.0649,1731.411
58095,7411.1291,2360.5587
58096,7414.514,2081.8127
58097,7408.6484,1756.9807
58098,7396.6868,1556.5939
58099,7432.5329,1959.6442
58100,7432.138,1757.8882
58101,7402.2379,1730.0022
58102,7432.139,1548.1917
58103,7407.9818,2393.4599
58104,7437.276,2289.3639
58105,7411.4352,2246.1769
58106,7408.9519,2391.1516
58107,7415.9938,2156.2939
58108,7448.1499,1915.9943
58109,7435.1118,2170.7307
58110,7420.4239,1664.4166
58111,7420.8857,1525.265
58112,7453.2634,2293.3894
58113,7433.2125,1733.6234
58114,7451.2909,2288.2782
58115,7429.9743,1966.9304
58116,7438.3561,2419.1276
58117,7449.5792,1922.0023
58118,7449.1836,2093.6068
58119,7442.6075,2085.861
58120,7461.109,1946.6354
58121,7470.4026,2360.1739
58122,7469.1548,1666.7212
58123,7454.8978,2136.7412
58124,7471.5712,2183.122
58125,7460.4327,2225.9375
58126,7449.7442,2309.9134
58127,7476.1537,1782.7142
58128,7469.0487,1532.7384
58129,7448.8364,2335.1469
58130,7451.0417,2399.4482
58131,7475.7615,1871.9608
58132,7464.0338,2308.6917
58133,7478.6349,2391.4108
58134,7459.674,1666.0975
58135,7466.4211,2322.364
58136,7477.2923,1799.9843
58137,7473.1147,1807.9512
58138,7478.6542,1974.3411
58139,7476.6344,1601.7251
58140,7484.1018,1895.4085
58141,7493.7266,1721.0811
58142,7502.8767,2443.6717
58143,7504.3194,2077.5775
58144,7497.0563,2281.698
58145,7508.005,1789.9533
58146,7496.1662,2135.1979
58147,7496.9603,2127.12
58148,7488.1213,1657.0019
58149,7505.4348,1779.9204
58150,7499.2058,1746.6843
58151,7495.3773,1893.2121
58152,7500.1692,2439.9819
58153,7512.3331,1694.7134
58154,7510.6652,2302.0177
58155,7523.6998,1906.5129
58156,7527.9231,1774.6446
58157,7511.1204,1674.5029
58158,7498.8994,2116.5011
58159,7510.4117,1766.8284
58160,7503.7937,1728.7555
58161,7506.4369,1757.6141
58162,7511.3531,2010.2751
58163,7515.9916,2127.029
58164,7508.4475,1529.1981
58165,7541.7145,2462.0174
58166,7548.2737,2397.3815
58167,7542.8857,2016.1003
58168,7541.1348,2140.7152
58169,7538.5207,2264.5363
58170,7522.9274,2178.464
58171,7544.7843,1795.8216
58172,7543.7784,1899.6963
58173,7552.6102,2481.8535
58174,7561.1798,1978.0233
58175,7562.5631,2307.0165
58176,7534.3339,1719.9096
58177,7542.0511,2271.9859
58178,7559.1193,1781.0719
58179,7555.6184,2024.7595
58180,7561.6262,1663.2538
58181,7549.9997,1912.8511
58182,7540.0768,2172.8137
58183,7568.3032,2415.4103
58184,7548.2461,2377.3684
58185,7563.3909,2319.3512
58186,7547.3162,1777.5412
58187,7551.606,2219.4533
58188,7579.7031,2056.547
58189,7583.0046,1979.1753
58190,7554.6848,2483.0489
58191,7591.8351,2080.0999
58192,7558.3578,2313.9001
58193,7583.2547,1665.0006
58194,7567.6302,2082.6993
58195,7589.7462,1942.8621
58196,7601.2464,1839.5552
58197,7577.1256,1900.2765
58198,7569.0768,1770.9549
58199,7606.0473,2246.1209
58200,7585.915,2392.6541
58201,7576.2103,1890.2766
58202,7596.0293,2306.4272
58203,7595.4394,2121.9576
58204,7601.0636,2080.7073
58205,7589.5659,2287.7734
58206,7616.3311,2372.4334
58207,7594.0499,2001.0673
58208,7586.6212,2380.9478
58209,7611.7774,2132.2913
58210,7602.2809,1790.6427
58211,7628.7101,1991.842
58212,7630.1421,2231.8501
58213,7618.7088,1779.5262
58214,7606.9073,2432.015
58215,7621.6068,2325.9627
58216,7631.5117,2057.3764
58217,7629.9961,2264.7984
58218,7605.2826,2334.1471
58219,7609.4689,2096.4447
58220,7628.0364,2211.7246
58221,7630.9178,2060.838
58222,7611.5525,1690.5037
58223,7620.1129,1724.9975
58224,7626.2434,2500.3977
58225,7629.5334,2197.7742
58226,7643.8193,1966.1522
58227,7636.7915,2055.1718
58228,7640.1042,2120.015
58229,7654.7138,2488.6032
58230,7662.2792,2476.1565
58231,7641.5282,1923.8295
58232,7667.527,2429.4748
58233,7634.2591,2398.4512
58234,7667.4797,1792.1516
58235,7645.6445,1728.7553
58236,7668.467,2010.6925
58237,7674.5929,2128.8899
58238,7677.8818,1974.2135
58239,7644.4005,2149.9743
58240,7673.6969,2121.7465
58241,7647.1861,1748.5637
58242,7647.755,1747.5012
58243,7667.0234,2124.0637
58244,7680.9752,2070.7731
58245,7669.4102,2019.0557
58246,7665.3924,2400.4888
58247,7679.1043,1671.7322
58248,7680.9011,1852.3342
58249,7693.4157,1915.6651
58250,7682.0081,1838.6209
58251,7678.4098,2489.0463
58252,7693.1511,2521.1558
58253,7681.6201,2457.1935
58254,7670.6504,2229.1329
58255,7702.2581,1995.53
58256,7688.7591,1773.0741
58257,7711.1263,2041.8695
58258,7698.4664,2342.7066
58259,7692.8808,2121.3863
58260,7697.9369,1963.4496
58261,7690.4974,2254.574
58262,7699.5462,2418.0131
58263,7721.9976,1957.704
58264,7689.0655,2467.6927
58265,7724.6212,1850.7108
58266,7699.3707,2221.4047
58267,7722.2072,2342.1044
58268,7710.1327,1901.1325
58269,7703.8224,2117.925
58270,7727.5253,2113.5158
58271,7729.1943,1609.0553
58272,7710.7929,2486.8162
58273,7717.5327,2198.0137
58274,7729.4104,1722.5884
58275,7718.9894,2100.5032
58276,7731.2263,2024.7365
58277,7721.5109,1703.3707
58278,7738.3228,2333.4276
58279,7725.7217,2352.3707
58280,7728.258,2138.3749
58281,7736.7611,2333.8206
58282,7756.5403,1912.91
58283,7736.1075,1589.1812
58284,7739.3271,1738.2173
58285,7763.7901,2325.6532
58286,7733.4765,1650.9888
58287,7768.4929,1630.2128
58288,7738.0305,2157.6998
58289,7743.0765,2216.9259
58290,7746.7293,2008.0118
58291,7756.4691,2513.136
58292,7741.5213,1634.563
58293,7751.6241,1941.0606
58294,7757.3387,1840.9917
58295,7779.5031,2025.8136
58296,7766.554,1882.9881
58297,7773.3464,2470.8584
58298,7751.7974,1987.704
58299,7757.6539,2088.6389
58300,7767.9743,1889.9748
58301,7778.8611,1911.0794
58302,7764.4021,1664.6845
58303,7798.7275,2469.5375
58304,7777.0552,2265.6339
58305,7772.3064,1939.2236
58306,7779.3906,1751.5186
58307,7787.1212,1977.7874
58308,7794.7967,2425.766
58309,7791.7628,1761.4634
58310,7774.0407,2339.3986
58311,7811.0507,1949.887
58312,7779.5682,1852.085
58313,7809.6053,1893.5993
58314,7806.9916,2011.8941
58315,7806.9726,2411.238
58316,7806.011,1709.1704
58317,7807.1292,1604.0522
58318,7817.0171,1966.4185
58319,7823.6938,1771.4635
58320,7831.1584,1826.1598
58321,7808.4155,2210.5248
58322,7832.2901,2399.8201
58323,7809.34,1990.1796
58324,7802.2248,2391.6711
58325,7833.7042,1938.7859
58326,7840.0643,2045.8182
58327,7811.1398,1917.6256
58328,7837.2014,2298.0181
58329,7822.8293,1934.4234
58330,7845.4909,2511.099
58331,7841.3133,2162.7863
58332,7834.7406,2469.3935
58333,7822.8671,2438.5142
58334,7845.1922,1969.6253
58335,7843.7678,1757.2762
58336,7854.9578,1800.9749
58337,7841.1387,2238.3659
58338,7832.1432,2170.0183
58339,7854.002,2043.5894
58340,7856.3944,2465.9584
58341,7841.7432,2445.8123
58342,7850.525,1773.8602
58343,7874.0403,1768.7464
58344,7861.0298,1735.7505
58345,7846.1147,2357.167
58346,7870.73,2038.7547
58347,7871.0829,1964.4845
58348,7851.9958,1806.684
58349,7847.5307,1647.3256
58350,7870.642,2352.5869
58351,7880.379,1974.3216
58352,7863.2531,2229.0528
58353,7884.7987,1707.5192
58354,7859.4389,2160.7803
58355,7886.2795,2164.5795
58356,7868.044,2542.0897
58357,7896.4788,2270.1846
58358,7892.9567,2393.1478
58359,7884.8361,2286.7776
58360,7871.8241,2478.2479
58361,7903.9626,1833.2649
58362,7875.7033,2126.6906
58363,7892.0259,2275.8377
58364,7896.9252,2572.0175
58365,7880.5848,2267.8862
58366,7914.069,2359.78
58367,7892.2735,1672.8568
58368,7893.6132,2505.0431
58369,7909.2217,2255.0199
58370,7900.659,2221.5254
58371,7889.7206,2055.7641
58372,7904.992,2399.5809
58373,7895.5275,2578.1494
58374,7923.7314,2367.5794
58375,7899.5669,2404.3241
58376,7915.0045,1872.4888
58377,7935.4276,1988.1075
58378,7915.9164,2588.2008
58379,7921.7274,1748.9858
58380,7917.9934,2299.2804
58381,7908.507,2429.9313
58382,7922.9198,1814.9825
58383,7928.7955,2293.6789
58384,7948.8106,2550.4848
58385,7937.5571,1901.5943
58386,7941.5176,2352.1287
58387,7944.1799,2272.1335
58388,7959.7002,2545.1429
58389,7955.6382,1631.8869
58390,7935.9507,1672.9509
58391,7963.4342,1973.9213
58392,7957.4807,1702.3445
58393,7946.918,2378.1927
58394,7957.7132,2516.8132
58395,7966.3148,2453.2611
58396,7941.3173,2044.5646
58397,7974.2458,2011.3451
58398,7959.0937,2543.6346
58399,7976.5933,1718.5717
58400,7965.3604,2288.7653
58401,7949.0128,2423.876
58402,7982.7752,1980.7591
58403,7974.0806,1848.477
58404,7956.1576,1625.9058
58405,7986.917,1821.1905
58406,7960.3659,2258.0712
58407,7967.7785,2034.7502
58408,7974.4541,2148.5645
58409,7977.0324,2362.6363
58410,7964.8219,2483.2518
58411,8001.9415,1958.8583
58412,7997.473,1878.1639
58413,7986.3826,2547.0661
58414,7997.4297,2485.9346
58415,8006.2724,1953.3326
58416,8010.0135,2521.5785
58417,7979.2451,1744.5641
58418,7999.916,2074.0749
58419,7996.2574,2609.5735
58420,8000.8352,2086.2984
58421,8001.7974,2349.4423
58422,7991.6076,2061.3981
58423,8026.1591,2532.3041
58424,8020.8512,2347.7777
58425,7993.9918,2176.3379
58426,7993.9407,2179.0526
58427,8021.8582,1953.4689
58428,8002.8463,2031.2885
58429,8017.6879,2086.5396
58430,8034.6043,1915.3544
58431,8003.2315,2278.0073
58432,8035.7377,1914.2852
58433,8043.5338,1753.9853
58434,8032.4096,1865.4824
58435,8030.0722,2425.8047
58436,8017.8988,2518.3897
58437,8021.7613,2318.6228
58438,8034.91,1788.8426
58439,8046.3598,2248.5849
58440,8032.3692,2575.5228
58441,8049.8798,2572.9769
58442,8032.3265,2501.0816
58443,8026.7296,2105.6921
58444,8047.5423,2042.267
58445,8048.6837,2183.5253
58446,8054.5768,2534.9602
58447,8036.164,2570.9556
58448,8054.8352,2579.232
58449,8075.3519,1712.5782
58450,8065.3232,2243.2698
58451,8042.9381,1909.3906
58452,8063.961,2527.4569
58453,8074.3431,2074.0661
58454,8050.5804,1820.1391
58455,8057.4723,1981.0173
58456,8056.6958,1667.9194
58457,8055.7246,1954.9725
58458,8065.7781,2075.0946
58459,8065.4725,2291.3886
58460,8078.9357,2510.2866
58461,8073.5821,2055.8298
58462,8078.6852,1823.8496
58463,8101.9877,1805.1407
58464,8100.827,2114.0953
58465,8097.691,2656.0907
58466,8106.4643,1988.3479
58467,8110.2466,2593.8273
58468,8087.2405,1821.1583
58469,8097.1333,1859.3861
58470,8087.0305,1950.3592
58471,8084.4087,2467.4032
58472,8118.2396,2523.7945
58473,8117.0416,2239.1384
58474,8110.5175,2557.7926
58475,8115.3113,1922.0511
58476,8120.1348,2467.0199
58477,8124.827,2054.7169
58478,8132.4054,1836.035
58479,8126.1393,2241.7355
58480,8104.1314,1872.37
58481,8098.3993,2336.344
58482,8100.9626,1872.0478
58483,8104.8973,2348.5589
58484,8128.6626,2038.1746
58485,8106.7304,2637.5411
58486,8114.7199,2193.9556
58487,8135.693,1918.5812
58488,8119.9905,2666.8686
58489,8143.9018,2468.1724
58490,8137.4165,1742.5658
58491,8144.0312,1667.1231
58492,8118.9483,2041.3029
58493,8135.4907,2082.0067
58494,8125.2253,2015.9574
58495,8130.655,1903.5817
58496,8166.4106,2498.5363
58497,8128.5338,1832.7403
58498,8169.1031,2319.0926
58499,8158.9477,1899.808
58500,8135.2745,2657.7667
58501,8148.6079,2502.7376
58502,8170.9115,2391.1439
58503,8140.1187,1709.5785
58504,8157.26,2290.9647
58505,8162.944,2258.2528
58506,8152.5375,2441.9682
58507,8187.0384,2219.4711
58508,8185.6292,2613.1165
58509,8177.4746,2088.911
58510,8166.7223,1883.1604
58511,8165.8674,2116.3185
58512,8189.5956,2630.7449
58513,8158.4418,2448.3319
58514,8163.7272,1932.3782
58515,8193.8405,2319.9793
58516,8199.3318,2379.2854
58517,8195.224,2246.7418
58518,8180.4222,2053.7379
58519,8196.317,2617.9697
58520,8192.1323,1883.0009
58521,8200.4097,1732.5675
58522,8213.6731,2108.2184
58523,8201.4555,2326.4987
58524,8219.4222,2229.1786
58525,8187.834,1664.1609
58526,8195.0119,1696.3712
58527,8202.1203,2484.9052
58528,8208.6467,2562.7822
58529,8206.3688,2397.044
58530,8223.3986,2613.1248
58531,8194.5109,2099.1328
58532,8224.0112,1711.0361
58533,8215.3208,2293.4808
58534,8236.6447,2611.2149
58535,8236.5955,2235.3208
58536,8220.6669,2526.5404
58537,8209.3582,2499.1719
58538,8237.0236,2078.9207
58539,8225.0945,2511.6807
58540,8235.9231,1800.3785
58541,8211.1697,2365.6831
58542,8244.5154,1878.7216
58543,8221.5054,2081.1653
58544,8252.7913,1788.3871
58545,8240.0369,2354.1731
58546,8223.2779,1733.6374
58547,8225.5835,1833.3495
58548,8256.2865,1973.1614
58549,8247.5955,2419.3412
58550,8243.692,1946.8383
58551,8251.2808,1763.1777
58552,8254.4496,1823.2925
58553,8257.7774,2690.7817
58554,8262.5578,1992.0778
58555,8258.0889,2505.1529
58556,8267.0309,2683.7621
58557,8259.927,2593.0629
58558,8254.3983,2261.8638
58559,8280.1479,2704.2272
58560,8251.3917,1785.6356
58561,8264.5282,1945.859
58562,8258.3903,1685.4876
58563,8270.5671,2239.1349
58564,8265.2058,2577.772
58565,8267.3839,2214.0607
58566,8292.7936,2198.101
58567,8260.7308,1936.8438
58568,8274.2177,2263.3078
58569,8263.9306,2694.9303
58570,8303.0314,2653.2878
58571,8294.1299,2319.0112
58572,8307.251,2062.2642
58573,8302.1933,1708.729
58574,8299.5371,1773.9616
58575,8310.0933,2021.9415
58576,8312.9632,2043.0286
58577,8306.2829,1782.7975
58578,8305.0917,2721.1077
58579,8303.0337,2244.4777
58580,8302.4457,1754.8585
58581,8321.6294,2182.2264
58582,8310.5046,2035.8457
58583,8292.642,2378.4416
58584,8296.5374,2248.7181
58585,8308.0172,2035.0703
58586,8304.8078,2461.1245
58587,8333.7154,1841.7475
58588,8322.4043,2013.0301
58589,8326.6163,2395.953
58590,8320.1197,1959.992
58591,8314.3408,1914.1183
58592,8334.0601,2137.6516
58593,8343.8813,1929.3297
58594,8338.8526,1977.2039
58595,8330.9634,2261.0418
58596,8331.4387,1750.5625
58597,8356.9988,2254.9133
58598,8351.2219,2194.0825
58599,8350.9098,2002.5696
58600,8346.3706,2619.5808
58601,8358.522,2452.6068
58602,8351.6346,1804.7235
58603,8362.0185,2670.0238
58604,8354.1448,1959.9383
58605,8361.1254,2549.4389
58606,8366.6191,1835.6675
58607,8353.6706,2253.7969
58608,8351.6309,2710.3937
58609,8373.7528,2239.8506
58610,8371.7646,2441.5957
58611,8382.9159,2232.3266
58612,8382.7552,2659.6047
58613,8384.225,1741.314
58614,8349.0978,2305.6527
58615,8357.6369,2418.1578
58616,8357.7904,1796.9089
58617,8374.5003,2222.4665
58618,8360.2888,2100.7823
58619,8378.4124,2579.8408
58620,8385.2977,2467.329
58621,8383.6304,2674.6382
58622,8367.4486,2587.7413
58623,8397.0122,1875.6906
58624,8368.6096,2643.369
58625,8376.0804,2432.0255
58626,8399.9902,2402.2604
58627,8405.3928,1960.9615
58628,8408.4994,2354.6079
58629,8377.1157,2652.0676
58630,8405.3514,2486.1245
58631,8391.6319,2326.2309
58632,8408.0673,2172.239
58633,8418.5755,2228.206
58634,8403.1212,2716.0745
58635,8406.4575,2377.0933
58636,8421.9817,2397.4617
58637,8412.2019,2356.2428
58638,8418.3918,1966.4449
58639,8395.4646,2720.2157
58640,8430.6759,2306.2175
58641,8427.3509,2023.7021
58642,8416.5607,1742.9892
58643,8432.5456,1921.918
58644,8421.9023,2711.0092
58645,8441.2456,1785.9979
58646,8436.3604,1958.2877
58647,8447.9334,2271.6798
58648,8423.3672,2003.1006
58649,8424.2536,1927.1522
58650,8448.2649,2733.347
58651,8438.0768,2372.9403
58652,8454.3661,2712.4039
58653,8435.8195,2647.6777
58654,8449.1907,2668.8391
58655,8437.6151,1796.491
58656,8446.0342,2566.5108
58657,8435.0508,2508.2913
58658,8442.771,1784.6589
58659,8442.2624,2662.2428
58660,8451.3084,2643.6564
58661,8441.5828,2459.5214
58662,8454.7623,2370.1969
58663,8451.0071,2337.6578
58664,8468.6006,2715.0462
58665,8478.2984,2740.5455
58666,8445.8626,2324.7724
58667,8457.5586,2727.5919
58668,8455.5006,1948.6681
58669,8471.5228,2695.1751
58670,8455.5998,2595.1705
58671,8455.3553,1928.2693
58672,8485.2325,2618.8378
58673,8488.0838,2480.267
58674,8457.5369,2182.4487
58675,8480.7973,2356.6105
58676,8486.475,2167.4171
58677,8492.9502,2418.3136
58678,8505.452,1916.7992
58679,8498.5872,2642.5427
58680,8477.3004,2241.8407
58681,8480.7292,2385.7291
58682,8489.7091,2121.4379
58683,8491.6301,1866.4659
58684,8480.9022,2569.5597
58685,8517.7749,2214.8743
58686,8518.3355,2168.5761
58687,8514.0941,2711.849
58688,8514.6971,2281.1534
58689,8521.6136,2553.948
58690,8517.4626,1838.6862
58691,8493.3838,2023.7843
58692,8494.0422,2551.5102
58693,8509.5539,2677.4147
58694,8498.4416,1819.8699
58695,8508.8166,2217.9866
58696,8507.0705,2527.6608
58697,8533.4537,2057.4364
58698,8511.4932,2626.8462
58699,8535.9007,1881.4482
58700,8531.9636,2531.4407
58701,8541.8674,2160.304
58702,8540.5878,2470.4258
58703,8512.1401,1891.4997
58704,8546.5585,2432.5549
58705,8535.9255,2272.4362
58706,8536.6,2805.6459
58707,8546.8959,2569.3583
58708,8518.6507,2330.5696
58709,8532.2296,1967.5307
58710,8523.6958,2012.4156
58711,8523.7725,1766.364
58712,8531.0267,1797.3866
58713,8558.304,2471.8475
58714,8554.6625,2142.6767
58715,8552.9382,2488.4719
58716,8560.3168,2401.7734
58717,8549.869,1925.9005
58718,8541.4087,1914.095
58719,8560.5563,2255.7809
58720,8574.1758,2100.5401
58721,8547.635,2058.5511
58722,8549.6981,2000.0294
58723,8579.5029,2745.5157
58724,8568.8016,1850.587
58725,8587.5674,2217.0247
58726,8574.4977,1791.0158
58727,8553.4027,1905.3926
58728,8584.5562,2506.3569
58729,8587.2778,2819.2021
58730,8582.3882,2558.8258
58731,8589.707,2747.2413
58732,8591.9899,2191.2408
58733,8603.9302,1814.7915
58734,8599.5898,2418.7936
58735,8608.2525,2303.7405
58736,8596.9307,1785.7938
58737,8601.0465,1972.8769
58738,8581.7358,2788.6803
58739,8572.9307,2159.9268
58740,8579.7431,1953.4049
58741,8607.1386,1819.4538
58742,8608.4826,2246.2671
58743,8609.8837,2377.0954
58744,8589.9598,2103.0083
58745,8593.6094,2234.3431
58746,8586.244,2703.8826
58747,8614.4737,2293.3086
58748,8591.6884,2012.5156
58749,8616.8284,1842.3687
58750,8622.7643,2262.4483
58751,8619.8391,2529.2071
58752,8613.1379,2183.5919
58753,8627.7039,1948.3852
58754,8616.452,2508.63
58755,8640.7018,2269.4334
58756,8642.2539,2593.0756
58757,8645.2837,2418.7788
58758,8622.4698,2374.1583
58759,8615.801,2435.5479
58760,8615.9174,1955.884
58761,8621.7804,1900.6303
58762,8634.4649,1832.5178
58763,8621.8301,2638.8322
58764,8643.8396,2630.4835
58765,8628.7832,1823.7143
58766,8657.7717,2013.774
58767,8629.6598,2685.3183
58768,8656.1831,2301.4664
58769,8628.3666,2181.0566
58770,8647.6404,2372.8439
58771,8662.152,2421.3038
58772,8658.5293,2590.1664
58773,8633.4747,2734.1749
58774,8641.9307,2090.8734
58775,8652.6184,2220.1247
58776,8658.997,1905.9411
58777,8645.2069,2389.4808
58778,8673.1223,2341.2645
58779,8652.1615,2823.7045
58780,8683.0197,1786.5936
58781,8679.5956,2330.1558
58782,8674.0448,2681.1017
58783,8663.1576,2505.0071
58784,8682.6259,2245.0542
58785,8653.2639,2059.2267
58786,8676.0535,2186.0218
58787,8698.7702,2016.8601
58788,8670.0453,1783.7896
58789,8682.0527,2383.7897
58790,8691.8862,2359.8051
58791,8692.7778,1966.2243
58792,8707.6444,2420.1607
58793,8700.3058,2490.0544
58794,8703.6931,2200.7765
58795,8710.8114,2452.8701
58796,8699.4777,2758.3392
58797,8691.0667,2389.3599
58798,8695.257,2773.5524
58799,8714.467,2588.0457
58800,8704.0312,2476.3322
58801,8695.2267,2833.5932
58802,8697.4999,2196.6819
58803,8690.3392,1940.3224
58804,8722.0208,2173.9516
58805,8709.7363,2828.3519
58806,8721.6477,2309.7939
58807,8690.98,2495.0748
58808,8708.4366,2235.776
58809,8721.6999,2122.1592
58810,8716.1315,2736.7638
58811,8709.8593,2159.3013
58812,8732.5419,2339.7289
58813,8736.6913,1918.197
58814,8703.5563,2259.6562
58815,8738.8192,1955.3002
58816,8711.4219,2641.0721
58817,8727.1144,2587.9377
58818,8710.7896,1987.5962
58819,8726.0462,1813.9827
58820,8717.6161,1812.9171
58821,8724.3246,2156.5663
58822,8726.0393,2697.0337
58823,8733.5209,2323.1365
58824,8752.74,1968.121
58825,8729.2093,2399.3764
58826,8754.9315,2515.9336
58827,8737.2401,2701.5506
58828,8757.9734,2050.0231
58829,8771.6069,2611.4755
58830,8742.7505,2011.8248
58831,8772.3173,2599.4614
58832,8763.2993,2455.082
58833,8775.2405,2129.6747
58834,8747.6334,1824.0581
58835,8772.5586,1904.0515
58836,8764.3467,2733.0388
58837,8758.026,2038.7203
58838,8767.8278,2313.4468
58839,8769.7157,2052.7259
58840,8782.2517,2395.794
58841,8767.7935,2744.2446
58842,8750.8334,2465.4634
58843,8755.0127,2086.46
58844,8776.4268,2659.2565
58845,8774.9941,2407.6533
58846,8779.1155,2753.6217
58847,8793.0414,2796.9786
58848,8783.8459,2314.1268
58849,8791.0566,2153.2144
58850,8764.5905,2292.25
58851,8802.9008,2872.5445
58852,8783.2063,2400.6994
58853,8779.4794,2112.5048
58854,8805.7911,2578.922
58855,8796.2623,2307.4646
58856,8804.9659,2308.4569
58857,8779.0046,2121.7628
58858,8803.7563,2356.5568
58859,8813.3458,2262.0618
58860,8784.6838,2029.4203
58861,8820.0563,2229.4312
58862,8808.9486,2599.864
58863,8793.8884,1983.3605
58864,8801.6377,2782.0115
58865,8812.1598,1828.9767
58866,8829.825,1909.5978
58867,8792.7479,2832.7717
58868,8826.7911,2321.5947
58869,8802.6417,2610.2558
58870,8822.848,2580.1722
58871,8830.1194,2348.0744
58872,8813.7622,2334.0426
58873,8842.9094,2878.0105
58874,8807.0368,2346.8021
58875,8807.7465,1790.8194
58876,8846.142,2015.6814
58877,8810.9145,2352.189
58878,8841.7797,2635.6132
58879,8819.0601,2243.0266
58880,8822.8901,1924.6514
58881,8842.134,2254.8486
58882,8827.8042,2516.002
58883,8843.4493,2001.2473
58884,8856.6687,2859.2758
58885,8862.6026,2397.4245
58886,8845.3954,2223.7224
58887,8838.7042,2079.7699
58888,8849.1166,1909.024
58889,8830.6648,2750.2118
58890,8834.443,2773.3879
58891,8847.3321,2181.7623
58892,8834.8217,2218.9742
58893,8843.5471,1917.8385
58894,8842.7797,2859.8793
58895,8841.4528,2580.7797
58896,8851.2281,1941.5143
58897,8858.9882,1988.2734
58898,8854.2145,2900.6263
58899,8887.0597,1989.1535
58900,8880.6147,2895.5003
58901,8882.4394,2323.2782
58902,8884.6147,2616.2644
58903,8891.9967,2074.3649
58904,8895.2327,1968.7466
58905,8864.9552,2732.0994
58906,8868.3994,2836.8867
58907,8856.2675,2825.21
58908,8895.7041,2321.8863
58909,8893.0201,2766.9729
58910,8899.1586,2754.1676
58911,8898.775,2294.2929
58912,8884.5567,2506.9815
58913,8908.2737,2835.756
58914,8879.5027,2447.3744
58915,8903.1851,2902.033
58916,8876.5296,1868.7417
58917,8892.1934,2502.285
58918,8903.5839,2295.3442
58919,8910.7523,2547.9321
58920,8877.5601,2801.884
58921,8891.7412,2332.4438
58922,8921.4046,2692.2304
58923,8893.6627,1829.4294
58924,8923.9232,2748.5151
58925,8901.0901,1902.3695
58926,8888.9408,2040.3162
58927,8912.4973,2192.0207
58928,8906.4746,2586.0853
58929,8903.7306,2654.7645
58930,8898.5591,2797.6005
58931,8908.3013,1936.6372
58932,8896.3712,2905.8566
58933,8934.7714,1934.8812
58934,8940.7556,2205.8852
58935,8938.2211,2050.9652
58936,8929.965,2012.1158
58937,8904.8847,2737.4999
58938,8909.7565,2228.855
58939,8920.8229,2488.204
58940,8949.1053,2074.9145
58941,8927.9565,2638.6106
58942,8941.8762,2347.8186
58943,8922.2453,2754.5701
58944,8918.6394,2318.0298
58945,8948.0169,2069.9065
58946,8931.5791,2316.6222
58947,8924.399,2578.5146
58948,8955.9347,2524.1689
58949,8944.5161,2042.5978
58950,8942.0612,2014.6332
58951,8940.9524,2569.5704
58952,8965.9218,2031.7891
58953,8957.3305,1982.6509
58954,8965.0885,2806.7163
58955,8971.6185,2364.4146
58956,8933.4948,2622.8533
58957,8962.1185,1882.0583
58958,8962.1357,2687.9206
58959,8948.3157,1831.7947
58960,8965.6157,1845.1883
58961,8979.7273,1972.1277
58962,8972.126,2829.4575
58963,8982.5219,2370.3559
58964,8968.4451,2873.0278
58965,8977.8301,2370.537
58966,8958.0195,2308.4562
58967,8959.6616,2936.3053
58968,8963.8584,2124.5521
58969,8970.8075,1955.5764
58970,8973.0469,2783.5779
58971,8977.7902,2170.519
58972,8962.7701,2670.2176
58973,8988.7063,2832.0428
58974,8999.0003,2016.4368
58975,8979.6298,2553.8383
58976,9005.0456,2334.9976
58977,8975.9609,2683.0941
58978,8991.2431,2840.1143
58979,8968.7487,2185.6367
58980,8981.8276,2328.1398
58981,8988.2679,2035.5091
58982,8986.5295,2641.9226
58983,8982.1885,1874.5221
58984,8994.2984,2188.5298
58985,8982.8241,2540.5693
58986,8981.8254,2603.0409
58987,9021.3071,1927.68
58988,9020.9765,2039.9
58989,9014.7522,2176.7591
58990,8985.6835,1968.6838
58991,8994.7485,1986.0765
58992,9031.5378,2169.1822
58993,9010.4185,2368.4688
58994,8990.9464,2829.9599
58995,9021.055,2357.3578
58996,9031.5673,2759.1838
58997,9021.782,1835.6203
58998,9020.0166,2229.7547
58999,9010.6284,2357.8149
59000,9026.1267,2177.5578
59001,9038.5903,2580.0363
59002,9025.3926,2042.2982
59003,9006.1979,2585.1531
59004,9010.42,2779.0059
59005,9043.8425,2497.0935
59006,9017.7035,2757.2685
59007,9018.3793,2362.8938
59008,9038.2425,2668.7843
59009,9054.3106,2549.6824
59010,9055.5906,1845.5102
59011,9046.6274,2684.9716
59012,9051.1843,2843.4587
59013,9020.6192,2938.017
59014,9060.4108,1962.2216
59015,9060.733,2745.9074
59016,9023.0948,2228.6736
59017,9061.4772,2178.0385
59018,9048.6518,2552.2419
59019,9034.5206,2809.2897
59020,9072.918,1924.9316
59021,9043.0595,1970.3599
59022,9069.4183,2943.9388
59023,9065.4184,2264.828
59024,9047.9563,2104.3063
59025,9067.4093,2973.5111
59026,9080.8953,2294.9109
59027,9058.6746,2931.5642
59028,9055.6436,2076.2301
59029,9071.0474,1851.26
59030,9075.9001,2961.9408
59031,9057.3002,2947.5447
59032,9090.0903,2884.634
59033,9077.1629,1873.901
59034,9076.1578,1936.5969
59035,9087.7033,2513.4595
59036,9053.3147,2819.7825
59037,9059.0149,2599.5265
59038,9078.7244,2499.2147
59039,9075.32,2422.7856
59040,9067.5168,2967.2606
59041,9101.8151,1913.9513
59042,9078.0775,2978.1678
59043,9094.98,2564.7132
59044,9095.811,2298.4789
59045,9067.7411,2708.5786
59046,9083.105,2548.5563
59047,9085.0251,1971.524
59048,9094.6178,2014.8404
59049,9082.2611,2687.3083
59050,9105.3555,2827.6743
59051,9078.3641,2832.281
59052,9104.3664,2122.5221
59053,9111.4246,1895.5015
59054,9100.3726,2752.7984
59055,9122.5817,2718.063
59056,9094.6825,2202.0448
59057,9113.7364,2065.7222
59058,9123.1558,2565.7854
59059,9114.9886,2606.1585
59060,9094.5256,2497.2648
59061,9099.6518,2182.7303
59062,9094.1624,2256.6164
59063,9130.9485,2407.6304
59064,9127.5361,2323.0697
59065,9119.5823,2828.9262
59066,9124.7996,2214.8564
59067,9121.0836,2727.5604
59068,9128.0579,2263.1792
59069,9123.0616,2531.7369
59070,9116.1758,2648.6019
59071,9145.9529,2810.9828
59072,9131.5443,2609.2999
59073,9107.4881,2382.112
59074,9142.8996,2313.9644
59075,9134.2537,2497.783
59076,9119.0428,2530.7242
59077,9128.5683,2922.354
59078,9147.5773,2666.9734
59079,9152.3801,2758.3064
59080,9125.7347,1937.5146
59081,9128.1809,2373.199
59082,9124.0214,2855.3488
59083,9151.6781,2602.8801
59084,9124.6442,2739.1866
59085,9133.0972,2246.1027
59086,9144.7356,1917.305
59087,9135.7972,2746.9826
59088,9154.8899,2234.436
59089,9158.2063,2243.3334
59090,9166.324,2302.3047
59091,9167.2962,2992.2399
59092,9138.1763,2195.9478
59093,9142.7373,2442.435
59094,9160.0637,2700.0703
59095,9154.1303,1971.6603
59096,9167.7327,2850.6263
59097,9171.0889,1894.7325
59098,9173.8446,2333.1545
59099,9143.5459,1951.9178
59100,9184.525,2662.5417
59101,9160.9192,2292.0364
59102,9180.9687,2768.6162
59103,9148.9774,2853.8853
59104,9160.803,2744.0058
59105,9168.2861,2164.4442
59106,9182.5981,2061.6675
59107,9162.0039,2889.8114
59108,9180.3685,2519.2515
59109,9165.2679,2750.2305
59110,9154.8272,2932.6561
59111,9188.1098,2439.8178
59112,9174.424,2084.6725
59113,9186.8846,2349.2254
59114,9199.6617,2982.4154
59115,9190.2709,2050.8378
59116,9169.1433,2036.1586
59117,9199.5436,2733.7644
59118,9167.6741,2734.3376
59119,9196.1001,2547.5002
59120,9179.0613,2085.296
59121,9207.0255,2505.7656
59122,9190.3455,2855.4573
59123,9190.4261,3013.9354
59124,9182.7824,2249.2334
59125,9183.3215,2184.7459
59126,9176.8728,2839.9197
59127,9209.3252,2570.4572
59128,9187.3551,2763.2539
59129,9200.6602,2052.7952
59130,9206.9417,1982.1128
59131,9216.0178,2920.6666
59132,9187.5218,2440.0757
59133,9192.5167,2602.5395
59134,9208.3471,2633.2252
59135,9221.0765,2790.1124
59136,9191.3578,2509.9571
59137,9208.1795,3009.7367
59138,9221.8581,2058.7292
59139,9215.1333,2017.1204
59140,9204.7128,2112.8905
59141,9228.3645,2499.3131
59142,9207.4558,1938.7958
59143,9212.4189,2680.3826
59144,9220.5644,1879.5369
59145,9235.9539,2704.632
59146,9214.7103,2271.5826
59147,9229.5258,2499.8753
59148,9230.4882,2628.7203
59149,9220.2114,2536.2273
59150,9223.7476,1882.3295
59151,9247.3472,2460.5207
59152,9247.0341,2844.2737
59153,9233.9563,1879.444
59154,9219.2436,2093.2739
59155,9253.3509,2180.9239
59156,9220.2442,2005.3376
59157,9225.2773,1885.2099
59158,9253.815,2801.4363
59159,9243.0035,2922.9234
59160,9263.2376,2414.2914
59161,9247.6623,2735.9307
59162,9224.7211,2087.9357
59163,9245.6591,2606.3557
59164,9252.9247,2294.1798
59165,9256.3944,2002.6903
59166,9253.2489,2688.2271
59167,9228.3455,2611.5395
59168,9266.0415,2375.4837
59169,9231.9516,2787.9584
59170,9261.2969,3015.1865
59171,9275.5695,2190.4261
59172,9272.7431,2795.3597
59173,9274.0764,2071.9394
59174,9278.2005,2437.4473
59175,9266.0947,2338.9508
59176,9257.8871,2457.1364
59177,9247.776,3022.6446
59178,9254.1003,2747.7387
59179,9283.921,2154.6597
59180,9283.1348,2818.801
59181,9262.8762,2408.7626
59182,9278.8357,2694.2058
59183,9256.9025,2603.9069
59184,9280.4644,2519.718
59185,9258.5923,1976.6947
59186,9295.7823,2253.8497
59187,9265.564,2959.3425
59188,9289.4192,1986.0685
59189,9285.3476,2385.2741
59190,9273.1171,2876.4751
59191,9293.4728,2217.3512
59192,9277.2087,2350.736
59193,9302.9961,1967.2965
59194,9269.3233,1911.0338
59195,9292.8807,2277.7977
59196,9270.7919,2884.0466
59197,9283.1523,2706.7829
59198,9272.5428,2748.6293
59199,9282.7731,2674.0559
59200,9283.2807,2637.2033
59201,9278.2979,3012.275
59202,9287.0403,2938.6988
59203,9290.4188,2305.0538
59204,9312.9892,2049.6341
59205,9314.5467,2391.9068
59206,9319.4504,2745.3757
59207,9304.0527,2278.6456
59208,9313.97,2086.6358
59209,9290.1318,2742.3628
59210,9297.6237,2329.9006
59211,9305.1135,2746.3551
59212,9290.4656,2417.0134
59213,9316.0677,2107.3673
59214,9307.5922,3058.8585
59215,9310.2049,2161.7785
59216,9312.5224,2934.2027
59217,9289.2069,1888.229
59218,9289.8978,1924.8926
59219,9324.9963,1923.0556
59220,9308.3257,1952.0243
59221,9301.6085,2902.7914
59222,9292.7553,2402.5466
59223,9293.9886,2566.5642
59224,9306.2739,2458.0514
59225,9306.4842,2816.0563
59226,9314.6862,2851.7291
59227,9315.4153,2833.7291
59228,9304.5445,1901.2811
59229,9322.4363,1996.1291
59230,9301.4159,2591.707
59231,9309.1704,2770.3268
59232,9339.9256,2007.1161
59233,9342.8378,2962.6245
59234,9347.5158,2703.3462
59235,9313.7587,1899.8418
59236,9326.3759,2245.8462
59237,9329.9729,2678.5054
59238,9321.0353,2669.4206
59239,9337.2253,2821.4655
59240,9350.1851,2853.0613
59241,9329.2156,2687.7508
59242,9321.7186,2289.8414
59243,9329.0821,2387.5737
59244,9334.5014,2709.7156
59245,9326.0923,2381.5787
59246,9320.9826,2153.2635
59247,9349.2084,2343.8844
59248,9359.3036,3051.8315
59249,9331.081,2625.9875
59250,9334.8724,2171.0606
59251,9341.9476,1953.7755
59252,9366.0736,2664.3956
59253,9325.7473,2916.3712
59254,9344.6926,2160.3678
59255,9347.5549,2351.1368
59256,9369.7713,2034.4169
59257,9343.6057,2930.4648
59258,9343.1204,2696.5406
59259,9354.7913,2226.684
59260,9348.1248,2250.2557
59261,9359.4262,2439.8591
59262,9339.6846,2625.6585
59263,9362.3675,2159.0924
59264,9358.6241,2900.284
59265,9377.2255,2853.07
59266,9379.4148,2506.4702
59267,9357.3159,2467.1119
59268,9377.0746,2658.5842
59269,9375.0213,2593.7869
59270,9360.2394,2363.9758
59271,9346.1041,2444.3836
59272,9355.6372,1995.0332
59273,9387.8882,2500.6298
59274,9352.7337,3039.7714
59275,9356.4309,2876.4796
59276,9386.0965,2335.0106
59277,9373.1677,2980.3081
59278,9363.1132,2935.7044
59279,9371.45,2465.4012
59280,9363.3148,2994.3031
59281,9363.5958,2995.0167
59282,9391.8815,2949.8997
59283,9372.4938,2062.3062
59284,9402.9913,2742.027
59285,9367.1288,2199.895
59286,9393.5469,2020.8808
59287,9362.141,1907.0512
59288,9376.8445,2696.6246
59289,9405.4297,2945.7664
59290,9403.1226,2798.7303
59291,9401.4304,2651.262
59292,9373.7156,2458.6127
59293,9408.2338,3018.0507
59294,9392.1151,2338.2908
59295,9385.7591,3073.1997
59296,9375.1909,2058.3732
59297,9410.0779,2028.5155
59298,9373.0168,2229.6825
59299,9375.9316,2753.2707
59300,9388.0944,2366.7023
59301,9391.2274,2446.2566
59302,9385.528,2611.0783
59303,9392.1037,2869.5049
59304,9405.2453,2296.4479
59305,9424.6997,2744.8405
59306,9402.965,2890.3827
59307,9388.7465,3078.553
59308,9417.8863,2394.5052
59309,9409.6258,3028.6928
59310,9402.2776,2032.8841
59311,9392.3146,2226.2233
59312,9390.1217,2232.5135
59313,9397.1317,2438.6789
59314,9429.4802,2843.0283
59315,9406.9473,2244.2146
59316,9422.8748,2265.2102
59317,9400.181,2936.5255
59318,9392.6611,2139.9536
59319,9431.0669,2268.7704
59320,9412.285,3012.9395
59321,9410.7092,1982.2193
59322,9431.587,3039.0817
59323,9403.2432,2689.7071
59324,9436.9266,1935.9695
59325,9442.1721,2706.1694
59326,9441.7131,2682.3684
59327,9421.4768,2700.9326
59328,9428.0382,2245.9501
59329,9448.6314,2137.9161
59330,9432.6561,2264.1937
59331,9430.4991,2904.4664
59332,9417.9191,2920.5808
59333,9425.9026,2514.3209
59334,9453.3363,2388.9237
59335,9425.6647,1978.2272
59336,9430.5294,2627.3753
59337,9456.1905,2934.385
59338,9412.9074,1950.2621
59339,9421.6629,2751.0403
59340,9433.7416,2870.9524
59341,9421.8967,2273.1867
59342,9434.4571,2103.2007
59343,9431.8953,2712.4997
59344,9422.0381,2022.6624
59345,9441.1908,2668.1924
59346,9450.2453,2991.6475
59347,9430.3822,2207.1016
59348,9425.9943,2803.6604
59349,9453.4063,2036.7833
59350,9461.9953,2066.5097
59351,9468.6733,2638.8463
59352,9451.0929,1984.9135
59353,9460.8391,1938.5364
59354,9467.9086,2450.927
59355,9439.1048,2383.3643
59356,9445.2111,2725.1258
59357,9429.2365,2289.5329
59358,9464.6542,2740.5524
59359,9464.4936,2252.0792
59360,9442.7778,2870.3841
59361,9458.6226,2560.7413
59362,9442.1058,2195.5559
59363,9476.9199,2730.9252
59364,9437.5319,2819.4543
59365,9469.9081,2626.071
59366,9465.366,1934.8961
59367,9441.3548,2148.8057
59368,9444.7014,2318.5934
59369,9473.2269,2987.5334
59370,9482.8551,2733.2533
59371,9481.7377,3041.2635
59372,9486.4303,2743.9691
59373,9451.746,2613.0315
59374,9475.3985,2526.4426
59375,9486.0938,2450.2496
59376,9446.0915,2937.1699
59377,9491.0903,2951.2386
59378,9482.5981,2355.6822
59379,9483.2598,2749.0477
59380,9484.2312,2069.5291
59381,9490.0111,2162.2656
59382,9449.677,2778.7226
59383,9470.6386,2494.4747
59384,9472.7932,3065.6026
59385,9462.4942,2744.9741
59386,9491.5373,2760.5952
59387,9457.835,3058.9324
59388,9454.2972,2240.4913
59389,9456.2751,2467.3461
59390,9492.2466,2418.3921
59391,9456.7366,3058.259
59392,9464.1683,3037.3995
59393,9468.9779,3058.3438
59394,9487.2449,2730.9397
59395,9502.9394,2485.0363
59396,9466.898,2672.247
59397,9469.1962,2531.0726
59398,9505.6571,2930.6133
59399,9483.5178,2763.2764
59400,9504.0961,2501.5003
59401,9484.8201,2947.9329
59402,9479.9341,2069.7805
59403,9484.5874,2416.0155
59404,9493.9634,2862.2673
59405,9492.6686,2987.2755
59406,9511.7465,2984.5036
59407,9470.7142,2325.6658
59408,9512.7592,2274.5198
59409,9514.4447,2370.6461
59410,9495.8537,2155.2593
59411,9498.6597,2159.5911
59412,9497.6351,2224.14
59413,9517.8979,2000.9494
59414,9487.7808,2589.5164
59415,9505.7378,2035.377
59416,9516.5934,3015.474
59417,9510.8917,2691.9099
59418,9488.3385,2666.6177
59419,9509.4721,2477.8436
59420,9504.5152,2169.8529
59421,9508.3875,2429.9876
59422,9522.6919,2929.4826
59423,9496.1372,3032.4927
59424,9495.6345,2319.5493
59425,9486.3029,2958.0401
59426,9486.2624,3095.4937
59427,9515.3965,2086.8997
59428,9490.1384,3072.5278
59429,9525.3207,2084.3908
59430,9531.6324,2099.1793
59431,9524.0912,2032.4547
59432,9517.604,3006.0568
59433,9530.8994,2032.7275
59434,9494.3349,2676.2445
59435,9492.8643,2607.449
59436,9525.7004,2628.8505
59437,9493.263,2136.2796
59438,9501.0613,2133.7227
59439,9503.2448,2919.2592
59440,9514.4275,2221.4377
59441,9529.1105,2463.4985
59442,9521.3726,2917.7943
59443,9516.3016,2198.1986
59444,9534.9464,2614.6905
59445,9540.2229,2264.8007
59446,9517.3453,2524.7019
59447,9531.0543,2949.0058
59448,9517.2915,2677.335
59449,9505.6818,2131.3627
59450,9529.9219,2348.9726
59451,9510.8737,2843.1965
59452,9507.154,2351.8335
59453,9516.1374,2594.0093
59454,9526.2266,2462.705
59455,9529.5493,2306.4503
59456,9546.6892,2989.3855
59457,9515.8399,2303.898
59458,9509.4671,2453.3301
59459,9522.4767,2114.3605
59460,9534.1323,2604.5276
59461,9521.7242,1969.8602
59462,9524.1659,3084.8941
59463,9545.7548,2831.0583
59464,9554.3727,3100.7835
59465,9512.5184,2472.2744
59466,9526.9641,2849.9631
59467,9532.2429,2910.5488
59468,9549.7729,1947.9622
59469,9527.7538,2399.531
59470,9516.3286,2505.3279
59471,9516.8738,2563.2599
59472,9533.2293,2608.6455
59473,9533.2267,2051.4225
59474,9533.8703,2407.3435
59475,9542.8184,2153.8006
59476,9551.0173,2202.8426
59477,9525.1402,2779.5295
59478,9543.8988,2921.8299
59479,9527.1662,2937.9928
59480,9561.3855,2864.6468
59481,9525.7703,2076.5708
59482,9542.1532,1997.6518
59483,9541.7757,1953.7349
59484,9555.3102,2181.8403
59485,9546.0951,2926.595
59486,9529.6325,2794.6017
59487,9530.0171,2462.125
59488,9525.2505,2365.6267
59489,9537.0008,2940.3601
59490,9534.5947,2495.165
59491,9561.7679,2174.0688
59492,9535.2956,3038.0124
59493,9553.2204,2529.0061
59494,9540.5328,2458.8246
59495,9572.5625,3004.8879
59496,9564.9002,2662.7294
59497,9575.9986,2389.759
59498,9543.9711,2864.8176
59499,9567.7051,2649.1393
59500,9530.8006,2572.596
59501,9535.2081,2849.2321
59502,9540.8066,2650.9137
59503,9576.6804,2611.8937
59504,9567.6477,2427.6055
59505,9542.9962,2371.7056
59506,9581.361,2923.3599
59507,9549.6383,2016.4773
59508,9578.0479,2674.2765
59509,9543.0306,2906.0417
59510,9553.5401,2865.6247
59511,9555.9788,2129.66
59512,9568.4325,3052.4084
59513,9539.1866,2584.2507
59514,9556.4969,2731.4549
59515,9542.5328,2117.3915
59516,9554.6221,3136.2976
59517,9550.7544,2289.4393
59518,9569.5876,2596.3503
59519,9560.4958,2519.6651
59520,9575.0533,2927.7626
59521,9554.1722,2315.0895
59522,9571.8978,2831.2161
59523,9570.7107,2791.248
59524,9544.7614,3109.3963
59525,9554.5622,2345.7861
59526,9569.2665,2132.1185
59527,9570.5992,2799.9675
59528,9553.0934,2871.6767
59529,9592.997,2462.7942
59530,9561.9978,2828.8746
59531,9590.0657,2492.7762
59532,9557.9342,2921.9124
59533,9568.8716,2578.5792
59534,9561.1833,2518.7706
59535,9554.518,2656.2823
59536,9592.3139,2910.4512
59537,9598.2892,2867.4791
59538,9593.7258,2130.1864
59539,9580.0013,2987.6724
59540,9584.9914,2396.1101
59541,9598.2325,2367.4164
59542,9601.1269,2247.3518
59543,9589.3285,2574.8045
59544,9599.5941,2619.662
59545,9568.1283,2662.6474
59546,9591.5008,3054.1969
59547,9570.0715,2288.2877
59548,9594.8236,3054.0194
59549,9600.38,2209.1146
59550,9591.778,2722.6215
59551,9587.1909,2714.9215
59552,9582.5219,2204.0471
59553,9592.3083,2595.7694
59554,9569.2352,2740.4868
59555,9582.4483,2908.858
59556,9564.9493,2921.6616
59557,9583.7269,2863.7322
59558,9591.185,2162.9237
59559,9580.5525,2327.7932
59560,9609.6029,2756.2255
59561,9585.8088,2981.7248
59562,9596.5153,2173.2979
59563,9606.5924,3147.7175
59564,9576.1567,2787.0419
59565,9580.4017,1987.1997
59566,9583.6302,2313.7452
59567,9611.3687,2250.3149
59568,9585.8044,2427.2191
59569,9599.6721,2932.7836
59570,9608.6981,3015.119
59571,9583.6535,2978.7402
59572,9599.189,3050.4088
59573,9590.1175,2259.769
59574,9579.1824,2230.6722
59575,9579.3623,2067.8123
59576,9574.8317,2522.6083
59577,9604.8229,2972.205
59578,9575.459,1967.7433
59579,9581.8717,2047.549
59580,9589.1664,2225.223
59581,9593.8572,2947.8751
59582,9613.0297,2789.0651
59583,9611.8407,3067.0441
59584,9610.3928,2606.1109
59585,9603.0829,3101.2423
59586,9586.8153,2427.6918
59587,9588.7047,2067.2458
59588,9612.536,2857.2872
59589,9599.8306,2897.9841
59590,9584.438,3023.1797
59591,9594.5333,2681.2879
59592,9610.4412,3091.7599
59593,9584.9198,2007.8725
59594,9609.8591,2989.7638
59595,9612.5586,2089.3253
59596,9622.2642,2533.096
59597,9626.2972,3117.7603
59598,9589.2459,2330.643
59599,9589.0507,2836.5492
59600,9594.0153,2852.1902
59601,9591.9145,2130.9266
59602,9606.7461,3059.4388
59603,9584.4421,2382.6257
59604,9587.2142,2228.564
59605,9607.0252,2264.0532
59606,9596.3409,2151.0555
59607,9604.8957,2931.7993
59608,9590.5582,2800.5072
59609,9601.4077,2893.5647
59610,9623.7362,2303.3445
59611,9621.9019,2248.1548
59612,9624.8919,2866.0099
59613,9629.6428,1999.7825
59614,9631.3725,2675.5232
59615,9617.0857,2278.6323
59616,9600.5676,2965.0083
59617,9623.8897,3000.6959
59618,9622.6237,2678.7382
59619,9605.1921,2867.7849
59620,9631.7404,2215.7627
59621,9620.3079,2431.9229
59622,9612.4697,2472.7766
59623,9601.1288,3092.4511
59624,9601.3634,2329.6229
59625,9610.9487,2928.9872
59626,9626.671,2141.542
59627,9614.327,3039.0762
59628,9622.4774,3114.7272
59629,9637.9897,2398.108
59630,9609.6807,2843.6462
59631,9619.4968,2749.175
59632,9630.0699,2736.8412
59633,9614.2338,2890.3993
59634,9610.1603,2196.9332
59635,9603.845,2435.9045
59636,9615.3233,2974.809
59637,9616.7888,2247.4888
59638,9600.0683,2428.7079
59639,9623.3283,2910.269
59640,9644.4915,2902.9088
59641,9614.8957,2137.3825
59642,9642.7644,2641.924
59643,9609.9809,2494.8502
59644,9643.091,2443.5159
59645,9615.0368,2042.9373
59646,9610.6329,3068.8945
59647,9638.1781,2215.685
59648,9614.1512,3040.3642
59649,9636.1198,2475.3008
59650,9649.2454,2209.7007
59651,9622.8246,3097.1238
59652,9623.2895,3143.6264
59653,9631.2336,2113.7975
59654,9616.6165,2562.3705
59655,9640.2883,2028.3898
59656,9637.6761,2906.3093
59657,9614.305,2456.7947
59658,9646.6321,2067.4501
59659,9622.593,1956.8488
59660,9637.4307,2483.5289
59661,9644.7573,2009.1769
59662,9618.2745,2661.0156
59663,9610.1841,3119.7443
59664,9610.0107,1970.8441
59665,9635.9067,2017.9951
59666,9640.2591,3049.482
59667,9642.0933,2964.2448
59668,9620.2847,2685.9091
59669,9612.5243,2519.5838
59670,9644.7803,3041.363
59671,9643.3542,2720.2116
59672,9638.8715,2317.4709
59673,9613.2152,2129.7158
59674,9633.2703,2833.7877
59675,9645.9638,2851.3975
59676,9629.3639,2124.4399
59677,9653.7917,1972.4045
59678,9642.3665,2060.8144
59679,9627.5649,2302.9152
59680,9637.2502,2080.2869
59681,9618.3628,3157.7066
59682,9657.079,2771.0635
59683,9635.0638,2173.3395
59684,9630.1894,2344.0121
59685,9641.3575,2038.5013
59686,9632.8318,2282.6787
59687,9638.8142,2155.4387
59688,9660.3479,1995.9266
59689,9616.5817,3112.4057
59690,9616.3017,2022.9908
59691,9655.6994,3143.7811
59692,9633.1931,2279.293
59693,9642.8513,2723.0645
59694,9660.5859,2281.0524
59695,9645.7007,2807.2725
59696,9641.3864,3157.5216
59697,9644.0341,3017.675
59698,9635.4258,2897.8392
59699,9648.8191,2579.999
59700,9653.7969,2992.8069
59701,9626.6148,2313.5717
59702,9629.1024,2190.1572
59703,9623.5151,2839.8704
59704,9621.9678,2400.8869
59705,9658.6954,2039.6444
59706,9664.4354,2361.7628
59707,9646.4424,2338.483
59708,9661.9765,2871.8567
59709,9656.4806,2787.7494
59710,9661.0539,2113.5507
59711,9667.4244,3134.9146
59712,9627.2215,3066.1776
59713,9625.305,2164.5617
59714,9664.8986,3139.7185
59715,9666.0376,2997.0107
59716,9669.8805,2590.5672
59717,9648.234,2089.457
59718,9642.6403,3153.4298
59719,9653.6932,3105.1694
59720,9634.0941,3052.0112
59721,9660.1888,3019.521
59722,9658.6372,2961.987
59723,9647.8113,3026.489
59724,9637.8098,2003.0121
59725,9638.8721,2278.2445
59726,9643.6194,2272.5466
59727,9638.5153,2006.3735
59728,9665.9532,2974.0168
59729,9637.6854,3015.9135
59730,9645.1384,2504.1184
59731,9674.5437,2833.9486
59732,9630.3627,3020.1958
59733,9650.6586,2418.0594
59734,9656.7814,2683.2329
59735,9672.2204,2127.807
59736,9646.4942,2623.9469
59737,9638.6967,2754.8402
59738,9662.177,2717.8537
59739,9633.3003,2545.6032
59740,9642.6184,2986.3307
59741,9665.9392,3037.3693
59742,9643.5776,3163.7919
59743,9634.9427,2100.0634
59744,9634.4392,2726.6735
59745,9671.2608,2660.388
59746,9671.5866,1970.8052
59747,9650.6816,3004.3673
59748,9665.6056,2420.5787
59749,9655.5207,2469.233
59750,9645.3336,2793.7582
59751,9663.5617,2453.7862
59752,9669.0011,3063.1153
59753,9650.741,2295.6382
59754,9647.4829,2154.4223
59755,9643.6093,1959.1261
59756,9677.2766,2998.4278
59757,9681.4744,2218.9887
59758,9655.9257,2805.9278
59759,9679.6093,2986.1877
59760,9654.3922,2248.9246
59761,9665.0804,2838.3375
59762,9646.716,2801.0699
59763,9666.2295,2398.8498
59764,9682.7308,3076.0645
59765,9671.432,2503.0698
59766,9679.25,2802.4934
59767,9654.8068,2183.5703
59768,9674.0254,2246.8461
59769,9664.7116,2779.5102
59770,9641.4969,2375.1927
59771,9685.5624,3045.2749
59772,9643.2738,3098.5096
59773,9646.7212,2965.8128
59774,9672.9344,2593.2997
59775,9658.0642,2264.8794
59776,9647.5321,2242.4105
59777,9649.9531,2543.6098
59778,9666.0193,2368.7342
59779,9668.1761,2982.9765
59780,9644.091,2169.272
59781,9654.7392,2806.1292
59782,9681.4048,2732.4512
59783,9677.6907,2176.6232
59784,9659.0213,2680.7839
59785,9660.8992,2356.0839
59786,9646.0891,2524.2865
59787,9654.8674,2750.0158
59788,9653.4714,2755.8163
59789,9678.0775,2236.3877
59790,9684.2186,2513.7586
59791,9679.1516,2918.2494
59792,9647.1705,2901.4702
59793,9653.0495,2124.7612
59794,9694.6512,3120.7599
59795,9681.6365,2949.168
59796,9667.5264,2639.6016
59797,9658.0535,2002.2202
59798,9685.1808,2212.1281
59799,9653.6755,2744.1538
59800,9683.5143,2635.4356
59801,9683.1741,2842.2233
59802,9692.3682,2856.1799
59803,9672.5276,2118.1736
59804,9691.3886,2908.3203
59805,9656.6008,3144.0583
59806,9665.9224,2450.7663
59807,9674.8627,2687.6258
59808,9672.4593,2187.8078
59809,9663.2391,3023.5375
59810,9677.9782,2471.4272
59811,9679.4695,2299.973
59812,9699.2426,2687.6888
59813,9676.2043,2156.19
59814,9669.6123,3060.9549
59815,9697.9417,3170.4714
59816,9670.5775,2955.0768
59817,9697.5248,2539.1271
59818,9664.8073,2501.864
59819,9691.9657,2430.3845
59820,9691.9239,3066.202
59821,9698.1754,2325.0973
59822,9695.0877,3088.9327
59823,9687.3378,2040.2825
59824,9699.8482,2442.4753
59825,9666.7417,2885.7877
59826,9655.4127,2578.7665
59827,9661.4896,2335.4211
59828,9676.2669,2844.3311
59829,9665.2339,2558.5221
59830,9702.6991,2098.0241
59831,9657.2418,3013.9882
59832,9702.1938,2186.1467
59833,9691.9365,2083.4521
59834,9675.1169,2899.3436
59835,9687.5203,2801.4762
59836,9683.2079,2080.0655
59837,9682.6534,2177.6072
59838,9676.3212,2788.5675
59839,9660.077,2086.6833
59840,9699.2055,2909.3158
59841,9665.7778,2857.9686
59842,9691.5444,3117.0777
59843,9693.7843,3091.2726
59844,9670.0501,3046.0464
59845,9697.1258,2008.7831
59846,9684.923,3014.8217
59847,9700.2043,2121.6098
59848,9664.0762,3131.4289
59849,9661.6306,2776.9187
59850,9700.5819,2440.4559
59851,9687.2233,2824.0672
59852,9702.286,2387.0868
59853,9706.7204,2844.4991
59854,9667.9756,2053.8003
59855,9668.9498,2929.5492
59856,9683.8267,2807.1614
59857,9664.5866,2912.2326
59858,9706.0512,2346.2546
59859,9666.7794,2353.5353
59860,9676.7914,1977.3493
59861,9685.486,2118.6885
59862,9676.3861,2691.3533
59863,9689.6797,2364.5717
59864,9683.5084,2742.6056
59865,9703.9375,2341.8421
59866,9677.1599,2014.2014
59867,9698.3288,2513.826
59868,9666.7595,2249.3519
59869,9674.5907,3139.0772
59870,9712.7329,2931.6062
59871,9707.9869,2417.5985
59872,9679.6064,2729.2113
59873,9689.1481,2135.457
59874,9673.3325,2416.5852
59875,9706.3388,3121.6035
59876,9694.5827,2598.5803
59877,9695.1955,2891.4599
59878,9678.9976,2416.0009
59879,9693.9066,3036.3437
59880,9715.1191,2329.6113
59881,9703.3483,3040.967
59882,9692.2842,2805.4974
59883,9690.012,2302.3071
59884,9685.8884,2763.7605
59885,9681.187,2025.9757
59886,9679.6476,2324.324
59887,9710.2298,2087.7367
59888,9670.9249,2261.5516
59889,9694.6156,2049.9277
59890,9702.3842,2581.1449
59891,9705.4511,2640.5416
59892,9715.932,2908.7442
59893,9717.1555,3138.4474
59894,9706.4703,3153.9589
59895,9693.8089,2553.0988
59896,9719.9102,2258.2032
59897,9707.5137,2921.1137
59898,9687.3375,2638.0441
59899,9712.7124,2258.543
59900,9702.6359,2038.2738
59901,9718.8405,3112.8377
59902,9698.3738,2742.264
59903,9690.6174,1991.6669
59904,9703.4535,3034.2087
59905,9713.0182,2121.1005
59906,9689.3251,2486.7751
59907,9675.5517,2045.0362
59908,9688.4372,2604.6589
59909,9709.2449,2807.9228
59910,9707.9818,2992.7651
59911,9703.5181,2256.6431
59912,9697.0303,2492.6257
59913,9689.1017,2963.6725
59914,9721.9126,3148.6491
59915,9723.2152,3010.3852
59916,9703.9511,2454.629
59917,9677.9647,2838.06
59918,9699.609,2974.9768
59919,9716.8816,3084.215
59920,9711.0635,2133.5353
59921,9695.5391,2612.0292
59922,9710.3749,2740.4494
59923,9711.4257,3021.1302
59924,9687.2588,2529.7177
59925,9682.8164,2043.3167
59926,9687.3529,2702.527
59927,9726.4079,2668.0692
59928,9706.2153,2138.9193
59929,9694.1926,2731.6776
59930,9725.1599,2024.0962
59931,9681.8389,3148.173
59932,9689.8204,2958.2636
59933,9727.9457,2815.6836
59934,9687.5525,2269.5472
59935,9682.4471,2072.0759
59936,9684.7092,2412.5323
59937,9710.8255,2218.9963
59938,9719.5876,2784.4111
59939,9707.9922,2940.2797
59940,9717.9987,2165.4506
59941,9714.9504,2558.1678
59942,9703.4802,2769.4208
59943,9725.4303,2497.8116
59944,9726.232,3184.7479
59945,9704.6882,2507.7631
59946,9689.0492,3177.2278
59947,9701.8677,3005.2721
59948,9724.1276,2504.9608
59949,9725.7952,2588.7041
59950,9705.282,2160.8961
59951,9710.8603,2108.2742
59952,9732.9923,3039.4417
59953,9697.145,2922.1223
59954,9706.8937,2454.4065
59955,9702.4523,2975.9819
59956,9707.9483,2081.5603
59957,9728.5467,2493.8885
59958,9696.1313,2601.3835
59959,9723.7828,2353.7068
59960,9719.0772,2945.0114
59961,9705.235,2032.4526
59962,9697.5558,2946.48
59963,9732.4349,2452.2272
59964,9717.0645,2473.4736
59965,9695.7578,3126.0612
59966,9690.1835,2853.6799
59967,9720.6523,2252.2867
59968,9730.4117,2928.4243
59969,9716.9742,2427.7539
59970,9722.1003,2574.6266
59971,9702.4701,2787.4801
59972,9729.0288,2087.6482
59973,9700.366,2581.4225
59974,9716.4553,2189.1069
59975,9704.913,2410.1496
59976,9716.8755,2611.8287
59977,9716.9332,2652.1218
59978,9729.4923,3194.6431
59979,9737.5114,2355.3223
59980,9724.4808,3134.0762
59981,9717.2284,2590.584
59982,9730.7365,2810.9406
59983,9728.4707,2813.322
59984,9731.689,2265.6177
59985,9720.2641,2867.2665
59986,9725.5482,2427.2407
59987,9727.7965,2564.0448
59988,9725.2527,2246.9027
59989,9708.8193,2435.9275
59990,9734.4745,2143.5139
59991,9744.8822,2949.6519
59992,9705.9518,2880.5285
59993,9713.3116,2774.6365
59994,9731.8437,2673.9965
59995,9709.9837,2588.0616
59996,9722.602,3107.8397
59997,9743.9891,2002.1064
59998,9735.7539,3046.3395
59999,9745.6128,2590.8092
60000,9721.153,2869.4908
60001,9713.6882,3146.2122
60002,9715.4617,2899.6805
60003,9730.3798,2927.6005
60004,9726.5037,2231.4009
60005,9728.492,2506.2843
60006,9731.6719,2558.5945
60007,9703.2578,1979.8035
60008,9725.6936,2436.2243
60009,9744.4691,2173.0472
60010,9739.4234,2101.5202
60011,9710.9126,3101.6244
60012,9712.5036,2624.6634
60013,9723.19,3175.1313
60014,9737.5486,2007.4002
60015,9738.2099,2939.1579
60016,9748.2079,2822.6233
60017,9725.5107,2135.0768
60018,9723.4173,2862.5605
60019,9709.7985,2258.9215
60020,9717.455,2268.5604
60021,9713.6835,2436.4098
60022,9750.9332,2357.3437
60023,9728.9408,3055.7325
60024,9750.3107,3145.6935
60025,9715.9382,2919.3942
60026,9723.9436,2627.3238
60027,9750.8488,2521.8032
60028,9720.3398,3088.0788
60029,9743.9773,2760.0419
60030,9727.5688,2699.952
60031,9752.6435,2523.0494
60032,9734.5832,2932.7306
60033,9714.9044,2433.2243
60034,9755.1289,2306.9226
60035,9736.8908,2810.1813
60036,9742.5152,2726.256
60037,9732.4998,2296.1022
60038,9755.7321,2256.6356
60039,9728.4264,2844.9666
60040,9738.0943,2805.2953
60041,9722.9751,1979.9069
60042,9739.6116,3137.9586
60043,9759.5064,2808.4921
60044,9752.1121,3191.232
60045,9740.231,2676.0174
60046,9742.2721,2888.998
60047,9744.0521,2643.3953
60048,9714.0669,2708.8458
60049,9713.6113,3121.5059
60050,9741.9621,2248.6906
60051,9747.1171,2207.3088
60052,9728.3645,2792.2943
60053,9729.8588,2300.2726
60054,9726.6128,2555.7843
60055,9749.4579,2914.9805
60056,9729.1814,2569.0663
60057,9750.937,2464.5091
60058,9749.743,2028.1299
60059,9736.8872,2758.7421
60060,9748.8963,2757.0217
60061,9721.4816,3002.7179
60062,9731.0985,2569.7507
60063,9763.7694,2646.3232
60064,9760.688,2464.4025
60065,9718.7919,2706.4772
60066,9725.1497,3057.354
60067,9741.6126,2768.7889
60068,9722.2939,2212.7632
60069,9730.9765,2965.6543
60070,9750.892,3172.3224
60071,9726.6055,2667.7281
60072,9752.2756,2936.2318
60073,9728.4672,3110.5495
60074,9769.0959,3169.8922
60075,9722.0995,2154.6921
60076,9768.4465,2986.1621
60077,9736.6941,2210.081
60078,9722.3967,2245.5648
60079,9732.4843,3153.1
60080,9730.2437,2023.8099
60081,9728.6941,2830.4529
60082,9734.6126,2199.0919
60083,9748.1954,2491.0037
60084,9747.3331,3003.6159
60085,9733.5898,2577.8372
60086,9740.0795,2910.2435
60087,9764.9683,2468.1367
60088,9769.4575,2428.1866
60089,9770.4308,2362.3908
60090,9748.2991,2804.0938
60091,9760.1463,2971.3583
60092,9726.6889,2245.5584
60093,9773.1385,2690.1823
60094,9735.4038,3019.3122
60095,9734.9377,2606.9316
60096,9767.3747,2057.1505
60097,9762.5425,2132.1036
60098,9746.4822,2249.5062
60099,9734.829,2539.2813
60100,9774.9886,2659.4197
60101,9763.7965,3009.5579
60102,9750.5423,2077.9297
60103,9773.5152,2772.0826
60104,9737.974,2248.0002
60105,9764.768,2782.8077
60106,9747.5625,2394.3899
60107,9762.7461,2364.9068
60108,9769.9466,2072.284
60109,9753.0581,3177.3127
60110,9760.9893,2274.7332
60111,9778.065,2959.0037
60112,9738.6659,2935.8532
60113,9749.6045,2540.3654
60114,9734.545,2914.2757
60115,9751.1628,2121.8821
60116,9772.2153,2867.2965
60117,9756.1718,2404.3456
60118,9775.9327,2547.3063
60119,9743.8091,2578.0564
60120,9739.144,2053.6872
60121,9740.1724,2182.36
60122,9748.7,2140.5307
60123,9756.9814,2870.7718
60124,9771.8401,2817.5563
60125,9785.9587,2893.7034
60126,9772.7958,2455.3518
60127,9751.531,3186.4806
60128,9739.4124,3186.6183
60129,9776.3644,2348.3437
60130,9759.6529,2642.5287
60131,9780.4797,3164.5629
60132,9775.2031,2938.5152
60133,9751.654,3050.1943
60134,9771.7558,3002.7377
60135,9777.1403,2334.7208
60136,9778.1743,2273.5348
60137,9766.6232,2331.8857
60138,9763.235,2678.7456
60139,9782.9845,2634.2955
60140,9746.6969,2700.9512
60141,9783.6219,1987.1436
60142,9776.4923,2450.3319
60143,9755.5642,3159.6698
60144,9768.2961,2252.0435
60145,9757.5897,2114.6265
60146,9791.6311,3203.2543
60147,9782.0291,3129.9489
60148,9791.4744,2565.0748
60149,9773.2048,2138.3638
60150,9763.6477,2514.2407
60151,9757.2145,3146.4271
60152,9781.0248,2296.1281
60153,9773.2251,2777.9531
60154,9781.6678,2914.5633
60155,9752.1327,2169.0099
60156,9780.982,2420.1731
60157,9785.1082,2663.4999
60158,9770.2808,2254.6525
60159,9778.3654,2151.2086
60160,9773.0905,2058.6492
60161,9788.0878,2445.2695
60162,9785.1026,2961.6391
60163,9783.8814,2402.4508
60164,9769.7794,2245.6818
60165,9760.2344,2297.5929
60166,9754.3921,2777.4456
60167,9799.2541,3060.8644
60168,9762.8714,2131.3336
60169,9794.8055,2079.8761
60170,9761.8681,2239.5049
60171,9799.3581,2375.9892
60172,9801.766,2711.7472
60173,9795.9183,2803.6802
60174,9763.2627,2471.1077
60175,9784.3589,2174.5514
60176,9799.3004,2012.061
60177,9783.9658,1997.0416
60178,9799.1198,3005.7174
60179,9802.8751,2409.3429
60180,9778.1062,2927.841
60181,9769.111,2939.8841
60182,9773.3276,2703.7552
60183,9809.9766,2980.5672
60184,9807.3649,2759.927
60185,9786.2136,2826.5617
60186,9793.5581,3054.2365
60187,9806.8013,3171.6178
60188,9766.6673,3015.5468
60189,9781.6693,2974.6216
60190,9800.0372,3121.5479
60191,9786.7354,2362.0829
60192,9771.5697,3036.3766
60193,9812.5587,3079.2298
60194,9775.6369,2931.7055
60195,9812.1931,2969.3636
60196,9809.8908,3111.7815
60197,9793.0219,2298.8268
60198,9785.7187,2612.7398
60199,9770.3746,2279.5919
60200,9809.3787,2699.3753
60201,9771.9802,3019.8195
60202,9785.1708,3059.9597
60203,9802.6189,3088.2629
60204,9775.6598,2913.7802
60205,9783.5855,2534.6565
60206,9776.2143,2215.4872
60207,9812.0356,2535.4668
60208,9786.1438,2539.9177
60209,9784.5298,2987.0193
60210,9808.5722,2832.3601
60211,9775.3544,3169.0886
60212,9804.0515,3172.224
60213,9803.0716,2542.0532
60214,9785.2032,2663.5944
60215,9804.1423,2184.6926
60216,9804.6066,2915.9943
60217,9779.8832,2286.0488
60218,9806.2998,3096.9397
60219,9809.1776,2629.9979
60220,9809.1633,3048.6268
60221,9819.1223,2536.6716
60222,9792.4017,2912.196
60223,9816.2264,2387.3203
60224,9797.3469,3112.9993
60225,9815.196,2206.1735
60226,9784.8672,2399.4293
60227,9827.9557,2948.1587
60228,9829.4009,3206.4437
60229,9801.1657,2726.5649
60230,9788.2215,3177.0236
60231,9830.2375,2996.6447
60232,9819.9597,2968.3939
60233,9817.6268,2825.0259
60234,9797.3831,2848.6221
60235,9830.5627,2650.987
60236,9786.7466,3050.3444
60237,9795.1523,2162.0799
60238,9791.1204,2368.6958
60239,9832.0343,3203.6089
60240,9821.7687,2276.2337
60241,9826.2979,2264.8228
60242,9809.1657,2682.6844
60243,9799.5956,3184.7793
60244,9798.9307,3174.4802
60245,9796.1107,2923.3534
60246,9797.2157,2827.9236
60247,9808.1016,2791.4725
60248,9805.8446,3128.589
60249,9814.1368,2155.3057
60250,9830.8046,2295.0575
60251,9802.4707,2254.705
60252,9802.2182,3221.1861
60253,9820.9832,2965.079
60254,9816.0797,2256.581
60255,9820.0062,2815.246
60256,9837.584,2043.9901
60257,9820.4543,2370.5823
60258,9802.7366,2090.5574
60259,9823.0053,3036.7393
60260,9804.7919,2955.2726
60261,9844.2587,3157.6707
60262,9803.6109,3030.2616
60263,9813.3424,2673.5193
60264,9819.7858,2227.1783
60265,9831.0556,2810.2279
60266,9842.6971,2699.1274
60267,9824.4833,2885.5496
60268,9830.6678,2430.5479
60269,9845.0122,3103.2901
60270,9813.5797,2514.0119
60271,9838.4738,2384.1758
60272,9834.6425,3028.6742
60273,9819.9248,2722.6741
60274,9838.2468,2417.1598
60275,9852.1672,2388.2299
60276,9846.8244,3236.3808
60277,9853.9283,2993.544
60278,9850.6401,2979.206
60279,9811.9064,3030.2823
60280,9825.7842,3227.951
60281,9823.5335,2234.5102
60282,9819.0076,3010.8118
60283,9844.0516,2382.3708
60284,9833.0104,2989.0955
60285,9841.1819,2093.7729
60286,9844.5099,2009.217
60287,9829.3359,3206.2632
60288,9863.29,2987.8378
60289,9857.6692,2442.1564
60290,9819.1833,2482.0245
60291,9847.7882,2295.9515
60292,9858.7208,2566.8479
60293,9855.2329,2237.925
60294,9840.3973,2201.1636
60295,9836.8199,3194.6077
60296,9831.646,2966.0363
60297,9832.7534,2373.456
60298,9821.4511,2041.981
60299,9821.7412,2413.9353
60300,9842.0863,2261.446
60301,9843.7446,2103.6557
60302,9841.167,3054.7362
60303,9834.9879,2714.9867
60304,9859.8904,2408.2711
60305,9835.8776,3217.5788
60306,9849.1877,3223.0552
60307,9837.198,2591.5094
60308,9831.6157,2437.3875
60309,9864.9308,2941.6606
60310,9853.5211,2089.5838
60311,9830.7759,3210.2948
60312,9836.7131,2157.7318
60313,9835.0042,3090.4589
60314,9857.2058,2360.2249
60315,9844.1315,2883.6183
60316,9853.2715,2359.9991
60317,9839.4278,2643.439
60318,9867.9697,2231.0664
60319,9876.7816,2226.7594
60320,9858.5493,2848.5185
60321,9877.9957,2468.277
60322,9841.5526,2831.6129
60323,9884.9586,3156.07
60324,9868.1041,2018.7356
60325,9842.7226,2786.4492
60326,9869.342,2681.37
60327,9847.5608,3151.1864
60328,9879.0495,2274.1731
60329,9871.9195,2198.5194
60330,9886.2778,2772.8299
60331,9861.5997,3129.8098
60332,9890.1928,2532.033
60333,9861.7446,3122.6116
60334,9858.5611,2348.6255
60335,9855.0168,2369.8281
60336,9883.5221,2362.6257
60337,9854.0805,2397.7584
60338,9880.4535,2232.566
60339,9864.4388,2169.368
60340,9892.6333,2247.8062
60341,9878.8201,2296.4888
60342,9875.0335,2897.33
60343,9898.0518,2159.926
60344,9856.4742,2443.721
60345,9888.6717,2563.744
60346,9899.7534,3182.811
60347,9862.5591,2293.9242
60348,9884.9258,2531.5699
60349,9888.8062,2218.8132
60350,9902.3112,2093.282
60351,9881.1422,2159.3003
60352,9883.5264,3168.5891
60353,9884.3471,2523.8125
60354,9881.19,3165.4124
60355,9895.3317,2835.481
60356,9902.328,3217.6113
60357,9864.0145,2194.7782
60358,9907.8644,2663.2841
60359,9865.3927,2333.7158
60360,9908.7596,3071.2974
60361,9895.2075,3149.0579
60362,9907.0329,2106.0608
60363,9889.5335,3205.9655
60364,9908.0789,2085.068
60365,9875.6374,3146.5206
60366,9892.7494,3168.7528
60367,9893.5959,2974.5348
60368,9886.2648,2099.2617
60369,9917.6276,2146.3925
60370,9895.3451,2725.7131
60371,9911.0937,2250.4387
60372,9874.8917,2553.7081
60373,9911.2745,2511.4105
60374,9890.7569,2826.9395
60375,9896.2479,3150.6683
60376,9893.7878,2916.0798
60377,9876.5638,2128.115
60378,9893.6047,2962.4319
60379,9898.8286,2877.0596
60380,9918.4872,2483.6759
60381,9889.6158,3003.0842
60382,9913.9785,2156.9846
60383,9912.8882,3051.5713
60384,9906.429,2713.6855
60385,9890.9757,2061.6528
60386,9886.9002,2995.969
60387,9922.7655,2666.621
60388,9895.2097,2997.9008
60389,9892.2919,2589.6086
60390,9906.2696,2994.8916
60391,9891.7893,2053.8535
60392,9930.8338,2853.5241
60393,9929.9937,2093.3399
60394,9894.1052,2802.7365
60395,9888.3375,2874.2601
60396,9890.8476,2764.7667
60397,9904.8294,2981.5788
60398,9912.2456,2218.3726
60399,9920.5758,3119.3468
60400,9912.8651,2316.7834
60401,9915.7893,3015.8379
60402,9937.0586,2600.0442
60403,9939.7804,3043.5126
60404,9919.4623,2433.2694
60405,9939.0002,2515.3273
60406,9918.8042,2356.2082
60407,9912.6227,2709.5411
60408,9912.4522,2843.8004
60409,9930.4299,2106.2148
60410,9942.5014,2997.2495
60411,9934.4918,2650.9654
60412,9925.3431,2865.5965
60413,9948.3187,2719.4796
60414,9942.349,2691.7961
60415,9907.9342,2151.2908
60416,9910.9957,2108.5834
60417,9909.8717,2447.7503
60418,9933.1458,2969.1099
60419,9947.9571,3253.6734
60420,9944.075,2613.3119
60421,9940.8589,2081.5678
60422,9952.7255,3076.7183
60423,9948.3022,2641.694
60424,9911.4082,3216.4256
60425,9959.8752,2999.5432
60426,9942.8863,3085.9057
60427,9958.4595,2161.6047
60428,9953.0466,2389.7937
60429,9929.3214,2046.5978
60430,9944.9018,2519.2754
60431,9955.6152,2880.9892
60432,9966.092,3054.8429
60433,9952.6591,3046.9064
60434,9959.8486,2477.8291
60435,9921.6373,3154.717
60436,9945.4102,2442.7939
60437,9923.8229,3187.8994
60438,9945.4024,3181.7977
60439,9968.4965,2320.7714
60440,9929.6276,2622.1656
60441,9943.3374,2997.7102
60442,9951.6433,3161.7524
60443,9939.936,2748.4016
60444,9966.673,3213.9418
60445,9945.3308,3201.3669
60446,9952.4155,2831.9491
60447,9967.8685,2600.0553
60448,9934.0012,2144.9906
60449,9936.7613,2349.4103
60450,9957.6295,2726.9099
60451,9944.5823,3187.2914
60452,9983.6238,2401.6151
60453,9975.5583,2690.3757
60454,9959.3687,2173.7386
60455,9969.3783,2303.7572
60456,9979.1322,2426.3489
60457,9977.7742,2223.4813
60458,9943.5828,2440.9519
60459,9974.5812,2718.0264
60460,9955.6303,2541.5234
60461,9968.905,2608.6763
60462,9981.9402,2093.7714
60463,9991.8497,2276.272
60464,9980.7321,2344.054
60465,9963.0631,2775.9126
60466,9963.9036,3046.1827
60467,9978.5499,2837.6452
60468,9975.1282,2829.3812
60469,9954.0254,2537.6913
60470,9984.539,2073.5097
60471,9976.3128,2693.7872
60472,9969.1302,3000.4933
60473,10001.9137,2382.799
60474,9976.021,2629.4115
60475,9974.6796,3090.8418
60476,9987.8824,2705.0619
60477,9957.9426,2972.7185
60478,9989.0875,2083.6542
60479,9959.8646,2228.7543
60480,10008.5395,2454.3585
60481,9993.1421,3080.4949
60482,9985.6552,2922.2022
60483,9974.5239,3058.6942
60484,10004.1417,3216.1528
60485,10008.164,3019.123
60486,9965.8658,2245.2384
60487,9988.1566,2887.9538
60488,9972.8275,2236.9345
60489,10003.0808,2269.9004
60490,10004.5066,3032.5704
60491,9993.7217,3166.5773
60492,9977.8955,2702.5676
60493,10013.9891,2222.7293
60494,10020.9947,3209.0523
60495,9991.245,3081.5925
60496,9987.694,2362.3051
60497,9984.3144,3058.9384
60498,10008.4801,2609.5783
60499,10005.0701,2694.3172
60500,9999.3683,2370.1852
60501,9996.2326,2082.5602
60502,9991.8039,3276.4931
60503,10018.2552,2384.5957
60504,10028.3885,2824.2253
60505,10030.6238,2438.6645
60506,9993.8173,2797.0168
60507,10009.0496,2788.0417
60508,10030.232,2614.4783
60509,10021.755,2370.604
60510,10017.2603,2590.9183
60511,9993.3816,3011.8353
60512,10032.1661,3255.9846
60513,10034.0257,2791.4742
60514,10012.0345,2438.3759
60515,10030.6857,3263.3705
60516,10024.278,2689.0792
60517,10031.043,2693.6458
60518,10001.0759,3048.5844
60519,10043.2558,3149.4895
60520,10010.4861,2900.7258
60521,10023.6055,2144.0391
60522,10025.1587,3200.8842
60523,10042.1484,2768.7801
60524,10044.4108,3281.7339
60525,10035.0111,2920.2137
60526,10031.0391,2992.8733
60527,10049.5925,3010.5416
60528,10010.9081,3268.5989
60529,10033.5021,2641.7419
60530,10047.1804,2377.2106
60531,10030.8475,2384.4776
60532,10026.5688,3285.2418
60533,10029.6919,2276.9182
60534,10038.1266,2403.7438
60535,10045.1852,2345.99
60536,10021.6377,2053.6653
60537,10044.5876,2404.0581
60538,10056.3342,2731.7111
60539,10035.0647,2204.4961
60540,10024.7454,2211.3897
60541,10065.6357,2495.0156
60542,10059.5986,2323.9011
60543,10045.638,3255.4509
60544,10061.1952,2391.7475
60545,10026.3938,2361.0213
60546,10036.6556,3220.0164
60547,10064.5116,2496.7875
60548,10060.3215,3034.3723
60549,10050.6578,2674.7706
60550,10046.6451,2934.2665
60551,10058.2953,2488.5973
60552,10026.3036,3093.0005
60553,10058.5617,2769.2936
60554,10030.98,3018.493
60555,10051.0935,3295.9166
60556,10076.0166,2435.3018
60557,10067.1084,3193.4427
60558,10065.623,3292.1647
60559,10046.0203,2765.2777
60560,10044.5933,2642.9147
60561,10038.7948,2197.6944
60562,10068.7883,3069.0963
60563,10069.0519,2639.131
60564,10075.4539,2644.2263
60565,10074.8676,2545.3318
60566,10086.2935,2951.1342
60567,10087.6967,2293.8163
60568,10046.5327,2195.304
60569,10062.5208,2343.76
60570,10049.3986,2833.438
60571,10045.034,2283.6108
60572,10076.3522,3048.377
60573,10089.1306,3097.2197
60574,10069.0495,2148.9368
60575,10064.9754,3163.3409
60576,10056.3239,2271.5329
60577,10067.6685,3112.2092
60578,10079.8443,3139.4171
60579,10071.4544,2944.834
60580,10068.4776,2948.2292
60581,10093.1889,3259.143
60582,10092.3011,2785.5838
60583,10080.4606,2555.1574
60584,10101.0611,3074.9218
60585,10085.4772,2699.1742
60586,10064.6927,2772.4591
60587,10107.8578,3260.3916
60588,10107.6561,2434.1437
60589,10090.5517,2258.6052
60590,10090.3234,2790.8522
60591,10072.7918,3146.4142
60592,10071.6984,3169.9405
60593,10074.8796,3195.1924
60594,10112.798,3052.2588
60595,10071.2926,3024.4347
60596,10084.1085,3033.7654
60597,10080.1884,2710.5486
60598,10077.0354,2220.8676
60599,10120.0583,3214.9049
60600,10115.7823,2316.922
60601,10096.1968,3255.0183
60602,10099.1651,2419.5851
60603,10126.3917,2321.9099
60604,10100.0929,2239.9429
60605,10086.3739,2693.9733
60606,10098.0398,2583.2413
60607,10081.6967,3224.044
60608,10086.0984,2934.1706
60609,10109.0234,2912.0788
60610,10086.0992,2979.7426
60611,10120.0905,2899.1701
60612,10100.5953,3257.8839
60613,10110.3147,2863.3719
60614,10137.1016,2235.5069
60615,10126.2292,3037.3068
60616,10106.1662,3075.6482
60617,10094.1986,2217.6549
60618,10119.3218,2942.0053
60619,10110.0317,2976.4821
60620,10119.5269,2456.8445
60621,10101.9344,3031.2271
60622,10125.5324,3078.1417
60623,10109.6454,2984.2901
60624,10123.0637,2317.6656
60625,10150.0713,2893.6339
60626,10151.6443,2307.8225
60627,10116.2525,2951.9222
60628,10125.389,3107.0484
60629,10150.8419,2093.1349
60630,10109.633,3321.2979
60631,10110.9584,3017.1077
60632,10121.4191,2157.7091
60633,10136.7689,3032.9899
60634,10113.4031,2619.8881
60635,10148.0282,3123.9121
60636,10153.5311,2459.5589
60637,10159.4588,2339.8282
60638,10123.1087,2684.9639
60639,10153.6903,2938.555
60640,10144.1868,3209.7755
60641,10120.9648,3090.1647
60642,10148.6717,2617.7333
60643,10125.1716,2222.8274
60644,10142.587,3072.76
60645,10151.7555,2932.5216
60646,10127.0021,3182.6633
60647,10169.6167,2508.1754
60648,10149.0613,3317.6546
60649,10139.2555,3018.8645
60650,10163.5639,2431.8093
60651,10162.8678,3315.2783
60652,10161.7149,2232.0115
60653,10176.0537,3081.7112
60654,10154.7693,2417.4879
60655,10154.5149,2529.9311
60656,10183.1182,2196.8199
60657,10155.1856,2268.5319
60658,10138.1023,2491.0271
60659,10153.7364,2913.4283
60660,10164.4296,2833.0207
60661,10178.2891,3269.3066
60662,10156.9065,2497.1858
60663,10150.5866,2954.2736
60664,10150.5185,3266.18
60665,10162.7818,2306.2891
60666,10188.2933,2780.8587
60667,10162.0392,3094.3852
60668,10161.7586,2350.6544
60669,10181.7263,2811.7091
60670,10177.1474,2354.3191
60671,10150.5045,2547.2182
60672,10199.3305,2380.821
60673,10170.2558,3312.7155
60674,10190.2967,3223.3117
60675,10160.8812,3199.4177
60676,10156.6787,2557.2096
60677,10161.7118,2596.7302
60678,10202.0014,3210.7374
60679,10170.6851,2366.2238
60680,10195.9856,3290.8406
60681,10186.6123,2629.7095
60682,10207.3954,2983.0068
60683,10212.105,2469.8637
60684,10195.6883,3129.1572
60685,10195.1112,3233.8461
60686,10192.7688,2577.233
60687,10169.9594,2498.9676
60688,10179.2433,2643.4415
60689,10209.9218,2663.3525
60690,10173.8324,2260.0586
60691,10201.0455,2804.2809
60692,10187.5863,3084.3468
60693,10178.4572,3219.7724
60694,10200.5705,2571.3933
60695,10176.8336,2999.0699
60696,10227.6569,2705.1974
60697,10181.2302,2256.6513
60698,10229.81,3175.1852
60699,10219.2321,2982.1335
60700,10196.0332,2419.3999
60701,10219.452,2313.5343
60702,10195.0996,3310.9057
60703,10192.6382,2770.285
60704,10202.8138,3039.6705
60705,10196.566,2789.2259
60706,10200.3646,3056.0022
60707,10238.4729,3087.8002
60708,10194.2402,2840.939
60709,10203.4248,3217.0355
60710,10214.6378,2930.315
60711,10214.9884,2433.4547
60712,10227.1057,2331.6113
60713,10232.2195,3156.9563
60714,10238.1098,3280.5462
60715,10211.9596,2479.385
60716,10214.9332,3173.3322
60717,10223.233,2556.3903
60718,10243.6521,3327.4717
60719,10227.7529,2925.6415
60720,10245.1403,2445.2683
60721,10217.5758,2712.6547
60722,10220.979,2100.6261
60723,10243.5193,2107.8645
60724,10225.9317,3356.8209
60725,10235.5238,2774.1699
60726,10239.7071,3338.8752
60727,10256.5751,3018.9972
60728,10250.5643,2348.1638
60729,10223.8322,3343.8019
60730,10232.4035,2266.7852
60731,10226.0969,2153.4504
60732,10246.4155,2177.067
60733,10251.4965,3328.5748
60734,10236.9876,2232.675
60735,10268.7225,2758.7376
60736,10245.3889,2677.5409
60737,10264.9339,2379.9615
60738,10273.5884,3204.3025
60739,10248.1332,2112.113
60740,10245.7236,3298.738
60741,10260.9909,2291.7871
60742,10277.3384,2443.654
60743,10244.8013,3190.2786
60744,10258.2178,3057.2113
60745,10265.8384,3129.7127
60746,10281.4349,2399.7671
60747,10246.9853,2612.8526
60748,10262.1391,3367.7107
60749,10262.8675,2853.5873
60750,10287.7352,2454.458
60751,10263.6085,2780.874
60752,10253.6354,2833.6116
60753,10284.4019,3301.7419
60754,10268.5206,2573.79
60755,10271.0138,3216.7918
60756,10295.3502,2688.1201
60757,10258.3413,2954.2972
60758,10284.106,3295.0391
60759,10258.255,2182.9036
60760,10293.3129,2635.3916
60761,10255.6831,2432.2312
60762,10254.8593,3146.9347
60763,10271.6847,2679.5457
60764,10265.3602,2403.9771
60765,10271.5349,2286.5694
60766,10271.7363,2314.4774
60767,10302.6463,3301.1157
60768,10279.8687,2118.4771
60769,10265.6024,3178.6961
60770,10269.4684,3099.2086
60771,10306.6831,3323.9379
60772,10284.5033,2218.834
60773,10274.9688,2290.2559
60774,10277.7914,2234.1879
60775,10302.3967,2853.8914
60776,10314.5149,3188.59
60777,10271.9778,2333.9438
60778,10299.2813,2234.8454
60779,10312.2747,3166.6397
60780,10281.2261,2100.3373
60781,10307.8102,3265.2485
60782,10318.9244,2421.6498
60783,10305.1728,2427.3952
60784,10299.3171,2464.6192
60785,10319.8551,3360.6386
60786,10324.2342,3096.5809
60787,10314.371,2657.831
60788,10319.0567,3265.6534
60789,10312.8702,3194.6592
60790,10331.1651,2942.5805
60791,10313.229,2395.2696
60792,10304.1666,2884.2037
60793,10323.8747,3349.8404
60794,10322.2186,2931.7315
60795,10320.6757,2297.1963
60796,10299.7533,3365.7676
60797,10322.1477,3199.2906
60798,10320.8879,2442.2209
60799,10310.0042,2337.5557
60800,10313.1385,2196.8415
60801,10312.2403,2690.158
60802,10344.8511,2109.3291
60803,10330.9787,2661.6007
60804,10332.1067,2728.8351
60805,10314.7522,2190.4728
60806,10307.6256,2938.7208
60807,10316.9064,2652.4979
60808,10351.4858,2504.3667
60809,10328.0263,2531.1499
60810,10318.8032,2504.3709
60811,10353.6213,3001.4361
60812,10357.9211,2566.6186
60813,10348.5648,3275.562
60814,10337.0477,2920.9335
60815,10327.9249,2912.9361
60816,10324.4474,2703.9924
60817,10348.5291,2146.8245
60818,10362.4587,2877.4139
60819,10343.5308,2601.2973
60820,10345.3752,2503.5084
60821,10357.9955,2261.1029
60822,10339.8365,2574.9907
60823,10356.3206,3103.1928
60824,10362.3356,2827.9886
60825,10326.3871,2457.3563
60826,10331.5444,2727.4991
60827,10327.8504,3349.3926
60828,10376.555,3184.8602
60829,10353.4263,3401.7013
60830,10355.2103,3049.7124
60831,10372.9773,2477.2023
60832,10374.318,2468.3539
60833,10373.6773,2936.6459
60834,10352.4183,3013.3402
60835,10351.1719,2699.5077
60836,10367.3727,3214.7276
60837,10356.0751,3204.2712
60838,10360.5692,3360.1349
60839,10379.3225,2583.3295
60840,10349.156,2749.6814
60841,10356.6049,3093.887
60842,10360.4202,2736.5942
60843,10346.5965,2739.6535
60844,10385.4222,3385.7822
60845,10397.762,3166.0571
60846,10393.8377,2831.6541
60847,10366.5223,2108.6993
60848,10382.3619,2943.7542
60849,10370.3416,2902.3588
60850,10355.9955,2731.67
60851,10356.3016,2569.1069
60852,10396.0647,2232.5808
60853,10392.6319,2516.879
60854,10379.6281,3346.2466
60855,10385.0423,3057.7019
60856,10397.5503,2970.3983
60857,10395.5235,2621.4802
60858,10382.4754,2685.6712
60859,10377.3684,2132.6245
60860,10404.3897,3211.4152
60861,10406.9817,3322.2577
60862,10379.6738,3387.424
60863,10374.6153,2826.0917
60864,10371.1752,2806.8823
60865,10397.7953,3369.003
60866,10397.5905,3180.2322
60867,10388.5531,2863.4689
60868,10395.0237,2748.6329
60869,10418.8883,3008.5343
60870,10378.2662,2644.4059
60871,10429.4903,2137.2145
60872,10426.134,2965.5444
60873,10409.7421,2983.8129
60874,10406.8953,2698.7283
60875,10383.891,3070.716
60876,10399.5557,3405.4602
60877,10392.7067,2689.9201
60878,10408.422,2178.9347
60879,10398.6822,2802.5929
60880,10424.1264,3416.5807
60881,10422.1335,2336.0892
60882,10395.1256,2524.7022
60883,10444.9028,3348.1655
60884,10430.9222,2920.421
60885,10425.8463,3036.6074
60886,10432.7315,2672.3905
60887,10440.1309,2288.1709
60888,10415.3318,2725.1229
60889,10438.8765,3035.7722
60890,10406.0031,2943.3155
60891,10446.1687,2845.8372
60892,10442.6516,3295.2046
60893,10443.3061,2636.4851
60894,10440.6081,3142.3775
60895,10450.5466,2239.5626
60896,10441.7368,2501.3387
60897,10435.565,2646.4545
60898,10455.9878,2385.2747
60899,10426.7118,3343.0903
60900,10413.6582,2145.02
60901,10454.8662,3080.9568
60902,10419.9335,2723.5771
60903,10443.1809,2388.0032
60904,10456.7156,3058.1087
60905,10440.6348,2937.0146
60906,10421.8296,3310.8648
60907,10449.9433,2739.8697
60908,10438.5236,3209.0376
60909,10458.7017,2856.0502
60910,10435.3715,2879.1025
60911,10429.2925,2690.1903
60912,10455.4744,2889.7962
60913,10443.8375,2964.6375
60914,10448.6338,3080.6609
60915,10473.7646,2529.3501
60916,10458.7314,3119.9438
60917,10465.0512,2165.1804
60918,10435.2828,2136.322
60919,10455.237,2646.1984
60920,10458.7974,2217.0553
60921,10483.7701,3210.8331
60922,10469.6602,3413.8061
60923,10451.2358,2407.4809
60924,10450.4077,2892.0643
60925,10451.3423,2389.8551
60926,10479.5539,2701.3178
60927,10461.0478,2248.6461
60928,10487.6098,2151.8235
60929,10454.0706,3247.9835
60930,10457.1724,2825.5413
60931,10497.1848,2298.5542
60932,10471.5871,3349.7898
60933,10481.2028,2757.2596
60934,10468.8087,2305.9396
60935,10459.3152,2719.9283
60936,10481.4247,2638.8449
60937,10480.0722,3196.0223
60938,10483.3507,3427.8458
60939,10463.453,2354.3421
60940,10484.026,2851.9962
60941,10493.3631,3437.8322
60942,10497.6358,2900.6808
60943,10465.8447,2560.2076
60944,10504.129,3344.4122
60945,10501.686,2395.7702
60946,10470.7241,3044.8557
60947,10521.1488,3111.0714
60948,10497.316,2338.9863
60949,10510.4127,2168.9529
60950,10500.1292,2348.5168
60951,10490.008,2891.2092
60952,10498.7246,2583.1586
60953,10489.9193,3235.8585
60954,10498.9936,2594.4704
60955,10486.1564,3088.6065
60956,10495.4154,3097.7702
60957,10486.1021,3332.0192
60958,10523.9492,2734.0519
60959,10520.4176,2569.5093
60960,10497.2333,3301.6657
60961,10498.1019,3084.8307
60962,10528.8608,2781.8298
60963,10501.913,2393.6955
60964,10534.8163,3251.4118
60965,10512.0567,3402.0167
60966,10510.9175,2768.9193
60967,10538.4897,3457.3576
60968,10500.7841,3224.7527
60969,10511.9789,2805.1755
60970,10515.1026,2327.7088
60971,10549.8039,2565.2654
60972,10536.0482,2377.6151
60973,10505.2843,3283.8444
60974,10504.3593,2618.347
60975,10513.748,2821.9831
60976,10504.1709,2912.8045
60977,10518.5486,3442.0809
60978,10555.2017,3281.8773
60979,10540.12,2238.0332
60980,10552.9927,3249.2781
60981,10533.311,2758.576
60982,10519.6041,2774.5601
60983,10520.0525,3109.8153
60984,10558.3844,3213.1405
60985,10562.8287,2215.5729
60986,10530.9832,2895.034
60987,10552.8241,3021.7169
60988,10518.7829,2825.8036
60989,10551.5448,2340.8513
60990,10525.0609,2993.6017
60991,10569.5839,2624.104
60992,10534.4761,2475.8204
60993,10560.0259,2850.9583
60994,10552.7851,2494.9017
60995,10544.5976,2144.1823
60996,10564.8264,2599.9119
60997,10558.3624,3161.1592
60998,10548.4194,3149.521
60999,10542.9614,3248.7338
61000,10537.7711,2450.7474
61001,10563.5034,3423.1482
61002,10569.2349,2595.4546
61003,10576.2056,3464.8397
61004,10557.4201,2407.2814
61005,10573.9173,2664.3504
61006,10568.1842,2950.4127
61007,10547.3909,3293.9096
61008,10557.1193,2568.2857
61009,10589.8427,2255.837
61010,10556.4239,3124.4648
61011,10555.9594,2516.5287
61012,10579.1948,2645.6198
61013,10567.6378,3436.8578
61014,10571.7068,3296.2921
61015,10569.1105,2800.1427
61016,10576.9463,2818.3116
61017,10558.8852,2523.4228
61018,10560.2506,3357.668
61019,10586.9724,2900.9056
61020,10591.9479,2790.7294
61021,10584.2403,3271.9218
61022,10603.5176,2892.9728
61023,10563.5735,2517.9999
61024,10601.2747,3180.8997
61025,10563.1343,2444.0069
61026,10566.6073,2376.2557
61027,10607.1555,3207.0203
61028,10582.016,2896.7817
61029,10594.3309,3371.6128
61030,10588.4546,2891.3328
61031,10571.9101,3018.0159
61032,10619.5257,2941.7433
61033,10582.146,2967.9624
61034,10591.6589,2450.6195
61035,10598.0633,3375.8602
61036,10610.2828,2380.4884
61037,10590.549,2454.0639
61038,10588.1277,3402.607
61039,10611.1638,2734.7777
61040,10600.1265,3221.2048
61041,10598.1868,3076.5957
61042,10592.8618,3413.8422
61043,10603.0788,2840.861
61044,10617.7852,2270.7419
61045,10627.8177,2367.8592
61046,10592.412,2879.3724
61047,10624.012,2445.9558
61048,10607.3935,2692.6313
61049,10623.6847,2227.5177
61050,10623.3349,3095.618
61051,10634.1365,2629.3963
61052,10601.4671,3470.7144
61053,10646.5324,2549.3326
61054,10634.0974,3456.5011
61055,10604.4684,3465.9246
61056,10648.3789,3112.4461
61057,10637.4099,3093.831
61058,10609.7514,2178.7049
61059,10622.1441,2694.264
61060,10622.4195,2679.6498
61061,10633.1138,3295.2572
61062,10642.3353,3330.8151
61063,10641.641,2755.6796
61064,10613.4918,2682.7519
61065,10662.2914,2849.3236
61066,10652.0271,3224.2423
61067,10626.3289,2280.8493
61068,10654.6085,2743.3901
61069,10662.2334,3221.0071
61070,10615.8868,3291.286
61071,10662.3905,3488.5657
61072,10633.9904,3063.278
61073,10647.9773,2203.3354
61074,10660.4048,3119.4368
61075,10623.0098,3246.5385
61076,10673.3724,3272.2869
61077,10633.8244,2990.595
61078,10631.195,3010.3788
61079,10662.6735,2363.3678
61080,10657.067,2887.9537
61081,10677.4719,2223.8746
61082,10665.1816,3047.0763
61083,10631.0601,2902.2875
61084,10652.2853,2551.8891
61085,10657.4742,2329.3492
61086,10654.4635,2555.2891
61087,10682.6113,3085.4192
61088,10641.7497,2865.5494
61089,10659.2253,3439.5212
61090,10667.1982,2935.4837
61091,10648.0235,2544.8795
61092,10664.9631,3446.0009
61093,10692.5579,3503.8577
61094,10684.4454,2974.5074
61095,10666.2874,2966.737
61096,10667.9684,3280.8285
61097,10657.4116,2536.7587
61098,10683.3194,3429.1724
61099,10694.7148,3193.8531
61100,10697.0926,2835.0513
61101,10677.9167,2921.4685
61102,10657.5527,3288.9115
61103,10703.8729,2341.2314
61104,10707.2277,3128.3356
61105,10691.8876,3053.0557
61106,10665.9948,2994.3525
61107,10660.8255,2998.5905
61108,10705.9642,2438.7372
61109,10712.0913,2342.5649
61110,10689.2546,2823.3806
61111,10715.7175,3039.3042
61112,10703.8857,2938.6607
61113,10691.8005,2327.3367
61114,10693.8185,3031.29
61115,10713.8866,3029.4493
61116,10702.1298,3175.9087
61117,10683.2625,2431.0775
61118,10700.8746,2313.1435
61119,10723.1925,2859.5435
61120,10704.3495,3353.0209
61121,10709.2944,2439.8728
61122,10680.8075,2728.652
61123,10703.2976,3361.0334
61124,10695.9215,2891.0136
61125,10701.5649,2701.3312
61126,10732.8333,3468.5512
61127,10703.9012,3329.0403
61128,10706.5325,3050.7446
61129,10729.6954,2548.4532
61130,10690.2804,3072.8503
61131,10704.2202,2590.1254
61132,10710.4082,3222.1702
61133,10723.929,2506.0385
61134,10722.0054,3074.5991
61135,10698.5415,2748.8819
61136,10700.9283,2507.1602
61137,10701.5998,3509.95
61138,10740.4628,3447.2117
61139,10732.1124,3462.3984
61140,10719.3085,2571.0735
61141,10725.8903,2675.9106
61142,10721.0857,3335.0111
61143,10716.4551,2676.0658
61144,10742.0221,2369.4827
61145,10735.3049,3517.0617
61146,10718.6562,3521.7899
61147,10713.2707,3056.8955
61148,10741.5596,2486.8111
61149,10739.4264,2498.3465
61150,10717.0646,2670.5323
61151,10749.8434,3325.0418
61152,10721.7515,2521.6422
61153,10715.8821,2444.9337
61154,10731.8269,2230.6055
61155,10737.7744,2383.5727
61156,10757.4719,3266.4237
61157,10768.8943,2852.1042
61158,10719.1345,2660.0137
61159,10720.1438,3064.4664
61160,10767.0996,2594.4566
61161,10731.6099,3422.8807
61162,10723.9582,2894.1785
61163,10766.3438,2786.3426
61164,10724.8514,2491.0986
61165,10769.2941,2994.8285
61166,10753.0876,3385.1634
61167,10779.7674,3417.4885
61168,10765.8711,3433.8859
61169,10773.3458,2870.4056
61170,10756.2299,2450.5051
61171,10739.8513,2540.0797
61172,10753.4941,3063.923
61173,10739.7689,3454.3017
61174,10781.3179,3342.5258
61175,10757.9391,3205.807
61176,10757.9591,2263.6211
61177,10738.7105,2967.9402
61178,10755.3635,3056.995
61179,10764.9204,3031.632
61180,10749.0313,2967.5676
61181,10750.3979,3031.3036
61182,10767.9472,2789.1128
61183,10760.3057,3114.3819
61184,10746.8493,3197.2195
61185,10782.4992,3060.9135
61186,10798.8089,2219.7824
61187,10749.159,2654.527
61188,10802.7336,2305.1696
61189,10752.9205,2748.2605
61190,10798.6181,3503.2732
61191,10788.9943,2387.0333
61192,10767.2893,3310.293
61193,10776.1124,2397.1993
61194,10800.95,3501.3608
61195,10782.4211,2689.1627
61196,10766.343,3046.176
61197,10783.5572,3471.3062
61198,10813.3501,2915.1525
61199,10788.575,3079.4969
61200,10786.8976,3104.6822
61201,10779.4645,2255.965
61202,10788.9879,3330.905
61203,10781.3131,3421.9564
61204,10804.2021,2996.8034
61205,10774.339,2912.7632
61206,10778.3407,2609.8815
61207,10780.8103,3189.9292
61208,10781.8613,2615.0431
61209,10812.5783,3038.3767
61210,10797.0994,3442.6572
61211,10807.0145,3280.1153
61212,10788.9329,3094.097
61213,10790.6225,3505.6219
61214,10793.2415,3360.7291
61215,10811.2077,2497.9871
61216,10814.8795,3105.7699
61217,10829.3551,2477.2695
61218,10828.8348,2927.1037
61219,10823.849,2692.9701
61220,10829.8352,2721.8327
61221,10814.4138,2382.0741
61222,10802.9867,2536.254
61223,10796.729,3205.9505
61224,10835.9119,2724.3092
61225,10832.7026,2776.6012
61226,10843.7511,3391.8544
61227,10836.1527,2589.4356
61228,10837.7967,3222.5956
61229,10826.1506,2386.0573
61230,10848.0856,3282.6879
61231,10832.2492,2918.8664
61232,10842.4756,3283.2925
61233,10832.4569,2771.2192
61234,10805.0523,2582.6347
61235,10805.2574,2428.7248
61236,10848.9336,2847.2372
61237,10804.6473,3425.0692
61238,10831.5788,2932.9266
61239,10843.9411,3534.9414
61240,10837.4046,2970.0508
61241,10814.3634,2713.018
61242,10812.1573,3117.7921
61243,10816.4272,3486.1099
61244,10845.0698,2613.5876
61245,10838.432,3561.7445
61246,10848.2802,3500.3444
61247,10838.062,2623.646
61248,10853.0849,3121.564
61249,10845.3604,2321.5262
61250,10822.4583,2448.8798
61251,10852.8179,2860.475
61252,10831.222,3131.3587
61253,10834.9125,2706.9607
61254,10822.0415,3439.4198
61255,10854.8944,2583.2653
61256,10837.5792,2747.9633
61257,10876.0392,2887.0598
61258,10876.249,2489.6224
61259,10837.9712,3288.9298
61260,10867.7569,2626.9222
61261,10865.679,2474.9139
61262,10872.7166,2301.3406
61263,10844.7688,3381.9217
61264,10870.9172,3447.8691
61265,10875.4869,2785.6737
61266,10854.7565,3235.1504
61267,10847.5633,3030.2927
61268,10841.3836,3357.9809
61269,10856.9431,2238.6383
61270,10872.6347,2371.3938
61271,10861.6064,2520.9261
61272,10841.3872,2542.7695
61273,10874.5731,3463.4305
61274,10874.6391,2668.2224
61275,10863.6355,3141.7745
61276,10873.7894,2392.2952
61277,10867.8053,3056.4693
61278,10848.9983,3460.8191
61279,10892.1713,3486.949
61280,10902.4976,2328.1172
61281,10870.8652,2875.8168
61282,10863.432,2676.5599
61283,10873.5407,3300.2226
61284,10854.5552,3258.0409
61285,10867.9757,2984.6251
61286,10881.6568,3205.5825
61287,10887.1411,2979.9214
61288,10866.5943,2947.0245
61289,10909.895,2420.9385
61290,10896.9703,2601.8056
61291,10914.7709,3538.9178
61292,10880.6059,2944.8309
61293,10899.0611,2757.4441
61294,10916.3514,3404.6059
61295,10866.3875,2918.4215
61296,10881.8151,2449.8091
61297,10871.9208,2232.357
61298,10912.0264,2416.0935
61299,10913.9802,3370.2675
61300,10913.5675,2898.5307
61301,10871.6142,3341.1979
61302,10891.7434,2283.302
61303,10881.1511,3500.2071
61304,10917.345,3064.6663
61305,10896.9551,3364.9159
61306,10892.2387,3123.1031
61307,10882.1718,2892.948
61308,10925.7933,2381.5056
61309,10924.1475,2299.7419
61310,10927.5049,2359.2503
61311,10903.2691,3575.5087
61312,10914.8774,3521.0694
61313,10918.4634,3390.7861
61314,10921.5975,2911.0188
61315,10900.9475,3203.3105
61316,10931.0682,2262.4009
61317,10924.7456,2732.5352
61318,10888.9481,2687.8069
61319,10931.4578,3222.2325
61320,10944.4606,3301.4908
61321,10939.0329,2499.1557
61322,10930.0837,3276.4422
61323,10898.3795,2576.4579
61324,10939.6246,3395.1876
61325,10941.1656,2897.1244
61326,10926.664,2313.9206
61327,10946.1199,3140.286
61328,10949.2468,3039.3326
61329,10950.9721,3171.4914
61330,10934.1508,3014.3605
61331,10932.4655,3579.4167
61332,10940.5181,3369.8957
61333,10924.4714,2992.1274
61334,10906.9746,3154.6512
61335,10941.987,3303.6154
61336,10935.9563,2931.9128
61337,10912.2402,2709.942
61338,10959.3739,3348.169
61339,10935.4608,2766.5177
61340,10938.7831,3476.047
61341,10932.2327,2361.4185
61342,10965.0093,3451.4828
61343,10943.4515,3095.2824
61344,10939.2304,3231.0619
61345,10942.1698,3191.7928
61346,10931.983,3129.2764
61347,10957.9154,3119.1843
61348,10969.5786,3025.075
61349,10952.3447,2256.9074
61350,10967.5485,2882.1761
61351,10941.2879,2446.6581
61352,10967.2281,2982.5918
61353,10960.705,2834.1632
61354,10963.1181,2547.4387
61355,10954.002,3469.1878
61356,10974.0602,3200.8368
61357,10942.7146,3200.9542
61358,10967.3165,2522.7853
61359,10972.3479,2882.2977
61360,10977.7769,2536.2899
61361,10968.3816,3324.908
61362,10955.8613,2573.831
61363,10964.7763,2629.46
61364,10946.0555,3276.4583
61365,10943.8029,3281.4221
61366,10941.02,3508.4482
61367,10964.6832,3361.1746
61368,10957.2529,2982.5639
61369,10969.9382,3276.7528
61370,10978.0119,2973.4845
61371,10951.6572,3297.3284
61372,10959.2139,3325.11
61373,10988.9081,2732.482
61374,10980.5312,2693.1286
61375,10963.6267,3027.7529
61376,10953.1888,2540.8571
61377,10988.868,2614.4588
61378,11001.5518,3311.8375
61379,10962.0901,2418.1728
61380,10998.1155,2882.6642
61381,10976.3535,2622.7919
61382,10988.3186,3402.8923
61383,10984.7475,2733.5401
61384,11007.9009,3579.5202
61385,11005.8096,2787.5799
61386,10995.4061,3351.9367
61387,10961.3155,3084.134
61388,10971.2631,3095.9562
61389,10969.6638,3295.0597
61390,10967.7202,2922.5716
61391,11006.4611,2793.5599
61392,11011.4113,2372.6703
61393,11015.3958,2587.3903
61394,11017.2284,3599.0174
61395,11001.1851,3047.5579
61396,10986.8951,3272.6393
61397,10985.3411,2307.5839
61398,10989.9284,2767.3896
61399,10998.2085,2397.6195
61400,10973.4332,2934.887
61401,11003.9615,3378.5855
61402,11001.5986,3174.4882
61403,10985.1231,3517.1977
61404,11021.4122,3059.6485
61405,11001.5952,3575.9787
61406,10988.6709,3370.2674
61407,11018.4149,3151.7965
61408,11004.4637,3063.204
61409,11019.375,3446.4797
61410,11006.6915,2642.7918
61411,10994.0515,3442.2371
61412,11023.9911,3511.4076
61413,11018.8542,2604.8128
61414,11032.4632,2776.6579
61415,11018.2548,2668.7233
61416,10993.2057,3103.1603
61417,11022.5446,2678.8756
61418,11042.2057,3394.0929
61419,11000.9304,2478.8003
61420,11007.6969,3282.7797
61421,11042.9068,2786.2717
61422,11021.2507,2380.6614
61423,11043.0995,2615.2808
61424,10997.9438,2830.4574
61425,11047.81,3508.4952
61426,11028.8983,2693.3355
61427,11002.4705,3503.8731
61428,11016.1092,3296.7346
61429,11005.4622,3116.1169
61430,11024.0579,2602.677
61431,11037.3894,3138.5517
61432,11014.1478,3427.1022
61433,11021.7468,2750.2131
61434,11009.7757,3571.1726
61435,11019.5258,2811.8663
61436,11008.7949,3515.3521
61437,11025.0803,2347.5634
61438,11057.6695,2763.5593
61439,11030.299,2348.3861
61440,11053.3034,2487.7879
61441,11053.3538,3187.6411
61442,11034.8745,2348.1974
61443,11042.4042,3182.8208
61444,11034.1,3486.4319
61445,11056.3042,3140.3243
61446,11068.4238,3241.1427
61447,11029.9777,3084.1253
61448,11040.8583,3289.4628
61449,11056.2241,3480.7955
61450,11070.9964,2605.6309
61451,11022.2744,2490.0182
61452,11044.164,3624.8435
61453,11061.0269,2478.3441
61454,11049.4538,2892.5587
61455,11024.616,2592.4712
61456,11068.2869,2643.396
61457,11077.0886,2324.0954
61458,11065.8242,2789.648
61459,11032.6793,3579.7868
61460,11073.4613,3023.5983
61461,11052.2553,2442.4429
61462,11031.5715,3337.1236
61463,11048.5389,3576.8255
61464,11040.4106,2379.7297
61465,11046.1195,2480.2161
61466,11085.8167,2543.1473
61467,11051.8925,3563.2804
61468,11036.697,3012.0445
61469,11088.4135,3095.7389
61470,11084.1607,3070.2717
61471,11073.3346,2418.5334
61472,11044.8671,2856.2333
61473,11077.7738,2821.7661
61474,11082.4846,3483.6038
61475,11079.0048,3449.4103
61476,11097.2172,3474.8337
61477,11083.1186,3561.6598
61478,11049.7436,2966.5609
61479,11095.6633,3242.4066
61480,11088.6521,2843.7337
61481,11092.3703,2702.9857
61482,11058.0013,2864.8176
61483,11090.8815,3253.7366
61484,11068.6371,3577.7507
61485,11067.8219,3349.3559
61486,11081.2613,3223.7025
61487,11103.4584,3308.4077
61488,11101.1693,3607.3621
61489,11084.5426,3548.887
61490,11082.8097,2865.7084
61491,11106.9034,2877.9629
61492,11077.6231,2595.6578
61493,11069.3883,3072.2916
61494,11109.1739,2895.8743
61495,11104.3225,2550.5504
61496,11073.4108,2963.7074
61497,11083.2185,3254.2956
61498,11068.0287,2546.266
61499,11081.0278,2904.1243
61500,11084.3021,3612.3795
61501,11115.5535,3633.5967
61502,11089.2554,3092.463
61503,11070.8324,2883.1317
61504,11122.4712,3374.0265
61505,11081.4835,2840.0303
61506,11118.1745,3551.0621
61507,11078.4339,2981.8049
61508,11112.721,2645.4002
61509,11129.2648,3630.4655
61510,11096.1756,2773.9708
61511,11129.6477,3062.6993
61512,11126.6227,3646.9596
61513,11112.9846,2927.5233
61514,11084.5097,3496.2392
61515,11094.8428,3265.2986
61516,11126.0761,3523.1355
61517,11099.8989,3239.3943
61518,11100.8612,2541.8398
61519,11111.3342,2653.4114
61520,11119.3932,2733.4044
61521,11091.8333,2583.5631
61522,11122.1932,2620.4492
61523,11124.5901,3108.4411
61524,11135.0876,2594.5371
61525,11089.7885,3052.371
61526,11126.6378,3638.63
61527,11144.3068,2429.1532
61528,11120.3359,3163.022
61529,11142.5627,3626.4079
61530,11126.3682,2591.9439
61531,11150.3744,2440.5095
61532,11102.8469,2534.6497
61533,11146.4713,2304.6965
61534,11107.4604,3567.9189
61535,11116.9935,3424.7477
61536,11102.8642,2581.8208
61537,11124.8605,3036.0404
61538,11104.4305,3233.7259
61539,11148.7265,3165.277
61540,11154.0045,2429.2634
61541,11119.6495,2677.1156
61542,11153.2309,2430.1484
61543,11158.5364,2549.0457
61544,11129.6246,2339.4553
61545,11126.1348,3627.1677
61546,11114.9394,2456.2141
61547,11160.6736,2841.182
61548,11126.2508,2482.281
61549,11164.2901,2800.4097
61550,11144.8941,2941.7016
61551,11146.3902,3113.0109
61552,11142.3912,2626.6173
61553,11125.599,2591.1589
61554,11156.8013,3429.9549
61555,11169.416,2870.6218
61556,11118.8326,3129.0231
61557,11133.262,2464.7021
61558,11134.1236,2603.9252
61559,11122.7592,2449.2314
61560,11166.8141,2425.4728
61561,11147.3349,2841.5662
61562,11163.2651,3203.5985
61563,11142.5735,2682.1288
61564,11136.124,3412.7217
61565,11156.2372,2372.1117
61566,11138.9341,2442.5486
61567,11154.3595,2449.4422
61568,11158.1609,3491.1872
61569,11154.8476,3462.0078
61570,11182.3338,2286.5943
61571,11179.3237,2468.1746
61572,11141.7816,2844.4652
61573,11146.6186,3468.9487
61574,11178.7056,3202.279
61575,11170.228,3604.8619
61576,11171.5879,3560.9871
61577,11162.8459,2397.8325
61578,11155.4759,3056.443
61579,11155.2528,3659.5036
61580,11176.3083,3351.6833
61581,11196.2066,3229.6386
61582,11155.3881,3261.4691
61583,11173.6761,2556.7795
61584,11158.247,2545.0876
61585,11174.9828,2724.4468
61586,11155.9864,3030.4106
61587,11148.2786,3023.4134
61588,11175.4064,2677.2427
61589,11189.8329,2917.1165
61590,11187.3242,2770.4796
61591,11169.3576,3283.5315
61592,11159.0197,2355.811
61593,11204.0602,3667.3947
61594,11162.892,2642.5316
61595,11160.5179,3601.9706
61596,11209.5861,3129.2522
61597,11204.36,2694.203
61598,11170.1424,3139.2219
61599,11177.165,3085.6234
61600,11188.2869,3206.6888
61601,11170.2572,2859.6465
61602,11170.0471,3597.7241
61603,11180.2293,2948.1094
61604,11212.3807,3486.776
61605,11204.0134,3314.8105
61606,11167.6646,2976.0185
61607,11219.7165,2583.6252
61608,11197.8743,2354.2725
61609,11200.8559,3415.5882
61610,11196.2169,2659.2078
61611,11178.8585,2994.9787
61612,11199.6754,3189.9754
61613,11190.7146,3361.7816
61614,11214.5214,2689.4774
61615,11172.1561,3004.3556
61616,11214.714,3469.3949
61617,11173.3148,2719.5429
61618,11207.0684,3108.4442
61619,11198.8281,2832.8875
61620,11190.2867,3158.8822
61621,11213.5332,2887.888
61622,11225.4012,3610.0504
61623,11212.1181,3272.8129
61624,11180.1373,3290.4507
61625,11231.966,3642.8128
61626,11215.6952,3630.5241
61627,11224.3608,2616.7783
61628,11193.2489,3012.04
61629,11194.452,2897.2621
61630,11187.8773,3511.7882
61631,11209.071,2578.0456
61632,11215.4206,2431.6436
61633,11212.6821,3550.515
61634,11236.4082,3277.2987
61635,11195.9845,2349.3381
61636,11205.7442,3223.2796
61637,11210.4574,3313.5316
61638,11219.4149,3323.3633
61639,11235.5021,2338.9153
61640,11204.0825,3615.2172
61641,11238.8094,3625.9209
61642,11203.1546,2441.6286
61643,11218.4459,3000.9828
61644,11198.9551,2404.8364
61645,11242.7081,2940.448
61646,11200.7448,2848.4947
61647,11242.7716,2360.8077
61648,11221.3622,2553.2819
61649,11247.3145,3461.0663
61650,11234.1708,2706.9094
61651,11255.0311,2904.1077
61652,11230.3573,3572.4454
61653,11243.2611,3578.9217
61654,11220.6381,3453.2443
61655,11253.7258,3660.1415
61656,11242.0382,3093.9095
61657,11263.6848,3259.0628
61658,11234.4049,3519.4339
61659,11263.5297,3633.8528
61660,11230.8786,2684.6753
61661,11227.4039,2637.8002
61662,11250.9492,3224.7461
61663,11221.5788,3208.1624
61664,11235.5582,2866.9193
61665,11271.114,3183.9813
61666,11269.9516,3291.838
61667,11220.6314,3084.353
61668,11240.1677,2667.9968
61669,11220.7163,3253.0062
61670,11268.7787,3405.4417
61671,11248.1078,3417.6437
61672,11223.6341,3113.3241
61673,11267.708,3236.02
61674,11267.3022,3609.0383
61675,11268.7487,3627.6568
61676,11250.6249,2643.7204
61677,11256.5936,3420.101
61678,11244.9771,3372.4746
61679,11281.7444,2929.039
61680,11239.411,2729.6566
61681,11260.2725,2310.5924
61682,11274.1888,2433.5965
61683,11246.8673,2414.4946
61684,11250.6714,3419.0857
61685,11244.8442,3667.5055
61686,11279.6148,2371.8784
61687,11265.4048,2677.5058
61688,11286.6216,3458.8578
61689,11283.7181,3424.0569
61690,11275.0516,3257.3406
61691,11270.6687,2622.0756
61692,11289.7811,3596.9094
61693,11296.3599,3367.0192
61694,11248.7655,3125.6168
61695,11255.1642,3545.413
61696,11264.2534,3355.567
61697,11253.9037,2723.5976
61698,11287.3745,3452.661
61699,11273.7246,3480.4214
61700,11280.9426,3196.6193
61701,11262.6578,2697.2692
61702,11259.8774,2355.051
61703,11269.779,3494.4277
61704,11284.518,3464.3981
61705,11251.1634,3622.5216
61706,11277.4387,3531.711
61707,11271.0513,2664.4153
61708,11287.8503,3410.1369
61709,11267.9801,2296.459
61710,11278.0177,2662.6603
61711,11283.5518,2757.352
61712,11280.0029,2566.4899
61713,11300.0792,3656.4808
61714,11270.29,2741.3726
61715,11275.6841,2955.2851
61716,11278.2138,3455.6425
61717,11302.3063,2759.7655
61718,11284.2555,2515.941
61719,11299.2012,2317.1368
61720,11308.2756,2526.7288
61721,11269.2533,3199.4633
61722,11300.9456,3299.3772
61723,11288.331,2728.6695
61724,11269.9211,2304.7967
61725,11319.8737,3712.5368
61726,11287.781,3517.3035
61727,11302.237,2910.4313
61728,11272.4944,2651.3841
61729,11277.4979,3234.6725
61730,11324.4348,3080.5037
61731,11329.3652,2729.9989
61732,11319.7064,3375.7651
61733,11313.9414,2351.1399
61734,11327.3141,2931.4747
61735,11332.4801,3048.9373
61736,11328.6741,2558.3537
61737,11335.5366,2677.3295
61738,11314.7442,3242.5264
61739,11292.4622,3107.1661
61740,11290.1609,3527.8876
61741,11287.5467,3405.6071
61742,11330.1105,3615.4887
61743,11294.4134,2409.8047
61744,11299.002,2967.8616
61745,11325.9333,2703.39
61746,11300.4464,3232.643
61747,11337.8552,3137.4097
61748,11304.5111,2816.3701
61749,11294.5213,2485.7728
61750,11302.1513,3664.5383
61751,11298.4282,3647.4993
61752,11341.4002,3517.1861
61753,11304.7981,3645.6595
61754,11312.012,2411.9875
61755,11297.4772,2488.8288
61756,11311.2116,2390.0351
61757,11303.5971,2749.0358
61758,11304.1103,3518.7993
61759,11331.953,2994.5925
61760,11317.8552,3118.1864
61761,11355.8473,3688.288
61762,11335.5358,2447.7503
61763,11311.0024,3500.3951
61764,11347.5182,3096.0482
61765,11316.7838,3164.3243
61766,11360.3715,3461.1552
61767,11351.7438,3181.2915
61768,11359.5954,3416.0731
61769,11362.5078,2433.2296
61770,11354.8028,2993.7989
61771,11323.2372,3362.6661
61772,11342.5818,3384.9952
61773,11344.3745,2424.1691
61774,11350.7408,3054.7286
61775,11330.1032,3048.7141
61776,11322.2389,2820.8049
61777,11370.4913,3405.9853
61778,11361.6508,3037.1626
61779,11354.8173,3322.0736
61780,11345.624,3627.2815
61781,11328.4011,3261.0793
61782,11359.8561,3423.849
61783,11373.3635,3418.6373
61784,11348.8426,3355.9094
61785,11374.5069,3673.8574
61786,11328.3825,3171.9655
61787,11360.8755,3611.7229
61788,11325.8208,2506.716
61789,11326.7522,3436.8315
61790,11368.5166,3270.9219
61791,11353.2009,2978.1994
61792,11354.7045,2727.5643
61793,11331.3007,3303.0577
61794,11380.0737,2643.7916
61795,11376.6247,2726.2804
61796,11355.8861,3127.2417
61797,11357.3875,2974.2075
61798,11348.3554,3124.3865
61799,11372.2114,3508.9584
61800,11350.1709,2498.7387
61801,11353.7958,2326.5372
61802,11337.8187,2477.3056
61803,11374.5826,3531.4041
61804,11348.794,3729.1234
61805,11381.4443,2607.4729
61806,11354.0371,3194.5304
61807,11348.3964,3565.1601
61808,11391.1934,3537.1811
61809,11378.518,2670.0292
61810,11377.1932,3423.4474
61811,11376.1536,3093.8529
61812,11372.1988,2426.345
61813,11358.5493,2743.1953
61814,11356.4366,2596.9036
61815,11399.6962,3698.6179
61816,11403.1393,3389.7353
61817,11351.3533,2842.0579
61818,11383.7109,3356.0939
61819,11400.0705,3498.721
61820,11400.1169,3260.9008
61821,11362.249,2870.3322
61822,11390.2803,3275.4719
61823,11406.9555,2830.0048
61824,11364.7018,3625.9329
61825,11379.6233,2440.2759
61826,11410.6779,2559.4405
61827,11413.9948,3689.93
61828,11362.0973,3716.8351
61829,11409.7228,3642.7024
61830,11381.6774,2814.6972
61831,11395.0683,3600.1541
61832,11390.5991,3299.5602
61833,11415.5785,2551.8204
61834,11373.1448,2359.3395
61835,11420.3253,2547.5335
61836,11377.1579,3392.0451
61837,11416.3311,2384.4309
61838,11400.3077,3493.9972
61839,11369.4816,3658.88
61840,11374.7782,3504.686
61841,11424.924,3021.7232
61842,11395.3494,3738.6421
61843,11419.1913,3503.5583
61844,11396.9895,3404.0702
61845,11410.1495,2410.1252
61846,11382.1034,2364.6138
61847,11377.6812,3544.97
61848,11419.1752,3492.8346
61849,11410.9002,3139.0454
61850,11423.2438,3108.2557
61851,11418.9879,3451.8737
61852,11413.2888,3294.251
61853,11429.6244,3307.6482
61854,11416.0681,3348.2667
61855,11431.6584,2635.3433
61856,11426.0705,3662.8508
61857,11437.8438,3095.5977
61858,11390.8442,2605.9325
61859,11391.1637,2877.1818
61860,11389.6012,3258.1295
61861,11405.7943,3514.9529
61862,11402.5738,3467.1194
61863,11427.0037,2410.5573
61864,11439.7585,3354.4509
61865,11429.2717,3209.9588
61866,11403.9386,2749.1464
61867,11437.5995,2442.4731
61868,11438.7485,2832.8711
61869,11396.3478,3331.7297
61870,11416.8303,3146.96
61871,11431.4633,2908.6323
61872,11451.9797,2981.9982
61873,11423.9415,2884.1821
61874,11443.9947,2541.3213
61875,11398.8545,2439.7664
61876,11414.917,2372.5168
61877,11424.116,2650.0127
61878,11434.2549,3546.9465
61879,11420.8938,2451.8098
61880,11405.7571,3290.0127
61881,11439.9371,3712.3427
61882,11435.8054,2569.604
61883,11423.7156,2504.6482
61884,11407.7756,3223.9781
61885,11408.7215,3237.0185
61886,11438.347,3602.6786
61887,11444.7919,2441.5109
61888,11459.5311,3045.1708
61889,11450.8135,3269.5854
61890,11436.2499,2351.1287
61891,11437.6039,3334.4363
61892,11428.9464,2404.1927
61893,11460.8734,3446.9618
61894,11464.9812,3030.9753
61895,11459.9232,3684.622
61896,11440.5973,2985.4199
61897,11424.633,3662.8562
61898,11428.9046,2774.4905
61899,11453.5723,2417.455
61900,11458.8551,2527.0129
61901,11425.2443,2848.7576
61902,11422.0745,3188.555
61903,11432.7954,2852.5606
61904,11440.7459,2767.0293
61905,11479.0601,3196.9924
61906,11428.2352,2511.1467
61907,11441.7944,3665.8222
61908,11428.7989,2821.8643
61909,11467.6118,3259.2569
61910,11438.0161,2801.3331
61911,11467.8284,3506.1783
61912,11441.9042,3226.0237
61913,11480.3663,2552.8868
61914,11443.1994,2582.2198
61915,11479.6889,3211.0031
61916,11461.0434,3571.4378
61917,11484.9781,3458.2701
61918,11481.6943,2989.1883
61919,11449.6129,2666.996
61920,11480.4706,2732.135
61921,11456.9342,2380.7906
61922,11494.19,2505.1009
61923,11470.9542,3580.2091
61924,11461.1298,2881.1161
61925,11474.2348,2412.9249
61926,11457.5719,3674.3783
61927,11452.9474,3549.5554
61928,11447.4801,3650.3769
61929,11475.4958,2432.8985
61930,11461.0063,3398.4499
61931,11470.2724,2747.5098
61932,11458.8206,3252.0964
61933,11500.6569,2566.8417
61934,11452.0049,2762.7014
61935,11485.7169,3089.1483
61936,11456.937,3004.7246
61937,11499.1347,2926.8895
61938,11464.7853,2509.9665
61939,11478.9341,3155.1025
61940,11509.6589,2721.3048
61941,11482.1104,2872.2785
61942,11510.8787,2829.6176
61943,11506.0342,2862.3097
61944,11480.9014,3211.7994
61945,11477.9219,3117.3668
61946,11479.8608,3750.9968
61947,11503.5351,3525.3415
61948,11489.3034,2450.8744
61949,11512.965,3776.2148
61950,11503.2361,3018.568
61951,11520.3543,2340.2916
61952,11510.1238,2727.4011
61953,11472.5682,3735.8706
61954,11519.999,3726.4613
61955,11506.6355,3434.2142
61956,11521.6282,3037.0585
61957,11514.9793,3216.0538
61958,11484.0854,2750.7595
61959,11492.2979,3483.753
61960,11489.3549,3578.0043
61961,11481.336,2342.2644
61962,11500.7004,3706.9927
61963,11488.2641,3704.204
61964,11494.3078,3746.9952
61965,11503.973,2743.3487
61966,11480.5401,3362.9556
61967,11501.0761,3749.5314
61968,11511.2272,2732.4138
61969,11535.2726,2391.9175
61970,11514.762,2340.8163
61971,11491.247,3168.4592
61972,11502.8655,2789.9667
61973,11508.5961,2881.4485
61974,11535.5372,2958.3212
61975,11540.4759,2609.0948
61976,11488.192,2823.2468
61977,11520.6375,3482.2279
61978,11522.9422,3763.846
61979,11499.3675,3728.0055
61980,11489.8355,3695.4238
61981,11544.0966,2541.6257
61982,11525.3331,3174.707
61983,11532.6037,2566.2392
61984,11516.1182,3315.0261
61985,11497.3589,3168.5093
61986,11525.7315,3255.8162
61987,11547.6097,2678.7869
61988,11550.2109,3240.8663
61989,11528.3341,3723.9186
61990,11555.7811,2464.9749
61991,11555.0323,3762.852
61992,11550.1804,2954.3098
61993,11547.5168,3469.3118
61994,11554.8494,3459.4008
61995,11553.843,3785.1115
61996,11516.3425,2483.455
61997,11543.9953,3706.0384
61998,11548.4176,3042.3668
61999,11553.5194,3772.0059
62000,11522.0331,3162.8457
62001,11510.5309,3644.3782
62002,11518.9048,2387.4044
62003,11522.2982,2440.2938
62004,11560.9461,3550.5733
62005,11565.9278,3790.8706
62006,11568.2664,3050.0853
62007,11566.8855,3165.1859
62008,11554.4162,2757.7436
62009,11536.9663,2833.385
62010,11543.532,2629.6937
62011,11539.8381,3533.9522
62012,11520.0757,3638.3522
62013,11539.5461,2696.235
62014,11552.9765,3734.9017
62015,11545.1111,2796.1992
62016,11540.2951,2618.066
62017,11564.5378,3660.4985
62018,11567.4413,2374.4365
62019,11566.26,2354.5166
62020,11545.9301,3318.7993
62021,11565.0714,2659.2171
62022,11573.6965,3475.733
62023,11565.8297,3584.5168
62024,11533.4801,2762.6284
62025,11577.7704,3521.949
62026,11586.4019,3486.2464
62027,11583.4457,3426.1265
62028,11539.9141,3787.3557
62029,11535.3093,3640.277
62030,11541.1107,3160.508
62031,11576.49,2506.9924
62032,11547.8082,2756.4531
62033,11550.6451,3328.9867
62034,11569.378,3782.245
62035,11565.7381,3102.8633
62036,11576.7808,3781.6552
62037,11560.8716,3751.0754
62038,11554.5651,3647.2735
62039,11584.2219,2441.3619
62040,11543.9764,2668.0189
62041,11600.2625,3760.1243
62042,11561.5509,3436.3807
62043,11580.7129,2962.4152
62044,11565.0568,2691.2384
62045,11575.919,3561.6825
62046,11587.376,2826.3712
62047,11588.419,2392.8416
62048,11592.7059,3798.0124
62049,11583.4219,2973.2937
62050,11566.7896,2941.7868
62051,11559.5215,2401.7897
62052,11576.6877,2942.375
62053,11590.0639,2780.1998
62054,11581.2723,2856.2214
62055,11577.8273,2497.9241
62056,11596.7719,2843.2643
62057,11594.2758,2440.2419
62058,11568.0762,3156.9139
62059,11571.1078,2845.4754
62060,11562.0741,3410.6678
62061,11565.3107,2876.5017
62062,11593.6312,2400.4648
62063,11612.5776,3807.3908
62064,11577.896,3280.1234
62065,11569.5725,2742.6424
62066,11594.4813,2994.9639
62067,11591.5807,2576.0875
62068,11602.7724,2709.65
62069,11597.565,3578.0836
62070,11606.4536,2956.0178
62071,11601.6646,3529.9816
62072,11604.1704,2833.186
62073,11582.6938,3517.2072
62074,11573.9725,3790.3517
62075,11628.5648,3537.43
62076,11591.8969,3181.1041
62077,11579.4246,2890.36
62078,11620.6235,2447.0331
62079,11631.6063,3219.1234
62080,11609.7997,2995.7529
62081,11585.1156,2359.8494
62082,11604.429,3501.8
62083,11592.9796,2966.5907
62084,11625.2796,2665.8195
62085,11591.9913,3185.3652
62086,11601.4461,3263.9847
62087,11611.5225,3428.6336
62088,11627.9272,3521.887
62089,11633.0239,3095.2863
62090,11590.8943,2685.589
62091,11613.8775,2521.2574
62092,11602.6573,3070.1621
62093,11612.8776,3529.8416
62094,11628.1309,3231.6768
62095,11612.0836,2622.9948
62096,11599.2915,3454.6547
62097,11598.3646,3270.1842
62098,11647.8097,2804.8963
62099,11595.6786,3740.23
62100,11630.2688,3779.2797
62101,11603.8553,3748.1468
62102,11634.1476,3821.8149
62103,11628.3199,2726.5283
62104,11633.5522,3262.6527
62105,11619.8684,3513.072
62106,11658.5991,2623.8177
62107,11656.9473,3756.9085
62108,11614.8617,2629.9937
62109,11618.9587,2940.1877
62110,11640.8924,3506.8268
62111,11622.9554,2929.7807
62112,11622.2241,3514.4286
62113,11647.7326,3713.0062
62114,11616.1057,2841.1679
62115,11654.7632,3203.7232
62116,11659.3122,3641.5132
62117,11627.9016,3358.4489
62118,11637.0317,2903.4743
62119,11617.0959,3520.9326
62120,11613.5741,2509.6482
62121,11628.6216,2820.4813
62122,11648.5038,3379.7841
62123,11623.989,2869.2741
62124,11619.8695,3062.0228
62125,11618.1201,3211.603
62126,11633.3048,3427.6565
62127,11648.1279,3706.832
62128,11672.063,2603.0749
62129,11664.3159,3771.1246
62130,11624.301,3425.1574
62131,11642.8697,3178.4613
62132,11650.8477,2788.4136
62133,11654.6922,3141.1734
62134,11649.2534,3671.1802
62135,11677.2916,3264.791
62136,11684.8636,2703.5636
62137,11685.3167,3590.3254
62138,11658.897,3023.2881
62139,11649.5791,3755.3087
62140,11632.9823,2806.2223
62141,11646.3406,2740.6764
62142,11652.0707,2642.8421
62143,11638.9165,2915.2133
62144,11679.6995,3363.1914
62145,11681.3949,2466.7629
62146,11644.9698,2831.242
62147,11688.9471,2907.8761
62148,11653.2127,3817.4281
62149,11690.6088,3724.4055
62150,11686.5998,3458.9525
62151,11656.2008,3419.3028
62152,11698.3363,3375.9502
62153,11680.957,2406.9962
62154,11649.3232,3063.7452
62155,11649.2919,3473.7438
62156,11696.9727,2903.2538
62157,11688.732,3672.4516
62158,11690.6331,3817.913
62159,11694.5503,2531.9776
62160,11706.2238,3326.8342
62161,11675.3099,2600.2351
62162,11653.9433,3749.6169
62163,11679.6873,3800.8422
62164,11699.0503,2505.5147
62165,11682.1039,3651.7163
62166,11685.4443,3550.2151
62167,11682.6846,3562.8155
62168,11700.1861,3651.5298
62169,11689.2113,2734.4294
62170,11698.0468,3276.315
62171,11662.2147,3730.0158
62172,11679.335,3161.7737
62173,11703.7628,3047.5806
62174,11686.2719,3302.7685
62175,11670.5294,2499.9339
62176,11680.5987,2405.0205
62177,11688.7356,2884.1787
62178,11724.37,3486.9083
62179,11720.1548,3349.567
62180,11725.0315,2502.6481
62181,11715.6157,3068.9471
62182,11681.8398,3606.7042
62183,11676.5937,2585.542
62184,11713.0693,3259.2293
62185,11702.4557,2642.7433
62186,11726.611,2640.353
62187,11724.317,3507.7373
62188,11702.4124,3354.43
62189,11699.1755,3600.0411
62190,11715.7169,3483.6816
62191,11683.3632,3632.7187
62192,11686.736,3536.3988
62193,11693.5831,2911.0941
62194,11729.4234,2668.0238
62195,11704.0198,3042.9912
62196,11713.833,2470.1587
62197,11738.1523,2999.9521
62198,11699.8161,2837.6258
62199,11697.5954,3198.7725
62200,11707.4205,3066.1007
62201,11725.6998,2868.0896
62202,11720.7134,3756.4515
62203,11733.8217,3460.5853
62204,11740.5814,3269.6131
62205,11738.2827,2480.6406
62206,11697.9477,3459.9851
62207,11728.3855,3556.8385
62208,11733.2731,2907.6254
62209,11735.9951,2896.2958
62210,11729.4054,3174.5565
62211,11708.671,3481.6629
62212,11751.7051,2765.8327
62213,11704.6415,3299.3119
62214,11734.9462,3242.4983
62215,11744.9515,3850.0609
62216,11718.8482,2993.1997
62217,11719.4537,3093.4993
62218,11703.2227,2383.0204
62219,11733.4948,2457.2819
62220,11739.0268,2914.1337
62221,11747.6492,3520.1269
62222,11757.7348,2669.3947
62223,11739.9201,2822.8187
62224,11757.9436,3588.4615
62225,11761.1853,2780.88
62226,11732.578,2929.7705
62227,11747.8175,2934.3567
62228,11713.69,3661.9316
62229,11730.8994,2881.1048
62230,11716.1737,3684.7616
62231,11759.5796,2895.2161
62232,11727.8379,2929.8453
62233,11725.9537,3452.5873
62234,11751.3831,3212.727
62235,11718.5678,3467.2912
62236,11753.0368,2572.0737
62237,11772.8469,2864.2029
62238,11773.538,2664.2595
62239,11765.5581,3223.334
62240,11765.3938,3813.5954
62241,11736.6447,2518.4875
62242,11756.9116,3737.0127
62243,11747.1189,2700.3193
62244,11769.4594,3714.6756
62245,11760.0406,3721.4263
62246,11770.4664,3239.3811
62247,11761.7018,3619.0279
62248,11742.1181,3680.4097
62249,11767.3177,3265.3282
62250,11735.5546,3836.6504
62251,11777.2015,2681.424
62252,11757.6085,3115.3727
62253,11780.9403,3203.7015
62254,11791.3993,3387.3761
62255,11761.0145,3582.9931
62256,11763.2947,3730.372
62257,11746.9674,3263.0072
62258,11744.5566,2587.304
62259,11756.1387,3299.9386
62260,11742.1341,2552.4045
62261,11742.2069,2518.4991
62262,11783.6248,3032.8807
62263,11744.0731,3822.1619
62264,11760.0092,2539.0681
62265,11782.1931,3259.449
62266,11789.3841,3071.7233
62267,11748.7133,2951.7576
62268,11797.5488,2842.1698
62269,11774.7505,3289.6489
62270,11766.2025,3495.2746
62271,11799.601,2454.0162
62272,11777.0946,3450.5405
62273,11799.1392,2914.7999
62274,11796.4347,2962.892
62275,11785.2779,3721.5969
62276,11781.6026,3685.9606
62277,11800.0741,3618.9794
62278,11773.5391,2667.9261
62279,11816.268,3243.9075
62280,11787.1003,2966.329
62281,11806.709,2794.5159
62282,11801.6165,2443.4644
62283,11820.0489,3073.4387
62284,11819.6091,3153.5412
62285,11766.6689,2563.2116
62286,11784.8853,3352.8993
62287,11791.5836,3360.6567
62288,11802.0226,3179.9598
62289,11786.9897,3658.2244
62290,11784.4291,2480.6962
62291,11792.8771,3145.9034
62292,11799.0916,2636.3693
62293,11775.744,3308.6708
62294,11828.3777,2510.2093
62295,11789.9186,3506.8034
62296,11807.2049,2915.4575
62297,11810.5957,3591.1036
62298,11825.7085,2596.8352
62299,11800.5615,3864.9996
62300,11801.6131,2849.8798
62301,11780.6919,3265.5545
62302,11794.4878,2733.7866
62303,11789.737,2585.9437
62304,11787.0306,2666.3488
62305,11836.1294,2738.701
62306,11816.5001,3317.5768
62307,11820.8252,2502.2119
62308,11820.7294,3595.4851
62309,11808.401,2582.5123
62310,11825.8232,2605.4868
62311,11821.7918,3497.0812
62312,11788.1568,2994.8728
62313,11799.1089,3312.5571
62314,11795.997,3654.4083
62315,11820.6129,3463.5604
62316,11849.6191,3361.9991
62317,11851.0835,3196.4516
62318,11831.1675,3273.3882
62319,11851.8874,3260.1092
62320,11849.2872,3802.2782
62321,11831.4884,2725.8662
62322,11828.364,2772.2518
62323,11833.678,3439.9894
62324,11828.1048,2964.8492
62325,11846.7228,3384.2835
62326,11851.7422,2505.4506
62327,11842.5722,2815.967
62328,11856.961,3070.844
62329,11826.1403,2754.3047
62330,11860.7348,3223.1543
62331,11836.1782,3075.2781
62332,11813.5914,3799.877
62333,11854.6649,2816.0009
62334,11810.2955,2440.6675
62335,11832.3041,3299.3123
62336,11857.6136,3128.7202
62337,11816.3885,3586.8385
62338,11842.6642,3445.8842
62339,11861.4588,3712.6922
62340,11815.4576,3292.7908
62341,11864.1722,3669.4545
62342,11858.27,3730.658
62343,11848.0419,2783.0559
62344,11817.241,3461.9903
62345,11822.224,3838.9415
62346,11864.5425,3009.643
62347,11866.7859,3386.5552
62348,11842.0165,3314.6656
62349,11839.3785,3224.5997
62350,11853.4671,2835.3182
62351,11848.9328,2916.4518
62352,11835.1713,3549.6494
62353,11855.2489,3826.8052
62354,11830.4035,3825.2702
62355,11843.1461,2540.0822
62356,11834.8957,3623.1432
62357,11859.4458,2961.9203
62358,11844.091,3061.504
62359,11886.9646,2420.1561
62360,11855.4012,3181.0354
62361,11847.0051,2553.6982
62362,11847.205,2876.6558
62363,11840.5373,2835.7312
62364,11861.2329,3744.4122
62365,11874.7665,3562.9878
62366,11869.4413,3749.8671
62367,11876.0626,3392.1072
62368,11867.526,3104.1532
62369,11885.3259,3113.0896
62370,11852.7578,3350.5592
62371,11855.1676,2738.1567
62372,11880.0432,3388.719
62373,11888.7994,2444.3011
62374,11898.3475,3604.4772
62375,11877.9709,2623.2952
62376,11902.6067,2802.9476
62377,11860.4119,3325.2638
62378,11901.4978,3091.1319
62379,11881.8417,3249.4374
62380,11876.68,2891.0918
62381,11862.8877,2645.6703
62382,11908.8199,2496.874
62383,11852.6269,3698.9432
62384,11855.5551,3688.782
62385,11888.5217,3245.5146
62386,11905.8376,2513.2156
62387,11898.0311,3826.7535
62388,11911.8106,3301.1864
62389,11910.0028,3431.0701
62390,11911.8419,3404.4923
62391,11899.2541,3677.2072
62392,11870.8186,3294.7232
62393,11902.0665,3176.1868
62394,11900.6628,2772.7364
62395,11901.9259,3467.6457
62396,11918.0593,3178.7776
62397,11876.7708,3275.5727
62398,11907.4009,3621.5421
62399,11887.9134,3120.9888
62400,11908.3971,3611.1316
62401,11912.3298,3042.6327
62402,11879.1845,3837.2571
62403,11902.925,3528.6683
62404,11906.1537,2814.4038
62405,11912.4062,3541.741
62406,11916.735,3512.6534
62407,11891.2013,3085.9821
62408,11881.4688,2545.1762
62409,11876.1744,3149.4202
62410,11895.0354,2500.8873
62411,11907.1074,3755.7009
62412,11933.9182,3431.5233
62413,11930.0471,3892.6869
62414,11897.274,3141.4159
62415,11917.912,3284.7135
62416,11924.4775,2996.4669
62417,11922.8632,3574.0702
62418,11928.1495,3135.8401
62419,11934.8196,3709.6736
62420,11938.6051,3493.6124
62421,11903.4819,3640.6959
62422,11895.0967,3552.4408
62423,11938.9793,2443.9667
62424,11910.5492,3475.7556
62425,11895.5768,3325.6924
62426,11937.244,3422.4548
62427,11891.3451,3888.4697
62428,11932.8941,3895.3114
62429,11945.2472,3526.7924
62430,11947.174,3020.0937
62431,11950.5552,3132.6719
62432,11908.9741,3603.4297
62433,11952.8589,3684.9744
62434,11947.6124,3415.1844
62435,11952.9465,3145.4726
62436,11931.2677,2832.5448
62437,11958.5238,3788.1304
62438,11924.2909,3805.9007
62439,11923.0752,2596.727
62440,11928.5301,2483.1435
62441,11910.8762,2700.5692
62442,11939.9826,2625.8787
62443,11922.8585,3535.1956
62444,11956.7633,3701.0558
62445,11933.7745,3807.0028
62446,11914.528,3340.5804
62447,11959.4509,2560.6106
62448,11933.2396,3632.5757
62449,11935.8876,3854.6046
62450,11946.7979,2791.5991
62451,11965.9732,2748.2101
62452,11947.4255,2857.3032
62453,11955.8333,3350.877
62454,11950.547,3875.6887
62455,11942.4103,2837.1547
62456,11960.207,3491.4275
62457,11922.2294,3007.2341
62458,11927.7873,2652.8438
62459,11964.8066,3190.2961
62460,11929.5294,3141.5006
62461,11978.0574,3452.8745
62462,11940.4286,2708.7955
62463,11953.4151,2512.3109
62464,11957.6406,3000.678
62465,11923.4079,3261.0411
62466,11956.0223,3190.277
62467,11980.8579,3312.4316
62468,11929.7883,3416.7623
62469,11972.787,3050.6524
62470,11983.7181,3646.243
62471,11940.1029,2755.02
62472,11951.2692,3127.0397
62473,11938.0816,3018.7283
62474,11984.9783,3747.8142
62475,11988.9754,3183.6163
62476,11981.5304,3434.2751
62477,11965.0238,3546.0091
62478,11976.5403,3883.246
62479,11977.4906,2480.0592
62480,11994.8551,3673.5325
62481,11975.8508,3202.0423
62482,11984.0107,3008.3435
62483,11989.0494,2566.9858
62484,11939.1601,3773.8938
62485,11943.4867,2438.0314
62486,11963.0497,3357.4236
62487,11975.7347,2708.626
62488,11958.981,3825.6986
62489,12002.0968,3359.1871
62490,11971.0156,3727.991
62491,11948.5175,3567.6833
62492,11955.6464,2982.0954
62493,12001.945,2935.7854
62494,11947.7399,3310.2951
62495,11984.4899,3850.4707
62496,12001.115,3553.9875
62497,11970.0674,3408.5414
62498,11961.128,2824.9178
62499,11980.5121,3698.8805
62500,12004.1256,2736.7735
62501,11993.5947,2560.9604
62502,11993.3693,3442.9487
62503,11968.9817,3886.7305
62504,12002.9198,2670.4126
62505,11965.1782,2444.5322
62506,11999.804,2650.3173
62507,11996.3252,3801.8206
62508,11991.9933,3777.5262
62509,12005.4837,2682.0374
62510,11963.6627,3599.7326
62511,11972.5812,3708.716
62512,12015.5115,2984.2139
62513,12008.6006,2848.3225
62514,12014.4723,3686.6483
62515,12017.7477,3734.0525
62516,12024.8425,2823.3171
62517,11974.5955,3682.5833
62518,12022.8113,2788.8624
62519,11986.9523,2675.7404
62520,12004.5515,3587.6615
62521,12024.7828,3777.0954
62522,11988.4671,3486.0969
62523,12012.3469,2867.8513
62524,11996.0763,2538.3235
62525,11984.2119,2811.6032
62526,11977.0818,3852.09
62527,12005.6852,2583.1425
62528,12010.7296,2811.4418
62529,11999.1804,3399.6386
62530,12010.9392,2727.4878
62531,12022.7651,2887.9061
62532,12013.5732,3890.3908
62533,12032.5132,3641.3391
62534,12015.2625,2816.2298
62535,12015.821,3745.5243
62536,11984.6846,3017.9852
62537,12008.1204,3440.3036
62538,12022.2377,3738.8102
62539,12038.2497,3521.9845
62540,12006.9795,2598.7178
62541,12033.012,3398.8388
62542,12017.2501,2479.4297
62543,12048.0078,3340.587
62544,12013.38,3554.1976
62545,12010.2291,2462.5024
62546,12034.5537,2855.9517
62547,12051.2811,2624.1492
62548,12006.6798,3330.0881
62549,12039.9707,2698.8417
62550,12049.6206,2903.6152
62551,12050.171,3418.2171
62552,12030.2096,3465.7661
62553,12006.2187,2826.1886
62554,12006.9578,3769.3183
62555,12039.3364,2744.3559
62556,12053.1237,3509.4551
62557,12044.3883,3616.9311
62558,12009.3285,2806.7819
62559,12051.5738,2857.0093
62560,12032.1182,3848.7356
62561,12020.5582,2446.2624
62562,12005.8391,3319.1406
62563,12005.1992,3616.222
62564,12052.148,3553.9236
62565,12058.5214,2840.119
62566,12039.8635,2527.6287
62567,12032.9429,2459.9401
62568,12063.1763,2970.8868
62569,12064.9578,2818.5565
62570,12060.7644,2526.8898
62571,12024.8048,3078.8205
62572,12043.0541,3828.1624
62573,12050.5242,3282.0192
62574,12033.75,3949.9758
62575,12043.4499,3738.3451
62576,12063.0897,2553.5458
62577,12027.8378,3165.3468
62578,12056.9772,3731.0355
62579,12028.4446,3044.3932
62580,12019.0778,2748.1555
62581,12057.1958,3102.3685
62582,12067.0555,3574.5665
62583,12024.2529,3474.2287
62584,12024.2193,3369.3525
62585,12028.4659,2692.8061
62586,12051.3666,2457.4639
62587,12052.7032,3275.8166
62588,12069.1285,3691.3514
62589,12079.3117,2455.0988
62590,12046.0178,3714.72
62591,12063.1177,3461.6951
62592,12053.3981,3932.9075
62593,12034.1512,3281.9696
62594,12034.529,3073.9654
62595,12052.3159,3573.2611
62596,12080.1314,3311.2061
62597,12033.5602,3065.4872
62598,12065.3008,2753.8564
62599,12035.3175,3436.7891
62600,12050.2761,3504.4263
62601,12051.3027,3309.2961
62602,12090.9127,2484.3416
62603,12063.5861,3622.1767
62604,12051.4373,3192.3595
62605,12060.8894,2873.169
62606,12039.6556,3755.3481
62607,12071.7661,3738.9446
62608,12065.5878,3698.1955
62609,12083.1877,2877.3272
62610,12057.6756,2927.2668
62611,12090.539,3032.4827
62612,12053.3963,3150.4147
62613,12079.2459,3390.5866
62614,12070.4522,2724.4354
62615,12049.7065,2925.7578
62616,12096.1289,2794.4183
62617,12076.6558,2684.6642
62618,12090.4348,3828.1737
62619,12071.0041,3758.5655
62620,12049.051,2595.9822
62621,12082.5738,3219.3166
62622,12085.6611,3748.8255
62623,12079.2795,3385.9569
62624,12068.6169,3725.6398
62625,12067.0493,3785.0227
62626,12082.2852,3699.8414
62627,12084.6819,3440.3277
62628,12090.0479,3817.6217
62629,12114.0358,3483.1135
62630,12092.5834,3653.9928
62631,12076.9693,2478.5769
62632,12105.2769,3449.129
62633,12061.5163,2800.2526
62634,12104.5523,2957.1124
62635,12062.2208,3559.0596
62636,12111.0208,3056.8341
62637,12103.0383,3450.3805
62638,12067.6142,3298.6547
62639,12098.8485,2770.3833
62640,12096.0132,3156.9734
62641,12088.2898,2659.8022
62642,12102.559,2506.7963
62643,12068.4838,2544.1561
62644,12120.1704,3883.1892
62645,12080.3986,3362.1161
62646,12085.9493,2844.4938
62647,12103.2628,3523.5183
62648,12113.9243,3195.8877
62649,12114.3762,2638.4923
62650,12103.7416,3889.5692
62651,12079.8636,2763.7254
62652,12111.4923,2730.228
62653,12111.7592,3049.0313
62654,12086.0107,2475.1587
62655,12089.8471,3052.2706
62656,12128.9274,3162.6234
62657,12100.898,2805.193
62658,12078.8955,3750.5555
62659,12129.1737,3799.3051
62660,12137.3597,2607.4132
62661,12103.8716,2965.407
62662,12137.6164,2919.9358
62663,12094.9603,3403.6268
62664,12126.197,3796.0299
62665,12117.5471,2709.0853
62666,12123.0636,3156.1219
62667,12108.0073,2492.3934
62668,12115.72,2788.2374
62669,12106.6635,3079.4203
62670,12107.7993,2714.2258
62671,12091.0579,2675.2481
62672,12096.184,3659.3869
62673,12097.0613,2932.083
62674,12116.2736,2534.196
62675,12149.2448,3611.6988
62676,12116.754,3578.1279
62677,12111.8197,3706.173
62678,12105.0871,3418.8107
62679,12123.2809,2994.0412
62680,12105.6165,3373.8347
62681,12112.7653,2467.7776
62682,12148.7907,3307.421
62683,12147.8206,3087.2786
62684,12147.0933,2487.7904
62685,12131.8658,3009.9429
62686,12128.2229,3796.4502
62687,12123.3023,3973.7982
62688,12156.0683,3286.8431
62689,12110.6192,3799.1099
62690,12136.5773,3561.906
62691,12160.4384,3017.9906
62692,12120.3014,3929.7228
62693,12132.7629,3402.0434
62694,12129.3012,2481.7396
62695,12162.9407,2873.7775
62696,12135.1928,3604.9332
62697,12105.0692,3719.9914
62698,12107.0441,3822.5492
62699,12144.9205,2952.3924
62700,12119.1279,2724.9577
62701,12110.4514,3239.4139
62702,12114.9988,3357.4353
62703,12153.8291,3376.9732
62704,12153.7215,3625.1243
62705,12151.774,2983.6307
62706,12164.3695,3639.3228
62707,12130.1514,2880.8361
62708,12134.3119,3900.7638
62709,12124.4505,3377.1153
62710,12148.3756,3012.5485
62711,12151.504,3838.0539
62712,12165.9494,2498.6577
62713,12133.4877,2810.1006
62714,12171.8799,3385.0535
62715,12173.3122,3047.5061
62716,12119.7533,2485.0992
62717,12155.8805,3874.79
62718,12146.8943,3937.6963
62719,12164.7546,3322.0567
62720,12138.4202,2919.5627
62721,12133.768,3240.3585
62722,12145.8847,3652.0254
62723,12139.8793,3704.6573
62724,12176.406,3378.9803
62725,12172.1871,3567.5426
62726,12169.4897,2713.2633
62727,12167.079,3891.21
62728,12166.8366,3053.6762
62729,12175.4761,3269.2797
62730,12169.7683,3158.846
62731,12167.9579,3798.038
62732,12133.9263,3492.954
62733,12175.8765,3486.1845
62734,12172.8586,3822.3171
62735,12179.3305,3761.5356
62736,12187.4212,2909.3926
62737,12172.2827,3460.9779
62738,12159.9836,3566.1521
62739,12169.2654,3087.8118
62740,12142.002,3392.0267
62741,12171.7325,2487.6536
62742,12185.5117,3715.2297
62743,12155.6872,2525.632
62744,12164.3242,2726.7142
62745,12136.2201,3499.4127
62746,12145.709,3008.6758
62747,12170.2895,3273.8077
62748,12173.5339,3785.2623
62749,12182.4515,3118.3712
62750,12175.0314,3245.4232
62751,12143.7056,3253.389
62752,12169.066,3040.2521
62753,12149.4467,3062.406
62754,12192.4387,3955.3352
62755,12147.8889,3612.7749
62756,12170.7387,3471.3988
62757,12161.1637,3527.0896
62758,12148.0999,2721.8868
62759,12185.3727,3559.2483
62760,12183.5509,2758.9258
62761,12149.3233,3079.3331
62762,12197.2524,4006.6135
62763,12155.8923,2688.4317
62764,12176.7845,3984.2596
62765,12179.6645,2654.0685
62766,12201.5892,3241.3823
62767,12197.218,2741.768
62768,12208.5179,3672.3539
62769,12184.2491,3265.2838
62770,12154.701,3922.5531
62771,12177.1791,2939.0608
62772,12191.9674,2826.6812
62773,12157.9403,3187.518
62774,12203.1421,3021.5725
62775,12157.7763,3332.6124
62776,12176.5083,3210.5135
62777,12162.8776,2929.8882
62778,12199.4114,2984.1773
62779,12213.6153,2750.9907
62780,12186.9413,3795.6689
62781,12209.1586,2566.3758
62782,12208.9555,2484.8562
62783,12160.0297,3108.2686
62784,12177.6287,2738.3903
62785,12189.8395,2814.3642
62786,12169.9324,3457.8218
62787,12206.0383,3423.5616
62788,12197.1607,3118.2807
62789,12186.0955,3150.4177
62790,12184.2378,3142.5566
62791,12188.3644,2702.2677
62792,12214.6068,2825.6898
62793,12180.7458,3831.0314
62794,12178.0572,3669.6746
62795,12188.9075,3557.9241
62796,12183.3458,3800.2376
62797,12174.8274,3499.51
62798,12182.8843,3741.9332
62799,12205.7713,2785.9406
62800,12177.1017,2599.0757
62801,12207.4377,3109.5839
62802,12179.8448,3590.4469
62803,12177.5833,2499.5192
62804,12189.085,2823.8274
62805,12195.5279,3610.6553
62806,12218.6311,2483.3876
62807,12190.7097,2628.5673
62808,12179.2357,2863.8705
62809,12182.5035,3572.977
62810,12192.8564,2562.938
62811,12196.4392,3496.3758
62812,12228.8259,3915.8785
62813,12228.2947,3191.7502
62814,12192.2919,3888.322
62815,12196.434,3465.0561
62816,12205.785,3455.6751
62817,12182.6612,3380.9744
62818,12220.2029,3819.8672
62819,12222.8193,2508.3604
62820,12184.4641,3946.8946
62821,12201.6415,3092.9234
62822,12224.3813,3938.9119
62823,12201.6806,3842.8834
62824,12205.6717,2949.1276
62825,12199.4081,3785.8324
62826,12200.0655,3679.4802
62827,12231.7293,2995.1468
62828,12224.5308,2930.9983
62829,12189.8678,3403.3017
62830,12233.9369,3325.0086
62831,12196.9166,2680.5776
62832,12238.2213,3988.8256
62833,12213.5684,2723.2057
62834,12213.1531,3326.8561
62835,12241.9314,3511.1725
62836,12244.6501,3923.9573
62837,12213.3877,3052.9189
62838,12241.9129,2855.2188
62839,12212.5211,2507.2973
62840,12223.1393,2763.8727
62841,12242.4346,3654.9671
62842,12244.1434,3622.5501
62843,12246.36,3457.1678
62844,12204.6043,3235.0066
62845,12217.1895,3081.4247
62846,12225.57,3046.0944
62847,12202.0078,3391.8616
62848,12212.2851,3585.7078
62849,12252.8707,2762.839
62850,12224.7952,2961.5571
62851,12208.9234,3143.5227
62852,12233.5632,3566.67
62853,12216.3844,2687.8157
62854,12231.1351,3883.1609
62855,12217.8945,3044.4885
62856,12253.0396,3534.2537
62857,12233.2817,2671.6909
62858,12207.7478,3894.3942
62859,12216.2178,3366.1738
62860,12231.8333,3810.3175
62861,12203.1318,3945.9263
62862,12261.7069,3696.7386
62863,12225.2908,2484.6429
62864,12252.9923,2746.4099
62865,12256.9283,3535.4666
62866,12260.5172,3538.7743
62867,12254.4658,2926.122
62868,12243.4468,3086.5842
62869,12231.4563,3611.7929
62870,12219.6475,3290.1001
62871,12251.4559,3673.7705
62872,12253.0477,2868.1072
62873,12256.47,3917.5046
62874,12239.5024,3007.5336
62875,12238.006,3232.8564
62876,12228.9381,3218.9972
62877,12235.2689,3778.0776
62878,12264.2704,2724.497
62879,12244.8551,3859.9197
62880,12235.062,2837.745
62881,12263.687,2675.6767
62882,12250.6388,3705.1458
62883,12239.0058,3334.4221
62884,12236.0639,3574.1852
62885,12232.1227,3107.8887
62886,12238.6545,2807.1482
62887,12227.707,3917.1817
62888,12274.3493,2559.4538
62889,12233.1015,3800.3657
62890,12255.405,4021.8211
62891,12240.9959,3028.4165
62892,12250.2296,3253.8943
62893,12269.8819,3931.0628
62894,12271.8763,3185.2103
62895,12250.8547,3831.4621
62896,12224.9748,2965.8848
62897,12252.1891,3764.1642
62898,12234.8674,3721.3815
62899,12221.7329,2770.734
62900,12274.6707,3606.0183
62901,12248.6017,3480.0914
62902,12262.6415,2971.8803
62903,12250.2485,3684.6692
62904,12280.6763,2952.1263
62905,12227.3097,2492.3034
62906,12256.4295,2553.3445
62907,12236.0864,3337.1467
62908,12275.6408,3231.4184
62909,12226.0252,3677.6781
62910,12226.8712,3996.6307
62911,12237.9518,2560.2384
62912,12270.8453,3671.2457
62913,12234.9616,3945.1036
62914,12251.5258,3563.9729
62915,12228.2457,3835.1456
62916,12283.6583,3474.6543
62917,12252.9934,2646.1844
62918,12229.6692,3275.5062
62919,12263.7858,2516.7349
62920,12230.5361,3664.3035
62921,12286.9459,3930.4204
62922,12265.9329,3965.0396
62923,12253.5563,3174.6696
62924,12291.7545,3073.9134
62925,12243.8337,3356.1641
62926,12246.7823,3211.9351
62927,12244.2611,3195.5618
62928,12275.8367,2793.1182
62929,12273.3184,3658.2142
62930,12276.8436,2978.374
62931,12287.7331,3231.0585
62932,12254.3746,2622.958
62933,12293.2109,3644.6714
62934,12296.7809,2552.9152
62935,12271.1685,2562.0192
62936,12255.6762,3894.8816
62937,12289.9777,2945.9221
62938,12285.1922,2703.9651
62939,12259.0744,3043.4881
62940,12241.0632,2797.8708
62941,12290.9939,3668.4968
62942,12246.2611,2893.8582
62943,12286.4945,3840.0255
62944,12292.6873,3263.8973
62945,12246.9545,3281.0134
62946,12284.9222,4006.9781
62947,12269.7898,3785.3254
62948,12292.4374,3593.4577
62949,12270.0879,3142.9142
62950,12290.9757,3215.3509
62951,12302.3372,2648.1944
62952,12271.908,3820.8763
62953,12275.023,2623.8063
62954,12249.6136,3367.5926
62955,12279.2471,2798.641
62956,12285.4532,3080.6642
62957,12283.4627,3369.0042
62958,12273.1075,3596.6508
62959,12292.5601,3817.7522
62960,12260.2519,2896.3206
62961,12268.4228,3698.2977
62962,12263.8207,3680.4376
62963,12256.4912,3565.3932
62964,12263.9192,2795.2046
62965,12256.2641,3995.3473
62966,12284.9836,3348.947
62967,12257.3118,2727.0803
62968,12302.4338,3385.9862
62969,12309.9261,3237.3232
62970,12266.2858,4018.5668
62971,12297.8514,2983.5936
62972,12289.8451,3110.5339
62973,12310.4681,4044.6276
62974,12282.8616,2748.7085
62975,12288.1695,2791.4643
62976,12267.3463,3701.0569
62977,12290.6499,3978.8267
62978,12289.0164,3920.3598
62979,12261.14,3481.7873
62980,12310.8576,4007.0907
62981,12258.7675,2683.4485
62982,12272.2544,2644.0365
62983,12278.3054,2913.3263
62984,12258.9509,3334.0736
62985,12292.1826,3139.5622
62986,12295.37,3512.1609
62987,12286.062,3958.4073
62988,12277.865,3356.8975
62989,12261.9463,3354.0993
62990,12273.582,3573.6969
62991,12261.5343,3722.9205
62992,12301.3537,2950.4604
62993,12313.6556,2808.7237
62994,12259.6845,3774.0511
62995,12265.0539,2801.3691
62996,12307.4646,3196.5648
62997,12297.9138,3370.3504
62998,12265.2102,2954.8745
62999,12275.5781,3845.4027
63000,12268.3644,2675.9813
63001,12282.2618,3337.8596
63002,12296.5103,3504.6116
63003,12320.7125,3064.2339
63004,12320.643,3612.5969
63005,12261.8773,3258.0605
63006,12309.9661,2538.6744
63007,12267.7341,3795.9591
63008,12279.8817,3340.8063
63009,12297.5682,3358.7415
63010,12297.9461,3888.9409
63011,12293.8603,3780.2376
63012,12275.2717,3615.1071
63013,12317.4525,3866.4273
63014,12311.4089,3182.2235
63015,12296.8049,3587.9075
63016,12309.5539,2769.8865
63017,12311.0507,3144.4772
63018,12292.7391,3606.3503
63019,12273.1618,3579.1411
63020,12291.939,2743.3619
63021,12286.8418,3464.2395
63022,12326.9559,3823.2397
63023,12288.695,2791.4159
63024,12316.4754,3929.3364
63025,12305.9277,3828.8312
63026,12313.6859,2997.5858
63027,12284.794,3313.7879
63028,12294.549,3946.3343
63029,12277.4783,2895.5144
63030,12284.0755,2602.934
63031,12325.5247,3949.3408
63032,12290.6634,4010.7978
63033,12271.6264,3791.4108
63034,12301.5731,3113.8611
63035,12329.0533,3115.8046
63036,12305.418,2703.606
63037,12280.4431,3545.3671
63038,12309.4658,3929.7752
63039,12289.8328,3493.6439
63040,12319.6921,3277.2574
63041,12297.0675,3761.3655
63042,12287.3906,3823.156
63043,12316.4119,3840.3493
63044,12299.5687,3229.838
63045,12296.6467,2873.4042
63046,12277.8255,3750.2567
63047,12313.1905,2776.3508
63048,12326.8552,3203.1071
63049,12320.8815,3229.8992
63050,12294.7542,3296.6786
63051,12324.6572,3773.5593
63052,12301.497,3249.7159
63053,12312.0621,2780.4687
63054,12303.1717,2562.5246
63055,12284.4733,2773.2986
63056,12318.6313,3007.7591
63057,12310.1229,3382.9054
63058,12323.7207,3431.0725
63059,12301.7198,4031.9637
63060,12318.527,2975.9333
63061,12298.8258,3049.2672
63062,12308.3661,3906.2395
63063,12312.7981,3580.4089
63064,12277.8593,3847.1419
63065,12315.8199,3356.0639
63066,12304.384,2823.3665
63067,12302.7093,2854.3485
63068,12295.7592,3546.3301
63069,12322.9601,3478.8315
63070,12316.525,3189.6065
63071,12297.1583,2946.28
63072,12282.2235,2739.9577
63073,12295.9284,3554.5241
63074,12321.1055,3009.7918
63075,12330.932,2755.8967
63076,12332.6739,3045.7201
63077,12313.9479,3299.6691
63078,12313.2803,3105.2768
63079,12284.8806,3986.958
63080,12312.9624,2791.3028
63081,12325.3086,3990.0295
63082,12299.7728,2878.2273
63083,12283.8781,3814.4222
63084,12284.8997,2676.1273
63085,12293.7806,3477.6949
63086,12338.3088,3760.9381
63087,12329.4007,3858.5719
63088,12305.6868,2576.9787
63089,12298.9148,3354.1002
63090,12286.3026,3389.1177
63091,12296.8955,3207.8564
63092,12285.2788,3826.7386
63093,12323.7414,3284.8225
63094,12331.5716,3446.9625
63095,12302.4299,2749.2805
63096,12294.4471,4018.0037
63097,12317.2617,3067.6952
63098,12310.0355,3202.1609
63099,12319.9106,3530.0267
63100,12343.7044,3780.5333
63101,12299.4955,3752.8932
63102,12310.6024,3872.5423
63103,12291.5854,3793.0091
63104,12294.4814,3109.8185
63105,12311.674,2969.6945
63106,12286.4946,3461.1799
63107,12298.9768,3023.3326
63108,12308.9359,2919.4143
63109,12320.4274,3453.4788
63110,12301.3496,3935.7777
63111,12340.4014,3303.4721
63112,12291.0455,3823.9609
63113,12299.2052,3487.5338
63114,12300.7157,3800.4515
63115,12335.4029,2657.8382
63116,12346.3635,2719.2125
63117,12306.157,3288.0367
63118,12304.1061,2944.1165
63119,12339.4844,3386.3368
63120,12343.4171,3543.9956
63121,12298.4149,3220.0132
63122,12334.4378,3637.62
63123,12301.9578,3873.9361
63124,12329.6087,2854.4744
63125,12297.5299,3572.526
63126,12296.124,3939.6467
63127,12309.976,3510.4196
63128,12305.653,2926.6118
63129,12347.4275,3358.2133
63130,12310.5093,2571.4572
63131,12288.5434,2504.9894
63132,12328.7069,3969.8728
63133,12326.0526,4015.1921
63134,12294.8328,2697.1167
63135,12345.9209,3947.3225
63136,12317.4058,3320.1682
63137,12293.1181,2764.6715
63138,12326.447,2845.1183
63139,12335.1895,2983.4091
63140,12348.6167,3455.5969
63141,12326.7681,3543.3021
63142,12310.9483,3730.1494
63143,12321.2873,2893.3835
63144,12347.8443,2985.4609
63145,12348.9265,2767.4031
63146,12299.314,2655.4187
63147,12305.3755,3809.05
63148,12343.5786,3735.8973
63149,12344.6696,3868.2281
63150,12324.7522,2578.8824
63151,12302.419,3870.5454
63152,12329.0293,3013.9734
63153,12293.6808,3286.1213
63154,12290.871,2970.6746
63155,12296.2634,3166.1369
63156,12316.6511,3357.3289
63157,12314.3869,3752.5403
63158,12299.3233,4026.4824
63159,12307.3853,3493.8411
63160,12335.4244,3395.8775
63161,12319.5193,2608.8815
63162,12315.9161,3601.4215
63163,12332.0153,3627.8038
63164,12297.2248,3724.0061
63165,12292.1872,3907.3271
63166,12328.6066,3740.0057
63167,12303.3518,2521.0772
63168,12321.3428,3057.7238
63169,12298.4757,3571.2744
63170,12308.6026,3201.0753
63171,12333.8651,3270.4807
63172,12309.5187,3716.8429
63173,12295.881,3127.3595
63174,12338.5944,3776.7057
63175,12307.6835,2662.0421
63176,12327.646,2864.9599
63177,12346.3131,3284.3871
63178,12326.2299,3650.1033
63179,12351.5994,4018.8139
63180,12339.7415,2589.0022
63181,12326.8213,3775.0392
63182,12344.7857,3332.23
63183,12337.3733,3047.3635
63184,12305.3412,3538.5979
63185,12303.3647,3409.551
63186,12329.2402,3338.0402
63187,12328.6656,3660.961
63188,12306.5388,3650.1466
63189,12307.967,3304.78
63190,12342.8238,3262.1642
63191,12297.3683,2753.831
63192,12302.1745,3095.7452
63193,12349.6791,3845.7714
63194,12342.0881,3475.8887
63195,12300.064,3080.8517
63196,12332.7022,3369.2113
63197,12295.9497,2792.0119
63198,12305.6269,3785.6529
63199,12303.3307,2883.9274
63200,12319.5121,3269.3889
63201,12353.8096,2665.744
63202,12309.0279,3115.9431
63203,12297.4339,3265.5461
63204,12336.4654,3760.8858
63205,12345.3091,4044.7313
63206,12349.8095,3100.5836
63207,12352.3744,3432.6846
63208,12327.3839,3658.0961
63209,12344.3635,3137.0599
63210,12309.5671,2976.5347
63211,12324.923,3682.2265
63212,12355.323,3778.091
63213,12306.7564,2909.4114
63214,12312.1448,2935.7259
63215,12319.4558,2879.612
63216,12321.7934,3464.7628
63217,12331.0901,3553.3405
63218,12348.8561,2791.2182
63219,12329.1022,2930.8782
63220,12332.9538,2959.5418
63221,12314.5421,3655.3115
63222,12312.8787,3750.2361
63223,12325.2252,3453.1232
63224,12310.7788,2921.5025
63225,12309.5627,3649.945
63226,12302.406,2988.9936
63227,12332.6272,2833.2859
63228,12325.8987,2601.9651
63229,12313.127,3693.1495
63230,12339.3722,3552.3943
63231,12356.2252,3428.7121
63232,12350.0814,3854.7032
63233,12298.1318,3554.6989
63234,12303.6798,3507.5518
63235,12356.2559,3949.1539
63236,12301.7546,3743.2027
63237,12322.6332,3840.4486
63238,12328.6381,2815.6175
63239,12331.1209,2560.1974
63240,12307.7975,2678.6316
63241,12298.0469,3920.7182
63242,12324.9905,3869.7754
63243,12332.8819,3298.7592
63244,12310.694,3488.0444
63245,12338.4793,3087.338
63246,12322.534,2979.6498
63247,12306.7629,3139.345
63248,12348.3997,2963.6395
63249,12300.3904,3776.1679
63250,12355.3537,3343.7996
63251,12330.6702,3880.5156
63252,12345.8008,3833.6362
63253,12330.9048,3878.1932
63254,12346.2841,3468.9162
63255,12357.2992,3815.4677
63256,12344.7666,3861.1941
63257,12348.3602,3873.7961
63258,12328.0802,3602.4895
63259,12337.2683,3609.44
63260,12302.8627,3858.2544
63261,12313.3923,3114.8276
63262,12307.9337,3627.3667
63263,12356.2692,2683.1938
63264,12313.2298,3730.839
63265,12357.5698,2691.8249
63266,12353.1473,3454.6391
63267,12342.948,4040.1107
63268,12334.4643,2684.7967
63269,12320.7895,3910.3917
63270,12332.5486,3719.5757
63271,12314.0782,3837.8405
63272,12329.7799,3577.0102
63273,12300.9215,3878.9179
63274,12342.0595,4014.5594
63275,12340.3422,3533.0492
63276,12320.4283,3930.2998
63277,12331.2717,3593.8424
63278,12313.8295,3556.1663
63279,12307.1856,3704.0265
63280,12328.4354,3845.8845
63281,12332.5568,2911.7782
63282,12355.3685,2585.4295
63283,12320.9082,3922.4577
63284,12321.6822,2660.1118
63285,12301.1794,2824.7327
63286,12329.6355,3620.7934
63287,12317.4788,3920.4776
63288,12349.3259,2967.2494
63289,12321.3789,3191.4638
63290,12351.5257,3646.9164
63291,12308.2208,3456.6364
63292,12316.8096,3723.6919
63293,12341.3828,3809.4198
63294,12321.2494,2602.5771
63295,12327.8886,3344.5436
63296,12341.6053,2594.5994
63297,12340.8004,3110.9802
63298,12304.5484,3910.2143
63299,12306.9962,3283.7801
63300,12341.951,2610.8325
63301,12344.0237,2940.6839
63302,12331.8128,3144.33
63303,12344.3504,3334.7142
63304,12349.9403,2690.8031
63305,12347.8865,3032.7171
63306,12310.645,3743.1158
63307,12347.2755,2843.6422
63308,12354.048,3423.1472
63309,12356.7095,3941.6829
63310,12332.8096,2647.8039
63311,12341.5166,3002.4408
63312,12301.6541,3083.3306
63313,12332.6621,3314.3876
63314,12355.5106,3092.0217
63315,12324.942,4025.5527
63316,12318.2292,3579.9211
63317,12309.9504,3478.6445
63318,12344.7722,2599.3438
63319,12323.5924,3272.5968
63320,12340.8893,3140.2442
63321,12359.7388,3050.3567
63322,12321.1756,3680.9448
63323,12331.2934,3057.191
63324,12342.4625,2556.3797
63325,12334.187,4002.5571
63326,12334.8805,3416.4813
63327,12316.5803,2839.4082
63328,12331.3119,3508.9954
63329,12308.6231,3501.4361
63330,12351.5558,3464.1975
63331,12326.2498,3621.6277
63332,12310.5003,3943.4366
63333,12326.7966,2712.9636
63334,12345.4233,3257.2296
63335,12322.4623,3387.8027
63336,12329.3933,3164.8984
63337,12346.318,4014.0412
63338,12356.6689,2897.428
63339,12308.571,2911.4786
63340,12314.7344,3211.7948
63341,12358.6595,3013.9703
63342,12339.6011,3451.473
63343,12335.7495,2862.2556
63344,12331.6511,3772.2537
63345,12321.6632,3656.2744
63346,12342.4244,2858.0518
63347,12329.8167,4007.0037
63348,12358.6811,2756.0898
63349,12354.5967,2787.7649
63350,12335.5339,3363.6291
63351,12304.0123,3251.4061
63352,12317.7542,2815.296
63353,12316.1465,2658.6478
63354,12348.7929,2980.8117
63355,12321.9887,3781.6861
63356,12309.9172,2583.8809
63357,12338.8128,3956.1724
63358,12352.0232,3778.7062
63359,12327.4277,3728.5119
63360,12315.3322,3496.6279
63361,12354.6657,2623.9838
63362,12327.0475,2959.7097
63363,12349.2191,3086.9513
63364,12333.3885,3662.8424
63365,12340.619,3717.0062
63366,12320.637,3408.3355
63367,12361.7739,3312.2291
63368,12337.5867,3653.3105
63369,12356.7584,3418.1011
63370,12360.3258,2574.1555
63371,12343.2522,3029.6372
63372,12323.1567,2620.3416
63373,12320.2918,3940.5693
63374,12308.1397,3336.771
63375,12354.9099,3391.1175
63376,12312.7175,2996.527
63377,12323.4777,2762.0858
63378,12355.3417,2828.3014
63379,12306.0664,3585.2215
63380,12320.4349,3143.6366
63381,12343.1512,3775.0072
63382,12361.601,3723.9684
63383,12309.4978,2550.7706
63384,12343.6803,2507.1712
63385,12306.8482,2536.95
63386,12335.6915,3481.2665
63387,12331.2486,3617.1709
63388,12318.0391,3883.0211
63389,12360.4889,3108.7547
63390,12309.7154,3644.8718
63391,12302.7019,2837.5171
63392,12339.265,3667.7106
63393,12335.3088,3358.9864
63394,12344.2213,3149.061
63395,12304.9296,3612.8526
63396,12361.8465,2596.4638
63397,12323.8588,3938.6149
63398,12316.2193,3530.9114
63399,12348.365,3644.5608
63400,12347.9567,3773.0673
63401,12317.7131,2816.0565
63402,12353.0041,2646.7406
63403,12310.2028,3454.124
63404,12326.9317,3761.5824
63405,12340.6768,4045.4521
63406,12321.0896,3433.7061
63407,12348.699,3985.0007
63408,12334.9522,2573.9351
63409,12327.2974,4016.0724
63410,12358.4117,2736.0168
63411,12344.2849,3582.6001
63412,12304.1436,2569.2763
63413,12335.4408,2726.4333
63414,12352.1045,3066.6345
63415,12342.6918,3537.2883
63416,12316.2198,2750.7136
63417,12320.3384,3206.6306
63418,12348.5468,3981.8485
63419,12358.7101,4053.0242
63420,12335.9733,2868.532
63421,12347.4442,3117.5038
63422,12311.5568,3949.712
63423,12302.6872,3646.4486
63424,12319.8329,3898.3212
63425,12361.874,3960.1301
63426,12336.2802,3873.8906
63427,12311.603,3201.8735
63428,12355.1683,2932.7144
63429,12325.2494,3289.4088
63430,12353.0071,3538.5845
63431,12314.3897,2765.3631
63432,12315.2574,3470.7702
63433,12319.4041,2841.0003
63434,12348.569,3892.7531
63435,12340.6421,3689.9178
63436,12307.5481,3070.0219
63437,12347.038,3037.4966
63438,12333.8692,3755.606
63439,12360.262,3861.4013
63440,12349.0193,3489.9248
63441,12355.4155,3886.6362
63442,12362.3356,3064.584
63443,12348.9291,3558.8456
63444,12350.8485,3101.5168
63445,12363.1816,2987.2368
63446,12317.5012,2780.6533
63447,12304.3439,2858.0594
63448,12312.1387,3579.3011
63449,12336.4624,3355.6477
63450,12303.0553,3863.4944
63451,12353.542,3831.2956
63452,12303.0778,2566.355
63453,12311.7491,3409.2655
63454,12339.6863,3846.8112
63455,12335.4911,3761.2929
63456,12350.7394,3256.6652
63457,12339.6561,3348.2977
63458,12338.9933,3663.8697
63459,12327.0501,2562.6784
63460,12320.9236,2582.9733
63461,12328.6056,3020.1284
63462,12310.9497,3074.1608
63463,12347.4681,3546.9962
63464,12341.6555,2960.3609
63465,12348.4108,3355.3236
63466,12339.0489,2642.1385
63467,12312.496,3089.8842
63468,12352.7466,3578.2057
63469,12307.2662,3751.6637
63470,12308.2283,3443.1876
63471,12359.589,3860.4366
63472,12353.8802,2547.498
63473,12318.2549,3872.2282
63474,12335.2678,3859.7834
63475,12352.3052,3809.4717
63476,12318.8669,2606.4409
63477,12324.3623,3732.6581
63478,12309.3777,3983.5477
63479,12322.2118,4013.7066
63480,12352.2788,3853.551
63481,12314.6572,3317.3328
63482,12324.243,3054.5164
63483,12313.7877,2870.7039
63484,12318.9077,3302.2033
63485,12357.0602,3663.2379
63486,12341.1469,3493.0915
63487,12351.8565,3893.266
63488,12346.3865,3856.4572
63489,12305.5916,3018.8701
63490,12331.8137,3674.686
63491,12329.6133,2893.3249
63492,12306.9455,3349.7315
63493,12364.3995,3219.5918
63494,12345.0776,3867.3771
63495,12342.1102,2864.4025
63496,12311.064,2927.4848
63497,12347.5707,3567.5663
63498,12352.1084,3093.3578
63499,12317.6773,2734.236
63500,12315.734,3019.9874
63501,12341.8084,3992.0219
63502,12317.9419,2595.2787
63503,12337.7445,3983.0282
63504,12305.8264,3350.9908
63505,12355.1146,3221.6916
63506,12313.2865,3028.1896
63507,12357.9662,3317.0727
63508,12310.849,3499.8586
63509,12340.6786,2584.0372
63510,12312.8577,2802.6358
63511,12309.1136,4024.8716
63512,12350.0747,3357.2537
63513,12358.8834,3794.2072
63514,12363.2647,3450.2321
63515,12315.9203,2916.6547
63516,12322.3522,3999.2449
63517,12341.6557,2786.5433
63518,12355.4403,2583.0285
63519,12356.7018,3501.6042
63520,12329.1801,3108.4706
63521,12360.6705,2892.5229
63522,12338.3605,3732.3991
63523,12304.4723,3615.3691
63524,12305.1938,3282.259
63525,12324.3254,3348.1746
63526,12361.188,2996.4996
63527,12306.4164,2855.8497
63528,12323.1984,3243.1579
63529,12328.031,3357.8012
63530,12338.3403,3575.2859
63531,12350.3583,2575.817
63532,12359.8392,3279.1292
63533,12326.3106,3523.6792
63534,12349.5275,2687.235
63535,12362.1499,2706.5618
63536,12348.3569,3332.8196
63537,12358.6188,2700.4009
63538,12312.4353,3323.1325
63539,12314.3164,2683.443
63540,12361.9896,3594.2788
63541,12366.7117,3667.2807
63542,12309.4813,2847.8178
63543,12337.9805,3944.2344
63544,12356.0461,3437.9054
63545,12309.0365,2906.2516
63546,12323.1344,2990.5048
63547,12353.861,3249.5727
63548,12339.0498,2912.0042
63549,12312.9336,3282.677
63550,12327.7675,2967.7733
63551,12365.1862,3154.7831
63552,12329.2334,3938.1684
63553,12338.2811,3380.7721
63554,12306.9674,2610.432
63555,12365.7742,2870.194
63556,12342.7394,2947.4767
63557,12322.3512,3370.9505
63558,12347.0753,3097.3819
63559,12361.5049,2706.9333
63560,12338.7833,3436.5025
63561,12367.6577,4037.8183
63562,12356.0621,3762.0795
63563,12347.0513,3958.4583
63564,12330.6199,2957.7141
63565,12360.3951,3829.3066
63566,12352.9053,2703.6803
63567,12315.2461,3828.1421
63568,12333.2194,2799.4363
63569,12350.5533,3045.5382
63570,12323.1737,3947.8905
63571,12349.9168,2811.5403
63572,12323.2885,2567.6974
63573,12355.0523,3906.7551
63574,12319.0852,3904.166
63575,12310.1405,2708.3172
63576,12357.0944,3276.0966
63577,12369.277,3246.703
63578,12368.109,2593.4329
63579,12315.0609,3379.8254
63580,12325.6426,2641.2065
63581,12357.5964,3710.522
63582,12340.5439,2744.149
63583,12362.0141,3913.0489
63584,12340.4184,3421.0422
63585,12348.0465,2698.2819
63586,12309.7324,2527.244
63587,12369.9295,2770.1422
63588,12334.5694,2605.4167
63589,12344.1861,2873.9886
63590,12353.3093,3843.8773
63591,12350.8097,3702.524
63592,12345.6288,3702.8215
63593,12313.2497,3952.092
63594,12330.1105,2839.1314
63595,12346.4892,3255.1523
63596,12365.192,3401.9454
63597,12322.7292,3522.414
63598,12346.3785,3522.9219
63599,12365.1914,3575.2414
63600,12317.336,3302.6048
63601,12328.7428,3029.6695
63602,12332.4162,3522.7127
63603,12314.7663,3638.6387
63604,12346.1949,3558.3662
63605,12311.0996,3681.441
63606,12317.384,2985.0128
63607,12321.6223,3983.2752
63608,12319.6204,2978.0772
63609,12350.4607,3777.1043
63610,12317.7274,3721.3476
63611,12354.6297,3422.6088
63612,12332.9206,3300.1239
63613,12318.1426,2595.4659
63614,12346.1583,3476.8852
63615,12332.4439,3463.1995
63616,12334.1914,2517.8038
63617,12360.5918,3621.4212
63618,12334.518,2859.8516
63619,12338.826,3749.0924
63620,12327.4061,3655.6775
63621,12350.182,2669.3528
63622,12343.9229,3208.2054
63623,12357.9458,3898.2807
63624,12318.261,3960.609
63625,12366.1714,3144.0448
63626,12342.4231,3710.7977
63627,12320.2276,3663.322
63628,12330.551,3349.4648
63629,12375.3022,3625.8545
63630,12327.9909,3271.7647
63631,12367.0148,3985.2275
63632,12334.5956,4048.3291
63633,12358.2505,3242.5119
63634,12367.6666,2547.4398
63635,12353.5429,3280.7248
63636,12318.1287,3475.2588
63637,12348.4567,3201.9252
63638,12369.3258,3981.5157
63639,12348.1098,2983.8303
63640,12376.069,3742.5354
63641,12357.2229,3905.4223
63642,12316.4468,3740.6751
63643,12351.0833,3795.0155
63644,12328.1384,3355.1556
63645,12370.483,3197.9165
63646,12374.5856,3292.0873
63647,12324.9174,3867.5676
63648,12377.3595,2904.0784
63649,12331.8652,3939.5775
63650,12321.449,2704.0661
63651,12375.3311,3666.6454
63652,12357.8535,2893.8583
63653,12365.246,3161.8527
63654,12353.9588,3283.9381
63655,12349.3294,3619.4793
63656,12345.7843,3711.544
63657,12320.9349,2537.6612
63658,12346.6926,3504.1209
63659,12340.6262,2564.3915
63660,12322.9517,3675.6413
63661,12334.9885,2623.1539
63662,12360.1683,3547.6026
63663,12359.9113,4047.6517
63664,12362.083,3786.2565
63665,12339.8588,2610.9459
63666,12349.2144,3668.6692
63667,12326.9343,2742.1731
63668,12360.2018,2900.7952
63669,12350.941,3113.8661
63670,12372.0361,2624.4979
63671,12344.0889,2972.1569
63672,12334.5752,3581.9486
63673,12381.7049,3369.5964
63674,12371.4376,2732.9991
63675,12375.4424,3743.0637
63676,12323.9723,2985.7975
63677,12326.5221,4011.6914
63678,12354.2415,3419.8438
63679,12378.4818,3331.6815
63680,12373.145,3036.6619
63681,12365.9057,4028.7122
63682,12345.1568,3188.0778
63683,12327.9443,2504.9528
63684,12372.1283,2675.4942
63685,12354.7292,3617.4215
63686,12349.4717,2918.8032
63687,12376.0353,3980.7524
63688,12354.2404,2808.8761
63689,12366.7353,3549.8406
63690,12366.9899,2621.8034
63691,12363.4929,3186.4825
63692,12365.329,3251.1106
63693,12342.2553,3616.5534
63694,12371.9272,2625.2436
63695,12379.4678,3988.8135
63696,12347.2349,3971.3475
63697,12378.7467,3061.9921
63698,12378.399,2902.7995
63699,12365.1678,3369.7101
63700,12380.2898,4049.0763
63701,12376.152,3400.2487
63702,12359.9985,3295.368
63703,12388.9784,2850.0167
63704,12360.9267,3529.4763
63705,12353.7926,3412.4592
63706,12365.1125,3675.4972
63707,12343.0123,3989.4845
63708,12386.0733,3711.0418
63709,12335.2788,3557.712
63710,12369.7728,2824.3548
63711,12330.8843,2549.5374
63712,12349.3933,3846.9992
63713,12346.5213,3223.9794
63714,12345.9928,3676.9309
63715,12388.4518,2966.9621
63716,12387.9224,3663.285
63717,12333.9697,3862.9809
63718,12374.8815,3703.3786
63719,12360.2759,3000.5558
63720,12362.1314,2935.8505
63721,12386.2515,3482.0646
63722,12352.7553,3465.7461
63723,12354.4134,3320.3236
63724,12340.0172,2715.0457
63725,12366.3037,3070.2525
63726,12349.5575,3363.0655
63727,12385.0931,2905.3602
63728,12394.5576,2895.4197
63729,12335.1887,3005.4815
63730,12377.8385,3699.1386
63731,12354.0571,2723.5995
63732,12353.9189,2949.1424
63733,12348.2758,3834.2756
63734,12355.7625,3668.2683
63735,12362.7271,2751.8741
63736,12394.6418,2567.2648
63737,12391.3294,2603.7893
63738,12396.6917,3927.9681
63739,12342.9376,3253.3924
63740,12371.7177,3519.2307
63741,12398.6298,3563.4101
63742,12381.6236,3999.9967
63743,12371.6699,2866.9119
63744,12351.3261,3717.3178
63745,12392.7112,3869.9494
63746,12385.8859,3428.3117
63747,12365.0345,3639.6811
63748,12387.4838,2995.577
63749,12355.2765,3291.918
63750,12392.7739,3092.9861
63751,12367.2614,3831.1918
63752,12360.1876,3102.7351
63753,12367.0031,2923.8725
63754,12350.9179,2641.2285
63755,12357.2697,3233.8227
63756,12397.2996,2658.6474
63757,12360.3516,3836.3423
63758,12352.2263,2926.7612
63759,12403.5361,3966.7251
63760,12394.8565,2552.2178
63761,12394.9517,3871.2681
63762,12366.5646,2679.1802
63763,12394.3397,2684.3001
63764,12389.1011,2971.6225
63765,12391.6285,3555.4941
63766,12370.107,3588.1485
63767,12383.3041,3909.8525
63768,12361.1074,3323.6508
63769,12402.2194,3369.8596
63770,12364.9056,3973.5603
63771,12347.3312,3169.6036
63772,12387.7917,2643.0621
63773,12354.8358,2872.1244
63774,12352.9405,3009.9836
63775,12386.0496,3095.4434
63776,12378.7616,2725.95
63777,12377.646,3147.1247
63778,12377.88,2984.4494
63779,12364.9555,3042.6863
63780,12406.0433,2737.9943
63781,12379.8163,2909.1062
63782,12383.9898,2851.4834
63783,12397.2021,3534.7185
63784,12352.4188,2697.1578
63785,12387.8282,3073.3451
63786,12408.2843,3891.3662
63787,12358.3822,2523.3987
63788,12361.7705,3913.6729
63789,12379.2095,2894.1662
63790,12373.4426,3493.3828
63791,12365.2081,2813.1096
63792,12394.9318,3708.9311
63793,12379.7498,3662.8743
63794,12383.681,3410.2221
63795,12402.7345,3669.0659
63796,12365.1803,4033.1851
63797,12362.7837,2738.8855
63798,12361.4171,3160.7366
63799,12388.6207,2808.2732
63800,12366.609,3960.8209
63801,12374.7377,3504.7156
63802,12399.9365,2647.7352
63803,12369.4285,3734.7366
63804,12403.9607,2534.1417
63805,12359.7766,3192.5173
63806,12380.4224,3177.1242
63807,12409.2137,3757.464
63808,12410.7182,2888.9849
63809,12408.6665,3452.4997
63810,12397.8437,3511.8007
63811,12401.0773,3754.2279
63812,12375.2198,2634.476
63813,12368.9777,3127.4957
63814,12366.2105,3868.5799
63815,12413.9124,2636.8997
63816,12401.2063,3126.2577
63817,12402.9676,2654.6869
63818,12377.1321,3999.3892
63819,12391.5831,2733.0666
63820,12369.4389,3616.4191
63821,12426.0584,3791.5716
63822,12412.4149,3508.7752
63823,12424.5646,2815.3363
63824,12421.9781,3051.8829
63825,12397.6097,3710.603
63826,12425.9714,3778.6191
63827,12378.6034,3564.2344
63828,12371.3186,3560.4688
63829,12413.1021,2558.5983
63830,12376.8678,3452.9166
63831,12419.148,2554.9145
63832,12413.0843,3942.2659
63833,12375.0076,3649.4986
63834,12393.8387,3838.762
63835,12418.5063,2920.0007
63836,12370.7392,3535.0282
63837,12376.1899,3618.9223
63838,12411.07,3043.947
63839,12429.5698,3866.7622
63840,12427.3442,2741.3295
63841,12387.5775,4031.678
63842,12389.0938,3998.4588
63843,12418.6596,3098.1069
63844,12407.5177,3743.1882
63845,12395.3373,3513.0992
63846,12436.8582,2937.9843
63847,12420.1028,3954.885
63848,12418.0777,4012.9949
63849,12428.44,3588.136
63850,12401.4185,3299.0551
63851,12381.0714,3622.0079
63852,12388.4332,3016.2781
63853,12390.822,3465.1496
63854,12422.1692,2678.9296
63855,12423.9845,3381.2837
63856,12399.1017,2627.4595
63857,12405.5261,3150.1256
63858,12403.8401,2688.0883
63859,12409.2057,3651.9094
63860,12434.7793,2791.8512
63861,12438.1019,3747.8049
63862,12434.2895,3642.3227
63863,12388.5368,3646.6986
63864,12438.5467,3277.3679
63865,12445.3246,3252.4823
63866,12445.0186,3876.6209
63867,12409.7552,4030.2722
63868,12399.5781,3396.8284
63869,12423.1169,3840.6828
63870,12400.3679,3628.6019
63871,12429.5036,3477.4805
63872,12436.9968,2814.7314
63873,12397.7609,3551.9976
63874,12443.589,3173.4302
63875,12394.107,3984.4994
63876,12440.7612,4018.9078
63877,12443.158,2725.0579
63878,12438.6842,3650.318
63879,12439.4756,2986.0583
63880,12397.4064,3623.695
63881,12404.3992,2736.1411
63882,12396.091,3163.33
63883,12448.0329,3444.3087
63884,12450.8975,3830.8
63885,12454.6807,3733.9406
63886,12435.057,3683.7329
63887,12448.7063,3516.6743
63888,12428.2082,2954.3322
63889,12402.6973,3972.8293
63890,12421.8408,3760.5062
63891,12441.3328,3958.9558
63892,12424.8527,2795.8073
63893,12401.7333,2904.7947
63894,12429.6413,2658.152
63895,12446.0892,3670.0048
63896,12420.23,3861.7088
63897,12446.3501,3728.9846
63898,12463.5356,3339.2956
63899,12462.5379,3960.7913
63900,12443.6512,3702.3979
63901,12446.0604,3810.8517
63902,12438.5074,2579.9906
63903,12429.4605,3234.7701
63904,12449.2671,3979.7328
63905,12450.6061,3660.2784
63906,12455.2861,3473.5031
63907,12453.2066,3024.76
63908,12450.1028,3900.5631
63909,12437.4859,3537.4257
63910,12441.356,2905.0294
63911,12420.3773,2706.0715
63912,12413.7106,3723.6641
63913,12419.233,3094.3229
63914,12416.4609,3026.3549
63915,12439.7553,3616.8763
63916,12450.6127,2928.0572
63917,12423.2152,4075.0047
63918,12462.7919,2541.9152
63919,12441.9889,3013.1581
63920,12435.5484,4079.933
63921,12477.2684,3932.4955
63922,12427.7438,3904.0128
63923,12440.2093,3676.0764
63924,12428.2022,3332.9892
63925,12439.1368,2981.6713
63926,12431.1592,3360.6823
63927,12477.0322,2754.8065
63928,12455.0517,4080.691
63929,12470.2095,4007.1884
63930,12424.5868,3921.8613
63931,12459.1154,2555.6107
63932,12445.2912,2560.7715
63933,12430.1108,3138.6628
63934,12471.8233,3909.0335
63935,12479.8384,2988.0576
63936,12465.3311,3863.9047
63937,12463.7883,4054.627
63938,12480.43,4049.8258
63939,12453.2022,3903.1196
63940,12466.5023,3877.7289
63941,12432.1641,3972.3372
63942,12462.4902,3460.6647
63943,12490.0707,3378.0141
63944,12439.1303,3737.9245
63945,12477.7721,2563.6618
63946,12491.3675,2747.3667
63947,12487.4663,3847.8709
63948,12475.6003,3027.4326
63949,12435.6795,3716.9643
63950,12495.7517,3478.4126
63951,12470.7986,3503.6584
63952,12491.5725,3043.3084
63953,12452.7944,3398.0258
63954,12456.2431,2878.7865
63955,12492.7734,3134.7237
63956,12451.6687,3816.9746
63957,12465.0939,3155.6595
63958,12453.1764,3807.7744
63959,12466.9771,3269.2626
63960,12443.8587,3529.8258
63961,12452.2155,2734.5245
63962,12477.368,4017.8984
63963,12491.4903,2725.9529
63964,12501.5471,2762.7852
63965,12479.2778,3776.2629
63966,12474.2126,3463.7685
63967,12493.329,3186.3368
63968,12475.1307,3234.4848
63969,12466.831,2625.3856
63970,12494.7029,4078.4806
63971,12508.2354,3129.2
63972,12477.7144,3686.7951
63973,12501.1861,2977.2113
63974,12502.5224,3022.1039
63975,12464.2451,3591.8644
63976,12506.0504,3366.0226
63977,12478.3238,3835.2337
63978,12479.9782,3057.8094
63979,12506.9816,3928.2497
63980,12504.4532,3335.2976
63981,12510.6225,3507.1867
63982,12492.976,4046.1171
63983,12511.0988,3714.3833
63984,12467.4852,4087.4457
63985,12469.3537,2633.4904
63986,12462.0603,2601.57
63987,12516.7198,3908.358
63988,12490.479,3074.1921
63989,12480.4947,3863.9891
63990,12512.6668,3247.6463
63991,12517.8904,3067.4252
63992,12520.7918,2767.9935
63993,12464.8812,2988.9858
63994,12467.727,3814.9804
63995,12517.7903,3991.3386
63996,12485.004,3133.7399
63997,12516.0977,3327.775
63998,12494.0896,3878.0534
63999,12498.9379,3647.4691
64000,12502.6303,3958.3597
64001,12522.2649,2729.635
64002,12477.4092,2567.4483
64003,12486.421,3148.7839
64004,12476.9968,4034.9601
64005,12514.098,3007.5312
64006,12505.4972,3869.3955
64007,12499.2374,3232.9589
64008,12506.3627,4109.3256
64009,12521.411,3016.3055
64010,12539.6532,3708.5122
64011,12500.6838,2800.5368
64012,12499.0769,2985.9861
64013,12536.3673,3250.8533
64014,12533.8134,2873.5399
64015,12505.7958,3713.0513
64016,12517.5697,3912.5223
64017,12533.5952,3596.8326
64018,12517.6453,2558.3776
64019,12489.7529,3009.9149
64020,12506.5038,3294.1504
64021,12533.3837,2741.806
64022,12533.0872,3624.721
64023,12524.1235,3037.3138
64024,12511.2314,3632.0567
64025,12515.8249,3688.6292
64026,12525.0691,3715.0319
64027,12521.2443,3461.242
64028,12535.5178,3724.435
64029,12537.0493,3516.5406
64030,12535.7767,3062.0871
64031,12520.1481,3721.1334
64032,12557.6295,2866.6882
64033,12507.0821,3803.2229
64034,12503.11,3512.085
64035,12515.8946,3252.0645
64036,12523.3092,4039.4059
64037,12557.8425,3243.28
64038,12516.7508,3141.2209
64039,12506.8174,3809.3936
64040,12545.3518,2858.8127
64041,12548.0245,2564.91
64042,12534.9844,3507.6041
64043,12519.4277,2913.576
64044,12551.7346,3715.3028
64045,12551.8181,3389.393
64046,12515.9919,4020.6567
64047,12570.1565,4049.5721
64048,12509.6487,3198.8681
64049,12541.558,2925.4974
64050,12565.306,3140.8038
64051,12537.2894,3478.7631
64052,12551.2181,3344.6362
64053,12514.2133,3921.7842
64054,12572.3114,3855.1453
64055,12558.5163,3099.6553
64056,12536.8893,2638.2835
64057,12558.6714,3435.0503
64058,12555.056,4064.0297
64059,12524.5504,4008.8675
64060,12548.1992,2626.6231
64061,12519.9076,4037.84
64062,12540.8013,4050.4432
64063,12562.7353,3540.426
64064,12552.8107,4068.3974
64065,12581.4796,4133.5409
64066,12574.2938,3313.0951
64067,12573.1852,3285.9165
64068,12544.4972,3243.6898
64069,12563.8264,2551.648
64070,12550.8398,2949.1764
64071,12569.5153,3708.5141
64072,12578.2574,3594.5689
64073,12582.2856,3239.7508
64074,12552.627,2790.3952
64075,12538.8784,3597.3204
64076,12561.4449,2667.2632
64077,12537.1553,3640.0233
64078,12545.9191,3923.319
64079,12549.9207,3995.7685
64080,12558.8449,4088.9967
64081,12547.3809,3359.609
64082,12575.4417,3502.592
64083,12544.3213,2562.1484
64084,12587.7533,2830.5272
64085,12592.6375,3843.5186
64086,12581.1534,3575.6569
64087,12587.8298,2760.9434
64088,12578.4981,2966.8282
64089,12599.894,3197.8006
64090,12572.6733,3602.5532
64091,12602.6397,2594.0249
64092,12607.0033,3730.0735
64093,12556.5438,2658.9449
64094,12559.0329,2595.5793
64095,12595.4728,2951.4364
64096,12582.0029,3543.3691
64097,12601.1946,3050.5602
64098,12598.7428,3852.3417
64099,12609.8377,2841.2698
64100,12570.949,3793.6967
64101,12572.9794,2979.8899
64102,12598.4777,3370.575
64103,12580.8379,4088.3953
64104,12618.6245,3330.7541
64105,12580.0459,3032.249
64106,12567.0113,4070.8261
64107,12585.0116,2677.3564
64108,12599.8842,3482.2379
64109,12586.4274,2934.9691
64110,12624.6297,2900.1124
64111,12620.7748,3896.8302
64112,12589.2246,2947.7677
64113,12623.2267,3195.7921
64114,12577.3912,3289.5498
64115,12605.2254,3161.3556
64116,12626.2614,4081.4728
64117,12621.1202,2920.3365
64118,12583.1827,3264.2606
64119,12581.0844,3772.0118
64120,12628.5252,2785.4642
64121,12627.1292,3636.322
64122,12613.2008,3326.5522
64123,12638.0675,3977.5415
64124,12626.6605,3983.7443
64125,12589.4636,3891.8767
64126,12596.9867,3892.2753
64127,12581.9022,3754.6012
64128,12582.4718,4134.2157
64129,12581.5637,3883.1483
64130,12630.7793,3016.8131
64131,12634.7956,3681.7579
64132,12587.4961,3252.3105
64133,12618.1556,3672.14
64134,12633.4975,2587.9111
64135,12615.669,2938.0359
64136,12639.5689,2859.9139
64137,12607.2271,2862.2158
64138,12599.9522,4020.9613
64139,12635.941,3747.7894
64140,12605.5445,3564.8426
64141,12641.1048,3640.0148
64142,12603.2828,3669.718
64143,12646.0577,3758.291
64144,12658.9065,2688.7949
64145,12627.9147,3450.8493
64146,12625.5182,3935.8193
64147,12656.203,3846.7803
64148,12637.0903,4131.1929
64149,12605.7461,3621.4659
64150,12622.0096,2765.5961
64151,12627.3704,2927.1918
64152,12619.0076,2579.3762
64153,12662.4382,3690.3882
64154,12640.6338,3935.8995
64155,12614.8391,4007.7219
64156,12640.8575,4020.3941
64157,12653.0754,3629.8143
64158,12659.2652,3442.26
64159,12647.4106,3777.9758
64160,12670.1602,3886.2371
64161,12660.237,2573.5047
64162,12642.9693,3890.4635
64163,12663.3549,3371.2047
64164,12651.638,3542.6051
64165,12624.9227,3316.6789
64166,12680.8567,4068.325
64167,12675.3092,3902.8675
64168,12635.9258,4043.9968
64169,12637.5092,3898.8731
64170,12663.8343,3771.3579
64171,12670.5116,4072.7032
64172,12669.8447,4070.5485
64173,12675.2078,3679.4913
64174,12681.3557,3647.497
64175,12673.1357,2601.8512
64176,12680.9615,4143.8394
64177,12673.0128,3434.632
64178,12666.1501,2955.1494
64179,12630.8746,3578.2451
64180,12677.7297,3657.8824
64181,12695.5556,3057.5497
64182,12646.5299,2745.53
64183,12647.3445,2954.5074
64184,12684.224,3542.2542
64185,12695.5523,4161.9497
64186,12687.8361,2754.7727
64187,12656.8955,2851.3155
64188,12697.3738,2897.8419
64189,12667.6114,3324.6492
64190,12673.7483,2844.9303
64191,12652.1449,3929.4487
64192,12649.704,3539.8805
64193,12646.1309,4052.5013
64194,12702.9946,2725.3125
64195,12659.3926,3157.6178
64196,12656.7648,3629.722
64197,12682.0836,3207.9961
64198,12665.9734,3024.8826
64199,12666.1142,2701.9359
64200,12701.1006,3804.6971
64201,12699.0317,2634.7224
64202,12695.0243,2899.1466
64203,12708.5054,3634.5274
64204,12693.0644,3657.4646
64205,12677.7383,3931.1259
64206,12682.492,3065.9538
64207,12675.6287,3215.5985
64208,12702.2502,3725.2896
64209,12672.4773,3095.5479
64210,12692.4857,2824.3851
64211,12708.393,3443.8114
64212,12719.991,4025.3459
64213,12705.1232,3858.1347
64214,12689.692,3874.8229
64215,12700.5251,2846.4388
64216,12708.0173,2976.6104
64217,12720.9242,3931.2087
64218,12712.2556,4069.8572
64219,12727.9007,3697.4034
64220,12717.1595,4120.3955
64221,12695.4507,3259.4492
64222,12711.488,3187.0883
64223,12723.2394,4059.7383
64224,12716.6159,3717.2622
64225,12727.5507,3393.9711
64226,12732.5726,2812.1654
64227,12682.9173,3589.6907
64228,12702.3982,2945.4824
64229,12735.2607,3959.9827
64230,12738.2199,2623.4912
64231,12729.7926,2839.7555
64232,12699.1201,3840.9944
64233,12716.194,4118.8452
64234,12732.927,3807.0467
64235,12749.674,4051.4331
64236,12715.6655,4025.0943
64237,12717.0733,4024.5444
64238,12715.8001,3024.8121
64239,12714.4171,3666.9625
64240,12721.3515,3982.5471
64241,12710.6014,2942.6353
64242,12745.133,3188.6145
64243,12703.1772,3410.4948
64244,12734.4429,3977.5633
64245,12734.9638,3702.383
64246,12753.2775,3908.7193
64247,12726.6284,2603.6101
64248,12731.5255,2705.1769
64249,12726.2727,2808.6194
64250,12723.6304,4141.8295
64251,12706.5564,2794.3235
64252,12717.2369,3107.2912
64253,12735.8357,4181.5415
64254,12738.3246,3864.5282
64255,12710.6801,3767.754
64256,12741.1875,3481.8343
64257,12741.5265,3852.3638
64258,12755.0902,4106.2943
64259,12741.2237,3994.0272
64260,12773.6866,3210.6259
64261,12739.0745,3929.3618
64262,12718.3488,2727.2352
64263,12730.6667,3278.9147
64264,12757.6607,2613.4852
64265,12778.0226,3269.9555
64266,12766.3211,2946.6532
64267,12729.841,2691.3423
64268,12724.7877,3697.6633
64269,12758.072,3818.7486
64270,12752.6093,3789.4088
64271,12790.0197,2809.8829
64272,12764.7619,3985.4406
64273,12760.4507,3427.41
64274,12770.9921,2905.768
64275,12736.6073,3859.3818
64276,12771.7789,2657.4839
64277,12764.3771,3573.3804
64278,12779.2056,3235.1751
64279,12737.4569,3945.0321
64280,12748.7975,2905.2511
64281,12760.588,3460.8738
64282,12743.3208,3723.9359
64283,12767.6557,3280.4211
64284,12768.0143,2807.407
64285,12790.4854,3890.274
64286,12805.0809,3883.252
64287,12806.956,3639.8671
64288,12750.4774,3101.2627
64289,12783.0213,2622.7813
64290,12785.0708,3208.9126
64291,12751.4733,3721.6284
64292,12763.4613,3137.2444
64293,12810.283,3866.3816
64294,12804.1979,3048.8824
64295,12804.1218,3381.8246
64296,12777.394,4060.5793
64297,12756.7339,3372.4228
64298,12807.1209,3219.0375
64299,12793.1588,3838.6587
64300,12775.7015,2969.4733
64301,12815.6129,3709.6644
64302,12813.5413,3283.1002
64303,12819.4789,4172.7388
64304,12799.283,3791.9122
64305,12781.4806,3432.0626
64306,12821.4531,3643.0911
64307,12799.9566,3021.8934
64308,12777.9773,2719.3298
64309,12774.0641,3641.1203
64310,12813.0449,3139.8045
64311,12790.1801,3785.7616
64312,12788.4508,4072.6686
64313,12827.6625,3108.5889
64314,12838.3518,3918.2286
64315,12781.6581,3011.1694
64316,12781.4092,3650.9197
64317,12842.1679,3083.9821
64318,12800.1826,3773.9674
64319,12815.2132,3625.603
64320,12829.5781,2952.0138
64321,12817.631,4114.058
64322,12811.0197,3305.0334
64323,12801.1042,3032.5352
64324,12809.4058,4118.482
64325,12834.3573,2629.3364
64326,12793.2694,3618.7687
64327,12840.4492,3847.2064
64328,12797.0606,3672.2905
64329,12816.8359,4103.5465
64330,12846.8636,2978.7218
64331,12812.7081,2933.1299
64332,12824.7925,3179.9695
64333,12801.9995,3640.87
64334,12822.724,3155.9976
64335,12850.4553,3537.5425
64336,12813.6648,3107.809
64337,12849.3383,3562.2043
64338,12807.7598,3750.1546
64339,12803.617,3848.9273
64340,12863.1572,2781.6552
64341,12843.205,3786.9593
64342,12810.5781,4163.045
64343,12858.1849,2746.3446
64344,12863.5728,3538.8504
64345,12835.2264,4136.9329
64346,12816.0648,3298.0222
64347,12849.1864,2634.0098
64348,12823.6022,3176.0881
64349,12867.75,3176.479
64350,12855.4604,4197.795
64351,12817.6176,3242.8569
64352,12859.8714,3542.8567
64353,12834.5795,3721.6157
64354,12845.5294,3860.0173
64355,12829.3661,4175.7642
64356,12838.9995,3156.3673
64357,12855.6529,3958.9067
64358,12879.0908,2616.2087
64359,12849.9358,3192.6187
64360,12833.4225,2933.6008
64361,12855.4787,3543.4307
64362,12849.4416,3197.5011
64363,12877.5561,3757.0872
64364,12863.4435,3512.9483
64365,12837.0606,3665.4836
64366,12892.8733,3061.9525
64367,12844.7557,4108.1526
64368,12837.97,3128.8464
64369,12863.265,2896.9246
64370,12895.7698,3696.8812
64371,12894.5822,2715.1514
64372,12852.2733,3176.5889
64373,12895.2446,3181.1082
64374,12870.8641,3003.5148
64375,12846.992,2682.6577
64376,12894.1213,2654.5627
64377,12871.9134,3453.3849
64378,12904.4399,4034.2607
64379,12877.9158,3601.3864
64380,12880.6708,3139.7189
64381,12892.0482,4221.0244
64382,12852.1428,3362.4872
64383,12859.669,3362.1934
64384,12890.8927,2840.8346
64385,12916.4061,3989.0014
64386,12877.8145,4115.805
64387,12878.0762,4179.5066
64388,12890.7119,3800.7295
64389,12874.4503,2704.3766
64390,12869.5288,3735.953
64391,12887.0423,3311.1095
64392,12878.7253,3735.2902
64393,12915.4148,3930.2157
64394,12884.2745,2990.8469
64395,12874.0422,2958.5156
64396,12871.3052,3667.1456
64397,12889.1124,3570.9971
64398,12905.9867,3239.6385
64399,12910.5067,2908.4026
64400,12898.0511,3121.3704
64401,12932.8691,3687.2327
64402,12894.2028,3699.8706
64403,12886.1205,3251.6744
64404,12895.6181,4032.528
64405,12927.6743,3636.4223
64406,12930.3863,4190.0584
64407,12903.478,3633.8881
64408,12888.2138,4069.3535
64409,12903.5835,3796.3344
64410,12889.0217,2982.0894
64411,12897.2311,3839.2795
64412,12901.5586,4163.7203
64413,12888.2429,3584.9858
64414,12925.7595,3882.9541
64415,12936.002,3119.6462
64416,12927.1329,4091.6812
64417,12912.7228,3196.9131
64418,12938.4096,3844.5624
64419,12951.1824,3466.4945
64420,12906.6979,3417.7253
64421,12935.4403,3937.4927
64422,12910.331,4198.4899
64423,12944.1367,3532.6717
64424,12932.9699,3921.1279
64425,12941.3315,3108.6995
64426,12944.9864,3185.8469
64427,12950.0085,3036.982
64428,12913.9332,3797.825
64429,12906.6901,3773.8681
64430,12946.1181,2982.0781
64431,12909.9559,2662.6808
64432,12954.3315,3826.391
64433,12937.3681,3325.9331
64434,12921.6208,4082.9057
64435,12958.5958,4137.6022
64436,12976.0231,3477.2322
64437,12930.3603,2713.0555
64438,12945.2444,3513.1379
64439,12953.2089,2846.6432
64440,12929.7,3837.22
64441,12950.6137,4119.9537
64442,12970.9043,3263.9907
64443,12933.3819,3536.1362
64444,12952.0196,3694.4885
64445,12972.4667,2773.3781
64446,12980.2747,3575.5575
64447,12979.8466,4149.3511
64448,12934.1398,2982.1711
64449,12947.0264,3661.9422
64450,12952.4997,3681.2749
64451,12951.3387,3287.2707
64452,12975.6953,2752.4957
64453,12970.6554,2830.979
64454,12985.7636,2714.3174
64455,12937.569,2868.795
64456,12960.1963,3481.8881
64457,12962.1317,3133.0759
64458,12962.5527,2833.9978
64459,12976.1569,3485.3262
64460,12956.7221,3567.2894
64461,12950.55,4175.1483
64462,12960.7157,3374.5299
64463,13000.7114,4150.6751
64464,12965.3095,3970.9989
64465,12953.7988,2913.0913
64466,12966.8879,3139.6359
64467,12962.1259,3104.8941
64468,13002.4492,3203.343
64469,12950.8679,3180.8884
64470,12973.8261,3848.6058
64471,13015.4986,3823.4651
64472,12972.9229,3868.6951
64473,12975.056,2964.0236
64474,13018.6373,3594.2139
64475,12973.2798,4072.5391
64476,13020.4825,2825.9578
64477,13001.3717,3416.7103
64478,12969.3982,3742.5171
64479,13015.5449,3785.8694
64480,12976.7304,3296.1408
64481,13000.486,4061.7153
64482,12981.4167,3320.7022
64483,13027.6699,3126.3614
64484,13002.9413,2760.0598
64485,13007.5853,2832.7857
64486,12978.1314,3506.7388
64487,13025.6135,3252.7311
64488,13036.1983,3451.2727
64489,13014.8227,3836.0927
64490,13037.4148,2805.3042
64491,12999.1343,3915.8105
64492,13011.7463,3224.6959
64493,13011.4824,3751.2233
64494,12988.8957,4017.0845
64495,13042.5333,3747.7233
64496,12982.6536,3023.4426
64497,13012.83,3751.4038
64498,13026.9327,2865.7871
64499,13041.5549,3992.0945
64500,13004.4361,4194.3275
64501,13018.8453,3379.1619
64502,12994.6011,2830.0884
64503,12991.1361,3119.8393
64504,13034.0204,3592.7543
64505,13023.4836,4058.0376
64506,13047.7025,2861.0638
64507,13019.049,4113.339
64508,13013.395,4243.1931
64509,13019.8914,3112.3522
64510,13059.8204,3164.6132
64511,13057.8835,3826.2014
64512,13050.2544,3865.6545
64513,13046.3895,4031.0591
64514,13047.1119,3793.5073
64515,13003.9059,3572.5785
64516,13009.6764,3405.9078
64517,13057.2944,4166.3401
64518,13063.8115,3851.5299
64519,13010.2793,3258.3154
64520,13042.462,3690.6469
64521,13030.2706,3913.7082
64522,13073.5561,3274.3931
64523,13068.1922,4168.5439
64524,13060.1433,3564.6821
64525,13033.8141,3166.6684
64526,13019.1785,4045.2301
64527,13029.7601,2986.0782
64528,13023.3692,3013.2273
64529,13068.5961,4261.8713
64530,13020.3503,3763.9302
64531,13036.6808,3795.3465
64532,13045.2827,4167.6287
64533,13078.6396,3247.7161
64534,13034.0445,2779.6854
64535,13052.2221,3930.3725
64536,13083.1033,4009.7024
64537,13073.8165,3449.5383
64538,13072.3393,3499.5346
64539,13078.8241,2695.1464
64540,13042.9216,3993.3418
64541,13045.6929,4205.0365
64542,13052.4436,3829.8496
64543,13088.9869,3195.3155
64544,13044.4195,2759.6566
64545,13049.7919,3474.4482
64546,13080.5836,3037.2414
64547,13048.9043,3579.4253
64548,13095.4279,2837.5469
64549,13095.1969,3733.2865
64550,13061.7678,3476.3524
64551,13075.2214,3617.2794
64552,13105.3619,3654.9396
64553,13080.5578,3541.2874
64554,13106.84,2874.2488
64555,13050.237,3600.9106
64556,13099.3292,3689.2355
64557,13097.6492,4120.9133
64558,13083.9338,3897.0629
64559,13080.0373,3771.4839
64560,13082.8801,3410.1977
64561,13061.7563,2991.8036
64562,13055.8319,3805.7118
64563,13087.2315,3449.556
64564,13071.325,3835.6671
64565,13088.7527,4058.4744
64566,13079.088,3287.7579
64567,13075.1086,3680.6712
64568,13070.5549,4289.7879
64569,13073.3524,3720.5536
64570,13086.9125,3981.7283
64571,13096.3738,2717.7511
64572,13081.5818,2911.6791
64573,13121.1513,2716.3116
64574,13087.2924,4020.2689
64575,13105.1758,2994.8073
64576,13107.9145,4057.1869
64577,13095.0258,3498.1756
64578,13090.1614,3291.4668
64579,13130.6474,3789.4791
64580,13098.1732,2793.1094
64581,13099.9558,3186.4649
64582,13119.897,3966.2196
64583,13085.647,3008.4217
64584,13118.8308,3194.697
64585,13082.1725,3807.1172
64586,13143.4073,3697.253
64587,13134.4318,3203.5824
64588,13143.4696,3162.3461
64589,13144.2867,3336.2465
64590,13092.9896,2664.266
64591,13140.2199,3763.7679
64592,13105.6583,3575.0746
64593,13103.1158,2982.5813
64594,13152.6399,4251.1344
64595,13118.4408,2710.3759
64596,13122.6691,3727.2041
64597,13097.5228,3006.481
64598,13124.488,2952.6326
64599,13151.4706,2750.85
64600,13123.8227,3241.4445
64601,13139.6529,3005.7209
64602,13140.9741,3652.2946
64603,13151.0478,2691.0459
64604,13163.0399,2704.2065
64605,13126.9259,3175.3723
64606,13109.9966,2980.8107
64607,13112.6014,2933.1316
64608,13163.7655,3757.074
64609,13167.1447,4078.0909
64610,13170.55,3808.8078
64611,13115.173,4256.8158
64612,13144.9983,4027.3406
64613,13168.8601,3747.2976
64614,13125.4805,3011.6059
64615,13171.1607,3925.5725
64616,13169.4347,3389.0535
64617,13165.244,4227.2505
64618,13118.2294,3216.6293
64619,13138.5725,3340.4623
64620,13122.9308,2760.0957
64621,13129.0948,3643.5045
64622,13162.2525,4065.3492
64623,13155.7223,3029.0445
64624,13141.1031,2732.1456
64625,13139.286,3992.4113
64626,13159.5882,3714.0268
64627,13169.9538,3841.2277
64628,13127.1295,4103.6735
64629,13189.4939,4112.2469
64630,13144.9461,2995.328
64631,13166.5729,2840.0377
64632,13148.5782,3380.5342
64633,13142.7871,3088.5269
64634,13181.7283,2997.6804
64635,13185.5561,3425.3418
64636,13137.843,4006.6922
64637,13186.4005,3845.2462
64638,13169.1273,2683.9157
64639,13152.1001,3855.1908
64640,13156.6168,3380.3674
64641,13157.9129,3423.8542
64642,13168.1108,4300.9456
64643,13193.7051,3816.4059
64644,13174.1369,4307.2658
64645,13173.8266,3987.2481
64646,13184.8086,3399.7257
64647,13167.1066,4294.1431
64648,13153.1444,4108.0877
64649,13154.2348,4198.3661
64650,13182.0475,3957.3074
64651,13174.4599,4158.7227
64652,13181.4378,3344.0659
64653,13194.1844,3952.689
64654,13169.0214,3158.0822
64655,13191.8901,3308.2443
64656,13167.3076,3908.5949
64657,13181.7454,3083.0861
64658,13185.3334,3826.594
64659,13197.514,4290.6719
64660,13165.5827,4198.6828
64661,13215.202,3992.6566
64662,13176.9406,3378.0933
64663,13226.8928,4323.5792
64664,13209.3351,4224.5659
64665,13185.2876,3075.7977
64666,13180.2238,3654.5683
64667,13210.9385,3105.8975
64668,13181.8007,2846.0069
64669,13174.7052,3272.2142
64670,13213.3867,3414.4037
64671,13237.1182,4232.6311
64672,13227.4095,3911.0937
64673,13181.2691,3708.1758
64674,13235.5958,4344.7146
64675,13178.5592,3374.4023
64676,13231.5221,3962.2616
64677,13190.9425,2924.3773
64678,13240.8696,4293.9346
64679,13217.3187,4291.8245
64680,13231.9014,3809.8763
64681,13183.8005,4107.2865
64682,13191.565,3414.9362
64683,13244.2507,3536.7286
64684,13233.3114,3689.2146
64685,13241.8393,3630.6742
64686,13246.5073,2950.3492
64687,13194.4641,4022.9992
64688,13213.4852,3452.5957
64689,13219.9946,2764.8055
64690,13257.0631,3814.259
64691,13206.211,3215.9537
64692,13223.3882,3283.639
64693,13216.2564,3717.4945
64694,13207.922,4134.5525
64695,13198.5204,3759.7006
64696,13261.0217,4134.0123
64697,13229.1758,4116.847
64698,13231.8781,3707.6895
64699,13262.0119,4126.2035
64700,13262.1703,4079.1206
64701,13209.999,4012.4192
64702,13237.713,4297.3007
64703,13256.3886,4012.8883
64704,13206.4949,3273.5747
64705,13256.1727,4089.5007
64706,13251.1139,2785.641
64707,13267.7736,4128.2593
64708,13216.9519,3361.9069
64709,13228.3753,3286.1081
64710,13275.6642,2749.9162
64711,13220.0064,3777.6909
64712,13249.9668,2707.9495
64713,13263.2476,3134.54
64714,13264.5593,2839.5806
64715,13280.8976,3556.673
64716,13245.3165,2848.2937
64717,13283.6411,3138.693
64718,13223.3302,3650.8549
64719,13223.8487,3881.306
64720,13265.5909,3785.6794
64721,13282.6035,3963.0239
64722,13235.9269,3742.8745
64723,13248.98,3680.8268
64724,13288.9677,4277.2554
64725,13277.868,4234.313
64726,13236.9356,3218.6446
64727,13261.9908,3040.1121
64728,13245.1761,4153.5869
64729,13276.3915,4156.8977
64730,13237.533,2780.6542
64731,13254.7174,2902.5298
64732,13271.2885,4158.9821
64733,13236.9242,3472.9349
64734,13259.7892,4254.8906
64735,13298.0018,3352.2409
64736,13251.9741,3711.5179
64737,13254.8194,3660.8712
64738,13260.4649,3426.8269
64739,13287.2916,4306.0446
64740,13245.2255,4152.3626
64741,13294.6739,3828.0412
64742,13264.2483,3694.0976
64743,13271.5698,4099.1582
64744,13281.7801,3054.351
64745,13246.8381,4036.7739
64746,13262.6059,3216.7935
64747,13279.5558,3018.8829
64748,13306.5563,3975.7078
64749,13254.1645,3059.0911
64750,13304.7308,3328.4406
64751,13298.048,4219.3468
64752,13294.5755,4283.9641
64753,13275.3063,3311.3203
64754,13308.8009,2829.2083
64755,13257.1976,3696.4697
64756,13308.5246,3332.4437
64757,13274.9369,4260.7011
64758,13305.6248,3398.8243
64759,13268.7707,3339.3927
64760,13303.2862,3590.7527
64761,13267.8878,3742.3492
64762,13261.0918,2752.7711
64763,13279.3982,4071.6676
64764,13309.3872,2737.5312
64765,13318.1785,3808.8529
64766,13311.3978,3131.8956
64767,13300.6898,3034.9502
64768,13323.9768,4052.0439
64769,13331.1776,3907.3331
64770,13315.0768,3588.6774
64771,13326.639,4198.5564
64772,13299.7274,3673.22
64773,13289.1485,3583.4635
64774,13333.9705,4362.6994
64775,13287.5119,3225.496
64776,13293.0212,2796.7913
64777,13328.235,4165.7237
64778,13289.9281,3670.6167
64779,13303.4321,3966.3518
64780,13318.131,4098.8604
64781,13296.372,3508.4205
64782,13330.3469,3713.6776
64783,13302.3555,3997.3943
64784,13287.6451,3469.4614
64785,13326.1118,3900.7436
64786,13301.8672,4178.327
64787,13285.2849,3096.5351
64788,13285.7186,4365.1122
64789,13331.1268,3765.1753
64790,13323.2066,4340.8036
64791,13352.7795,2780.0985
64792,13288.0894,3154.241
64793,13290.2008,3154.3567
64794,13328.6148,3395.3448
64795,13355.0178,3332.8052
64796,13338.2075,4313.2551
64797,13324.172,2861.6997
64798,13308.4304,3820.8553
64799,13307.9641,4117.5978
64800,13308.4477,4225.1684
64801,13355.5686,4084.5962
64802,13325.6175,3696.5884
64803,13300.3098,3929.6341
64804,13338.3032,3912.005
64805,13308.3773,3223.4676
64806,13314.2793,2777.9032
64807,13338.5946,3300.7596
64808,13309.4183,2985.3176
64809,13367.4296,3358.6517
64810,13309.056,3816.2148
64811,13349.4047,4361.0807
64812,13321.3248,3094.4842
64813,13344.9942,3201.4636
64814,13307.2226,2853.3542
64815,13339.8985,4148.6083
64816,13330.1838,3017.731
64817,13322.5308,4089.2615
64818,13328.7377,3783.424
64819,13343.706,3058.5265
64820,13331.5407,3592.3271
64821,13321.253,3554.5911
64822,13325.7451,3687.9639
64823,13360.0155,4119.7996
64824,13357.5361,3550.3956
64825,13377.7096,3802.4476
64826,13323.6138,3190.0272
64827,13364.0779,4048.5036
64828,13357.8216,3164.256
64829,13340.0841,3222.1619
64830,13348.0085,4094.1327
64831,13334.5182,4186.74
64832,13379.5978,3767.9057
64833,13364.7534,4008.0458
64834,13348.0587,3964.5849
64835,13378.1159,3187.1505
64836,13366.4437,3260.7896
64837,13361.2301,3804.7505
64838,13381.1021,3817.2031
64839,13361.5649,4047.6814
64840,13393.2759,4142.6146
64841,13380.9839,4249.1938
64842,13368.2304,3208.7185
64843,13384.5231,3903.8164
64844,13390.5628,3120.0285
64845,13345.3286,3545.6145
64846,13344.3307,4016.6808
64847,13370.4246,3723.4572
64848,13342.1157,4369.148
64849,13379.4569,4246.8198
64850,13389.3895,4352.0596
64851,13393.2873,3943.1068
64852,13388.774,3032.6019
64853,13399.2256,2898.3114
64854,13403.6503,3974.7517
64855,13354.7177,3370.8551
64856,13380.3635,3921.7048
64857,13406.6859,3335.6924
64858,13390.6621,3673.5451
64859,13347.5958,3356.4787
64860,13399.5407,4335.7741
64861,13351.445,4056.4904
64862,13409.0182,4176.2632
64863,13372.589,3408.8814
64864,13386.4278,4190.549
64865,13377.821,3713.1993
64866,13384.0833,3827.2512
64867,13383.4946,3208.6943
64868,13408.4157,3238.2077
64869,13401.0227,3925.0551
64870,13352.1516,4120.1341
64871,13370.7615,4280.4909
64872,13412.0783,2758.5084
64873,13407.8045,3339.5639
64874,13395.8371,4313.8717
64875,13389.7322,3698.0335
64876,13404.0528,3340.0718
64877,13411.0769,3090.8717
64878,13408.0158,4128.5918
64879,13400.4902,4025.7584
64880,13374.2571,3173.5026
64881,13396.4318,3540.3594
64882,13404.7809,2763.4723
64883,13402.7008,2984.4831
64884,13419.7888,2818.7823
64885,13372.5445,3843.0662
64886,13430.2393,3863.8256
64887,13367.3028,3245.8289
64888,13428.6067,3207.0711
64889,13381.6946,4241.3942
64890,13380.0321,3173.8787
64891,13378.4637,3293.2327
64892,13377.2598,2871.2118
64893,13419.4133,2957.9229
64894,13399.4819,3591.3344
64895,13402.035,3231.7786
64896,13389.0608,3711.5121
64897,13409.9726,4225.2646
64898,13378.1378,3750.3153
64899,13382.1226,4248.322
64900,13382.3128,3935.7837
64901,13428.4091,3735.7265
64902,13401.784,2920.9091
64903,13392.4315,3115.6994
64904,13410.4984,3238.5533
64905,13435.322,3276.2628
64906,13429.9295,2756.4172
64907,13425.1909,3371.9913
64908,13410.3561,4237.8187
64909,13407.2135,3144.2172
64910,13425.1817,2767.3754
64911,13388.39,4400.4666
64912,13427.5588,3827.0183
64913,13393.8954,2745.2601
64914,13440.5062,3346.9925
64915,13435.5921,4341.0385
64916,13403.4394,3901.3288
64917,13420.0611,2775.475
64918,13426.2943,4200.4122
64919,13408.7662,3930.6191
64920,13440.306,4372.5369
64921,13438.9884,3988.6908
64922,13391.0673,4327.0126
64923,13445.4965,3332.2908
64924,13437.712,3810.6617
64925,13430.3014,4178.535
64926,13400.786,4027.948
64927,13450.6946,3365.1746
64928,13431.3785,3962.2257
64929,13454.6404,2803.5366
64930,13408.8336,4271.9073
64931,13406.5133,4048.8149
64932,13413.8888,4206.5202
64933,13413.4114,3702.9858
64934,13427.1435,3480.2795
64935,13422.6809,3834.3491
64936,13465.9055,3260.2008
64937,13417.302,3103.1821
64938,13466.0473,3676.4814
64939,13406.3371,3329.8677
64940,13464.7684,3240.6654
64941,13405.3702,3396.395
64942,13410.5422,4276.2764
64943,13467.9248,3472.3205
64944,13459.113,3864.2669
64945,13442.5026,3130.1375
64946,13410.6154,3111.4361
64947,13434.4389,2830.3684
64948,13437.6489,3240.6789
64949,13408.5063,2883.3146
64950,13456.4842,2863.9336
64951,13465.3663,3807.4166
64952,13432.3951,3863.4355
64953,13469.6424,3503.6381
64954,13413.5401,2860.9522
64955,13441.3561,2906.1306
64956,13454.4963,4326.1176
64957,13466.2862,3703.6784
64958,13420.198,4152.2896
64959,13471.8853,3395.0655
64960,13425.7281,3689.4114
64961,13422.1019,3539.4843
64962,13430.7695,3146.5531
64963,13476.1121,2815.4599
64964,13431.4189,3422.1773
64965,13456.6739,3745.5541
64966,13473.7392,4214.5187
64967,13420.6255,3780.4155
64968,13433.5144,3474.563
64969,13443.9023,4040.4559
64970,13446.2742,3389.5128
64971,13477.9091,2915.9953
64972,13460.0867,3727.1334
64973,13460.7577,2940.8038
64974,13440.6284,3405.3369
64975,13436.0801,3029.835
64976,13454.6399,3707.5844
64977,13430.7681,3901.8271
64978,13461.735,3924.6381
64979,13429.2957,3308.6671
64980,13493.2939,4283.049
64981,13460.7149,2929.5188
64982,13436.3241,3128.5817
64983,13443.0149,4394.6749
64984,13451.0643,4147.7094
64985,13480.8188,2986.3058
64986,13449.8615,3346.5065
64987,13468.2582,3579.5784
64988,13441.7785,3963.3717
64989,13443.2325,4256.8365
64990,13490.8908,3602.0498
64991,13488.079,4163.5972
64992,13486.549,3138.7602
64993,13503.5875,4195.2694
64994,13474.2071,3857.9301
64995,13485.8155,3135.986
64996,13502.8609,3405.3606
64997,13504.4203,4142.0179
64998,13466.6039,4024.0518
64999,13445.5474,4157.5282
65000,13450.5608,3065.8279
65001,13480.7497,3751.3002
65002,13482.3083,3227.9789
65003,13496.3224,3409.937
65004,13499.4027,3757.8377
65005,13492.8012,3464.4977
65006,13500.23,4261.1635
65007,13507.4035,3637.8599
65008,13482.9627,4269.649
65009,13463.2383,3096.7386
65010,13446.9414,3009.8896
65011,13494.5952,3256.5042
65012,13452.1312,4021.9203
65013,13453.8941,3619.135
65014,13450.5678,4235.0614
65015,13497.9775,3518.3385
65016,13494.0634,3593.1061
65017,13502.6701,3202.666
65018,13497.157,3697.8813
65019,13479.1956,3754.8056
65020,13467.6241,3583.2564
65021,13502.3937,2985.8611
65022,13465.6948,4202.0063
65023,13478.6077,2932.683
65024,13488.2769,3102.5364
65025,13520.6275,4082.1688
65026,13514.7423,3692.716
65027,13485.2411,4001.8633
65028,13462.1408,3915.2743
65029,13522.4576,3506.4359
65030,13502.2592,4033.2222
65031,13482.6604,3549.6025
65032,13479.7229,4170.9546
65033,13494.6137,2828.5349
65034,13477.757,3114.0484
65035,13462.6027,4184.8732
65036,13489.5845,3178.9487
65037,13500.4483,2772.919
65038,13517.9651,3758.2037
65039,13514.3875,3089.904
65040,13497.3105,4077.7347
65041,13532.2492,3095.0031
65042,13511.7561,4320.8983
65043,13510.3348,3465.4855
65044,13486.886,2940.9217
65045,13507.231,3586.989
65046,13504.3827,2939.585
65047,13474.8471,2879.1193
65048,13519.0638,3640.6472
65049,13495.6627,3278.2209
65050,13482.9968,2919.4908
65051,13513.7715,3078.385
65052,13473.2885,4009.5198
65053,13494.3303,3895.5594
65054,13539.2914,4415.4874
65055,13482.4168,3330.0305
65056,13530.3156,2935.6265
65057,13536.4757,4444.6999
65058,13499.1523,4053.6208
65059,13512.4691,3995.4473
65060,13482.5551,3481.2644
65061,13534.604,3063.898
65062,13522.8959,3115.89
65063,13485.1192,3676.241
65064,13530.331,4245.2947
65065,13495.6282,4072.7136
65066,13545.8202,4378.6637
65067,13483.7777,4105.3903
65068,13527.8426,3078.262
65069,13520.3176,4072.2368
65070,13523.1929,4430.4069
65071,13538.2405,3483.3256
65072,13507.1933,3098.4936
65073,13501.7475,4098.2166
65074,13535.5298,4097.1269
65075,13535.42,3885.3638
65076,13496.7605,3695.48
65077,13487.821,2829.9993
65078,13524.2873,3507.8913
65079,13552.7214,3030.4575
65080,13491.6995,2914.7634
65081,13504.3171,4334.4143
65082,13540.9123,3945.8062
65083,13521.8373,4206.9075
65084,13517.4273,3943.7948
65085,13546.0189,3266.8763
65086,13500.6216,3805.8682
65087,13532.7132,3431.7524
65088,13501.3509,4072.0626
65089,13552.5166,4163.3789
65090,13540.4705,3895.8635
65091,13558.9078,4078.0908
65092,13503.7562,4029.0893
65093,13557.3905,4290.089
65094,13559.9132,3086.3335
65095,13494.7491,3536.6078
65096,13494.3742,4174.7074
65097,13512.9536,3212.7113
65098,13538.4321,3416.3614
65099,13510.8109,2952.9728
65100,13503.4912,3887.1289
65101,13499.0574,3560.4671
65102,13518.1215,3035.1926
65103,13525.0205,3849.3249
65104,13549.2251,3287.6796
65105,13501.2235,3066.8007
65106,13515.9634,3236.9586
65107,13542.1309,4065.3995
65108,13546.3764,4376.722
65109,13513.2347,3163.2459
65110,13526.0476,3618.8217
65111,13508.6998,3330.8012
65112,13505.989,3787.4556
65113,13515.3724,4053.2401
65114,13569.9331,2851.1186
65115,13541.6868,2787.2185
65116,13543.2096,4282.5381
65117,13520.8707,3209.3544
65118,13505.9172,3603.193
65119,13571.0978,3819.7382
65120,13537.4411,4293.617
65121,13546.7837,2864.4209
65122,13566.2121,3871.6924
65123,13562.6533,3038.3345
65124,13542.8549,4183.4125
65125,13529.3889,2782.7955
65126,13510.0635,2788.6148
65127,13557.0222,4378.4548
65128,13515.2078,3938.3051
65129,13525.4771,2779.5205
65130,13538.9543,4154.3201
65131,13526.531,3094.2431
65132,13535.3428,4060.8442
65133,13565.1226,3935.6401
65134,13563.354,3330.9002
65135,13569.2351,4420.6693
65136,13536.8471,3921.8167
65137,13568.572,3540.9684
65138,13535.3601,4358.709
65139,13534.8247,4316.4721
65140,13534.7476,3540.1516
65141,13536.3499,3536.2988
65142,13579.4229,3892.3652
65143,13557.4856,4358.2507
65144,13536.462,4144.6512
65145,13548.1513,3869.1866
65146,13576.3888,2806.2536
65147,13563.3913,3857.6581
65148,13567.5794,2924.8868
65149,13532.0989,3004.0266
65150,13531.036,4362.4143
65151,13577.9605,3655.6537
65152,13537.2892,3217.9876
65153,13534.4852,4047.9087
65154,13580.4782,2852.0018
65155,13538.3438,4308.2812
65156,13559.2927,3360.1085
65157,13529.0907,4442.9925
65158,13574.9238,3002.1718
65159,13583.4338,3957.6745
65160,13576.8253,3971.3891
65161,13554.948,3088.8429
65162,13527.3368,3889.107
65163,13576.156,3623.1849
65164,13577.0692,3419.5554
65165,13565.996,3757.8554
65166,13579.1952,3880.0638
65167,13587.0554,3543.8075
65168,13531.7236,4248.5818
65169,13565.1847,4133.3282
65170,13583.2907,4074.6551
65171,13591.9555,3708.7604
65172,13564.2421,4268.6986
65173,13555.7202,4214.2003
65174,13552.809,3819.3861
65175,13542.1573,3742.726
65176,13554.7241,3598.4116
65177,13596.2053,3716.4901
65178,13565.531,4457.4625
65179,13537.917,3781.4089
65180,13547.7377,3726.2425
65181,13535.0193,4126.2246
65182,13572.8898,4341.3878
65183,13584.6546,3925.129
65184,13560.7576,2990.1186
65185,13556.465,4212.7401
65186,13570.9252,4390.8753
65187,13572.0652,3786.9216
65188,13604.5526,3382.2255
65189,13590.7072,4279.9553
65190,13584.2047,3889.2226
65191,13604.2475,3372.7624
65192,13559.9104,2915.16
65193,13578.2037,3811.9539
65194,13599.5313,3741.6357
65195,13567.0688,4156.5498
65196,13594.796,4214.5152
65197,13571.4453,3707.9371
65198,13553.7033,3936.2334
65199,13608.3889,3032.5766
65200,13605.4886,3972.4987
65201,13608.414,3351.2439
65202,13573.8228,3088.5588
65203,13554.2328,2856.2763
65204,13583.1897,2901.9008
65205,13609.6722,3632.3288
65206,13548.8566,3064.137
65207,13608.4032,4194.8214
65208,13553.5138,4183.6251
65209,13571.0158,4003.7108
65210,13569.4789,3692.3637
65211,13583.3955,3390.981
65212,13567.2725,4385.6004
65213,13607.8163,2924.7111
65214,13550.0078,2785.1008
65215,13612.5939,3318.0444
65216,13608.3763,3860.4693
65217,13581.2,4458.8324
65218,13557.6417,4383.4084
65219,13572.4057,3511.9572
65220,13614.2327,4383.256
65221,13567.4604,2993.3325
65222,13617.9214,3477.7426
65223,13609.427,2778.5008
65224,13611.8194,3901.8181
65225,13596.0001,3725.2552
65226,13554.6012,3167.4738
65227,13575.7257,2820.362
65228,13555.8942,3739.0153
65229,13571.146,3080.5403
65230,13615.0075,3283.256
65231,13615.1154,4449.2873
65232,13622.883,3721.1287
65233,13582.3664,3542.5104
65234,13616.3014,4229.0972
65235,13586.1627,3215.1711
65236,13620.6051,2783.3613
65237,13577.1705,4060.3867
65238,13564.6416,4421.8076
65239,13595.0757,3410.0643
65240,13600.9479,3596.9326
65241,13579.1681,3800.1381
65242,13582.1367,2828.2469
65243,13615.2491,4293.7875
65244,13572.686,3922.5369
65245,13614.8558,4132.7188
65246,13562.4748,4388.5684
65247,13593.4991,4146.97
65248,13583.6204,3303.203
65249,13573.2505,3387.2636
65250,13563.3671,4255.427
65251,13577.8838,3421.7296
65252,13619.8222,3310.0452
65253,13631.0193,3585.3963
65254,13609.1558,3113.3113
65255,13607.2385,2826.3995
65256,13624.0753,3205.0447
65257,13584.9268,2885.1964
65258,13580.6239,4015.0241
65259,13589.3595,3447.8934
65260,13624.2602,2823.8207
65261,13578.1792,2962.7901
65262,13583.0461,4008.972
65263,13612.9869,3023.9985
65264,13602.3819,3033.9313
65265,13595.3126,2996.027
65266,13592.5276,3328.6454
65267,13598.2116,3622.8206
65268,13592.2246,3994.1419
65269,13618.8846,3787.374
65270,13600.2342,3857.6391
65271,13631.4277,4195.4025
65272,13605.636,3114.9894
65273,13606.2022,4397.5107
65274,13632.3142,2803.125
65275,13626.6264,3326.9816
65276,13615.5408,3762.7146
65277,13633.8346,3224.9932
65278,13575.3462,3258.8581
65279,13581.5497,4008.6155
65280,13639.2526,4372.2384
65281,13588.7325,4292.5397
65282,13580.6529,3600.6253
65283,13626.6571,4244.9023
65284,13603.1927,4283.3553
65285,13600.8566,3339.2908
65286,13591.334,4190.4631
65287,13582.7546,3904.6336
65288,13609.0184,3488.7837
65289,13599.4319,3831.3553
65290,13629.1659,2967.0202
65291,13582.879,3194.7337
65292,13627.298,4216.5479
65293,13613.6053,3121.7085
65294,13640.1773,3892.4656
65295,13603.1632,3690.5424
65296,13632.1033,3620.8762
65297,13607.4424,4282.9858
65298,13586.5632,3264.2163
65299,13630.8785,3940.5341
65300,13633.4892,4397.8179
65301,13645.3705,3308.6153
65302,13633.7778,3572.7747
65303,13593.4402,4039.9041
65304,13630.4662,3522.6552
65305,13588.2679,4002.5512
65306,13609.604,2967.6907
65307,13651.0545,3853.2188
65308,13625.2151,3795.2428
65309,13588.8086,3900.4996
65310,13602.9386,3275.114
65311,13629.6866,4436.1954
65312,13608.9683,3759.6114
65313,13644.212,3242.5129
65314,13588.0609,2998.7973
65315,13654.3035,3661.3034
65316,13628.2577,3133.8898
65317,13626.093,4158.8734
65318,13631.1209,3370.368
65319,13639.5338,4475.7995
65320,13605.1798,4160.2755
65321,13627.6477,3477.7568
65322,13597.6428,4296.4837
65323,13643.0028,3477.0005
65324,13626.1824,4446.0464
65325,13653.8592,3378.996
65326,13630.5674,3993.8454
65327,13657.6204,2930.6169
65328,13598.0346,4061.2671
65329,13618.0776,3754.0811
65330,13629.2832,3181.056
65331,13649.925,4287.4511
65332,13610.4282,4017.4515
65333,13600.3557,3132.3036
65334,13624.7001,4297.9757
65335,13658.3457,3728.6756
65336,13616.8963,3756.1483
65337,13625.4613,3364.2476
65338,13598.5313,3266.1729
65339,13659.1084,4459.2748
65340,13630.9124,2917.2236
65341,13598.3497,3391.0805
65342,13625.825,4386.379
65343,13620.7987,3722.7073
65344,13609.6665,2850.3346
65345,13623.0215,3596.5829
65346,13639.3876,3925.1342
65347,13662.3077,3167.144
65348,13632.3955,3929.693
65349,13617.384,4050.4343
65350,13634.3887,2922.4926
65351,13642.4834,4211.6211
65352,13600.1112,4039.2225
65353,13619.3359,2987.5241
65354,13652.5508,4219.9456
65355,13660.4076,3977.8832
65356,13617.4688,2804.6419
65357,13639.8141,3478.4306
65358,13604.1812,4112.0367
65359,13624.7579,3326.3838
65360,13649.5318,2852.2519
65361,13650.5753,3583.2132
65362,13607.5839,3913.1601
65363,13625.7008,3281.8163
65364,13612.5632,3322.6246
65365,13615.5626,4352.2187
65366,13612.5142,3855.8806
65367,13636.9673,4152.7705
65368,13653.9158,3220.2989
65369,13637.1347,3387.6176
65370,13667.1235,3788.392
65371,13642.0885,3957.7819
65372,13622.3651,3928.3307
65373,13646.2089,3596.4546
65374,13628.9192,3634.7069
65375,13617.6073,3376.0025
65376,13641.1893,4359.7888
65377,13656.3938,3648.1523
65378,13617.5772,3954.035
65379,13653.1932,4381.3296
65380,13630.0725,2863.8725
65381,13668.8103,4135.9459
65382,13636.1799,4347.4844
65383,13641.9393,3968.488
65384,13653.7534,4269.0042
65385,13631.5915,3427.3142
65386,13671.193,3903.477
65387,13668.1701,3973.505
65388,13618.9212,3820.8815
65389,13674.1313,3599.4762
65390,13648.0609,3732.8379
65391,13658.8776,3734.6675
65392,13642.8893,3619.6696
65393,13614.5648,4128.4549
65394,13650.2976,3515.176
65395,13614.4708,4453.8933
65396,13677.837,3560.3566
65397,13675.0906,4389.5788
65398,13652.4876,4387.9354
65399,13679.6108,3056.2686
65400,13653.7942,3161.7539
65401,13676.2011,3683.9811
65402,13647.9768,3298.9561
65403,13653.0726,4207.537
65404,13658.1479,3006.9987
65405,13673.8214,4063.7206
65406,13651.284,4274.2807
65407,13660.6808,3728.0494
65408,13666.0632,3111.2636
65409,13658.0114,4093.8596
65410,13645.6213,4210.5433
65411,13631.3021,3636.0752
65412,13670.4959,4311.0496
65413,13661.3301,4288.4746
65414,13663.8777,2945.9899
65415,13682.633,4156.0197
65416,13672.8048,4084.8243
65417,13678.941,2956.7792
65418,13642.6562,4040.4956
65419,13631.5873,4180.8368
65420,13628.4578,4238.4413
65421,13674.4377,2925.2819
65422,13671.2744,3708.7478
65423,13628.9357,3738.1734
65424,13661.6927,4307.1946
65425,13680.5866,4126.0068
65426,13658.0811,3946.8351
65427,13625.6893,3666.8122
65428,13670.9581,4436.4422
65429,13627.7484,4158.5042
65430,13667.9224,4039.8862
65431,13635.2361,4069.3173
65432,13640.5889,3192.3528
65433,13653.8875,2901.1173
65434,13667.7305,2882.4508
65435,13646.6871,4373.8317
65436,13680.9907,3501.6466
65437,13648.6816,3088.8021
65438,13642.9817,4032.006
65439,13664.7807,3627.6105
65440,13660.219,3803.9514
65441,13660.6253,3176.0164
65442,13637.4358,4159.0498
65443,13692.195,4410.6381
65444,13654.3031,3486.3045
65445,13638.304,3747.0785
65446,13675.5292,4129.8412
65447,13691.4068,3228.3328
65448,13687.446,3735.0497
65449,13681.4516,4020.3241
65450,13636.0708,3076.8726
65451,13681.8404,4356.0377
65452,13644.0417,2935.5192
65453,13652.384,3645.9792
65454,13634.5825,2867.9123
65455,13662.9502,3724.5734
65456,13654.6559,3946.3014
65457,13699.4456,3007.5269
65458,13664.5338,3638.6192
65459,13633.6517,3675.7919
65460,13647.6815,3295.6709
65461,13660.7369,3690.9517
65462,13677.8569,4178.3341
65463,13674.0981,4421.1232
65464,13638.1731,3149.5583
65465,13652.6945,4427.8045
65466,13687.356,3247.1247
65467,13699.2407,2980.3268
65468,13651.2131,3243.6458
65469,13669.2045,4285.6585
65470,13700.9395,4200.2248
65471,13667.314,4146.2173
65472,13666.4247,2966.2326
65473,13655.0516,3531.3902
65474,13691.3491,3659.1444
65475,13676.427,4022.5382
65476,13661.5731,3123.4638
65477,13639.7603,3620.518
65478,13680.4477,3045.928
65479,13706.8047,3732.3403
65480,13642.5583,4425.253
65481,13682.8907,4305.3022
65482,13675.7505,4235.7175
65483,13641.6755,4267.0507
65484,13669.5566,4110.7946
65485,13659.5183,4279.3604
65486,13705.5939,4333.8632
65487,13661.3869,2790.474
65488,13658.5375,2901.4339
65489,13646.6381,3304.4852
65490,13694.7551,3902.6259
65491,13684.1428,3143.5216
65492,13710.844,2848.2077
65493,13652.9459,3878.5348
65494,13681.6481,3100.8793
65495,13653.0234,4067.5248
65496,13666.0877,3957.6631
65497,13670.4083,3569.2585
65498,13678.349,4445.6803
65499,13667.8722,4299.7336
65500,13687.5406,4197.4929
65501,13647.5289,4158.8481
65502,13671.7284,3715.4279
65503,13677.7587,3909.4236
65504,13666.0011,4450.9947
65505,13658.3871,3381.7178
65506,13658.2881,4307.9375
65507,13697.1826,4381.6403
65508,13670.1776,4235.8337
65509,13678.8383,4241.9719
65510,13689.2348,3571.6194
65511,13684.6065,3303.4033
65512,13661.2891,3165.8986
65513,13698.3926,3493.5689
65514,13710.8504,3642.4834
65515,13660.3862,4449.5903
65516,13665.6161,3595.7627
65517,13692.501,4497.49
65518,13677.8723,4384.4187
65519,13675.0519,4395.3818
65520,13683.9595,3517.0246
65521,13689.0339,3374.3846
65522,13712.2419,3742.7877
65523,13659.9708,4061.1872
65524,13680.5392,4017.6133
65525,13672.8523,4033.6071
65526,13675.0275,3257.4752
65527,13707.1867,4067.0239
65528,13654.3958,3747.9083
65529,13692.5166,3049.6407
65530,13657.6559,4045.4415
65531,13720.8523,3256.2995
65532,13711.4344,4483.5245
65533,13679.1893,4460.3877
65534,13672.4703,3833.7261
65535,13691.9672,4236.4903
65536,13671.5065,4417.7636
65537,13683.0909,3477.7951
65538,13667.0462,3205.6264
65539,13676.3853,3259.15
65540,13661.211,3291.9367
65541,13697.9477,3689.1116
65542,13721.0943,2880.0335
65543,13722.0016,4421.0335
65544,13689.7444,3903.3289
65545,13723.2183,3334.222
65546,13674.3682,2927.0371
65547,13703.2575,3523.876
65548,13723.5367,3305.4374
65549,13712.5279,4280.8057
65550,13687.7523,4109.4725
65551,13682.4226,4458.9891
65552,13706.8443,4161.2456
65553,13707.2239,4123.6234
65554,13679.9077,3780.7851
65555,13685.7592,4221.0627
65556,13706.1221,4455.4684
65557,13721.7433,4293.7636
65558,13667.6575,3301.9816
65559,13694.3847,3208.7727
65560,13729.612,2944.5917
65561,13683.4239,3691.6762
65562,13663.8893,4112.1042
65563,13711.829,3813.1898
65564,13677.3299,4015.18
65565,13695.7356,4347.5725
65566,13719.164,3403.954
65567,13700.1816,4394.2546
65568,13712.3641,4129.8736
65569,13719.8802,3116.5926
65570,13682.4172,3638.4646
65571,13690.8269,3486.391
65572,13673.0398,4015.6997
65573,13714.3715,3875.9297
65574,13679.3155,3468.0083
65575,13706.987,2898.2171
65576,13675.8671,4403.7489
65577,13669.6677,2978.6672
65578,13678.4092,3434.3773
65579,13736.1645,3635.2722
65580,13696.445,4058.7128
65581,13729.4091,3987.3953
65582,13729.8313,3114.2755
65583,13690.9644,3202.1223
65584,13713.6328,3839.3202
65585,13705.8036,2974.7198
65586,13688.3675,4257.3134
65587,13681.9878,4244.0512
65588,13682.4425,3648.8992
65589,13722.7489,3037.3121
65590,13736.8699,4218.5393
65591,13735.8672,4065.0579
65592,13688.1893,4090.6188
65593,13706.1891,3751.6064
65594,13729.8941,3404.3809
65595,13681.0982,3924.3353
65596,13717.8735,3870.4113
65597,13711.8923,3129.164
65598,13713.1764,4333.3739
65599,13734.3625,4246.7823
65600,13691.456,3264.262
65601,13681.9845,4189.8127
65602,13707.7783,3911.4559
65603,13688.8571,2936.1128
65604,13715.6898,3911.7487
65605,13699.7324,3418.2305
65606,13691.1371,4448.7672
65607,13686.2567,3262.9345
65608,13677.2033,4454.4591
65609,13687.7884,3839.3641
65610,13697.3744,3993.7459
65611,13738.1658,4052.9216
65612,13734.3338,3926.2264
65613,13682.2643,3651.0793
65614,13739.8625,3522.2091
65615,13683.1931,2836.2734
65616,13734.987,4418.2702
65617,13729.0031,4001.8743
65618,13691.1754,3856.5068
65619,13713.7742,3091.8049
65620,13746.3414,4189.2795
65621,13709.7046,3750.2639
65622,13701.1093,2847.6702
65623,13737.7716,4123.1611
65624,13709.0088,2824.573
65625,13740.804,4491.6893
65626,13722.2615,3553.6007
65627,13691.341,4180.0603
65628,13706.1675,2827.9113
65629,13720.2357,3084.3372
65630,13737.5241,3776.6944
65631,13693.3054,4187.5852
65632,13703.1177,3477.2903
65633,13747.1949,3269.4598
65634,13734.5784,3924.7456
65635,13692.8996,3241.3482
65636,13725.0265,3804.5946
65637,13695.8605,4451.3142
65638,13730.5549,4029.6321
65639,13689.1185,3378.7762
65640,13729.9099,4448.7484
65641,13715.4096,4217.0833
65642,13703.722,4257.8252
65643,13708.8442,3746.6181
65644,13718.4023,3589.3312
65645,13707.0945,2893.9996
65646,13719.5293,3223.3124
65647,13694.6909,4374.5419
65648,13723.5285,3234.5306
65649,13708.0902,3459.6989
65650,13750.0385,3111.4669
65651,13713.6936,3368.3384
65652,13716.8451,4273.0521
65653,13755.108,2884.2037
65654,13749.0275,3413.6888
65655,13708.0954,3149.5215
65656,13750.9835,3545.8131
65657,13721.5896,4505.3755
65658,13733.0753,4076.9741
65659,13731.8577,4216.6963
65660,13722.6154,4106.0268
65661,13743.2827,3922.7943
65662,13730.7285,2795.2187
65663,13720.0052,4007.2467
65664,13757.9914,4106.0647
65665,13733.9831,3234.8794
65666,13754.4291,3781.5399
65667,13759.577,3310.3827
65668,13745.1291,4317.0933
65669,13699.2508,4433.7358
65670,13733.5877,3267.633
65671,13703.5295,3638.7653
65672,13712.0355,4319.2857
65673,13696.0272,3068.527
65674,13707.4807,4441.7324
65675,13731.1915,4002.604
65676,13731.4539,3037.3017
65677,13735.5785,3808.0804
65678,13728.5317,2854.6219
65679,13762.7355,3653.864
65680,13712.6865,4344.0277
65681,13703.7842,3178.629
65682,13754.3908,4296.5326
65683,13711.1473,3066.8034
65684,13727.7636,3780.2101
65685,13698.671,2918.4769
65686,13722.7912,3460.2825
65687,13758.3194,2897.5901
65688,13724.0468,3954.7262
65689,13744.309,4234.6491
65690,13747.0962,3732.8722
65691,13726.2045,3361.0975
65692,13704.3289,4394.9959
65693,13700.4113,4271.786
65694,13753.0887,4013.5422
65695,13755.5848,3658.4794
65696,13762.6914,3905.6553
65697,13724.6013,4509.186
65698,13701.8883,3105.3753
65699,13724.1967,2863.5625
65700,13727.7482,3830.9142
65701,13747.2399,3771.5444
65702,13709.3038,4165.0034
65703,13751.5068,3821.6848
65704,13771.6068,3616.4249
65705,13719.6417,3810.5249
65706,13740.0025,2867.7992
65707,13758.6923,4449.1098
65708,13710.2509,3902.5495
65709,13720.8583,4327.0021
65710,13709.9097,3371.9443
65711,13712.3109,3984.6481
65712,13771.0937,3893.6701
65713,13756.1551,3999.8644
65714,13730.274,4244.2892
65715,13754.298,3449.3213
65716,13710.3121,3830.2661
65717,13750.7784,3117.5773
65718,13712.853,3759.7216
65719,13724.9181,4480.2349
65720,13736.1492,3279.102
65721,13761.3659,4419.6724
65722,13766.2124,3294.7902
65723,13733.0673,4126.5624
65724,13768.6283,3639.2432
65725,13717.4685,3315.6277
65726,13744.1115,3244.9674
65727,13747.4895,2836.1157
65728,13765.5462,3584.6004
65729,13758.6257,3436.7872
65730,13749.798,3075.5544
65731,13718.8936,4409.2482
65732,13732.8089,2840.8494
65733,13748.7065,4115.3841
65734,13718.0674,2991.7989
65735,13758.8489,3327.675
65736,13754.7213,3457.1924
65737,13725.0024,2960.9193
65738,13722.4672,3716.7996
65739,13776.871,4128.3716
65740,13779.1132,3900.9994
65741,13745.9563,3764.4445
65742,13752.9773,3447.497
65743,13728.1205,3916.3124
65744,13779.0266,3538.172
65745,13732.8298,3839.2304
65746,13733.8325,3414.5606
65747,13768.2748,4268.3749
65748,13725.5673,4282.5468
65749,13731.8899,3299.8074
65750,13785.3596,4510.9067
65751,13785.0807,4180.2795
65752,13753.0365,4266.2277
65753,13760.5938,2890.0639
65754,13753.005,4273.006
65755,13721.4277,2937.8494
65756,13770.6981,3495.246
65757,13749.0476,3255.9152
65758,13739.7367,4166.5236
65759,13757.742,3969.4679
65760,13768.1425,2948.5121
65761,13728.936,4385.8767
65762,13726.5502,3110.3766
65763,13721.7168,4108.622
65764,13779.3627,3252.3419
65765,13755.3649,2833.836
65766,13760.3852,3416.0781
65767,13756.1218,3354.4333
65768,13736.9733,3529.7168
65769,13745.7389,4297.8475
65770,13758.8502,3682.037
65771,13788.4884,3937.3499
65772,13778.3816,3078.6715
65773,13791.1641,4211.6881
65774,13751.3124,3598.3751
65775,13787.9222,3285.7671
65776,13753.7714,2795.5721
65777,13733.6596,4083.3624
65778,13769.4344,3243.62
65779,13778.9064,4020.0717
65780,13768.82,3283.3235
65781,13780.8573,4067.7928
65782,13794.9975,2810.4855
65783,13789.2487,4402.0538
65784,13749.4179,4197.5871
65785,13753.0673,3336.1417
65786,13737.289,3001.6847
65787,13786.2157,4435.9468
65788,13748.8421,3684.8628
65789,13750.6061,4084.527
65790,13776.8981,4370.2644
65791,13793.4311,3228.8774
65792,13791.0008,3099.0613
65793,13734.8745,4420.4577
65794,13764.897,4255.8562
65795,13740.7268,2962.1634
65796,13781.7221,4320.7931
65797,13736.0048,3561.448
65798,13767.9917,3595.7135
65799,13766.2816,3716.4054
65800,13793.8032,3683.2195
65801,13782.8846,4490.2105
65802,13794.7843,4229.6788
65803,13775.9057,3630.5656
65804,13783.4575,4504.8042
65805,13781.9551,2930.0788
65806,13736.8969,3585.2048
65807,13756.0817,3115.7035
65808,13795.8783,3894.6469
65809,13761.9358,3167.3587
65810,13742.2888,3819.4635
65811,13756.0724,4168.8515
65812,13787.5124,4397.4212
65813,13749.7731,3547.6343
65814,13749.7207,3086.0496
65815,13759.1617,3232.8529
65816,13741.997,3394.902
65817,13745.9957,4276.8456
65818,13738.7253,3100.8096
65819,13767.844,3087.0369
65820,13805.496,3290.1973
65821,13785.6097,3915.8597
65822,13756.4821,3033.6962
65823,13755.9162,4264.295
65824,13741.3954,3116.5488
65825,13779.4598,3971.0748
65826,13796.3428,3493.4537
65827,13743.6502,3144.6152
65828,13789.563,4347.9678
65829,13755.0056,4059.2512
65830,13763.4207,3653.8062
65831,13805.1863,3121.2662
65832,13794.7335,3369.9776
65833,13748.4529,3484.9696
65834,13807.7372,3944.1436
65835,13784.2724,3535.1725
65836,13794.1427,3491.8546
65837,13764.0561,4281.6123
65838,13782.9813,3562.1047
65839,13767.6642,3730.2204
65840,13790.5375,4178.3935
65841,13780.3141,3443.3186
65842,13765.8179,3059.2693
65843,13789.8481,3284.1763
65844,13812.076,4474.9228
65845,13792.108,3187.6933
65846,13814.6404,4193.2568
65847,13773.9738,3245.9989
65848,13813.689,3955.1792
65849,13759.0941,3946.2665
65850,13794.5965,3641.3697
65851,13803.7896,4004.5664
65852,13788.6021,3981.284
65853,13776.844,3573.1612
65854,13796.1759,2950.5079
65855,13802.7058,4395.573
65856,13796.8914,3585.1308
65857,13758.1521,2886.0408
65858,13763.3359,2799.5755
65859,13780.9884,4002.6915
65860,13765.8061,3034.7233
65861,13762.0348,4236.6786
65862,13766.0713,3901.3678
65863,13797.3571,3968.5125
65864,13810.2313,2899.0007
65865,13767.1872,3418.168
65866,13817.5488,4411.543
65867,13790.1409,3413.8401
65868,13812.5619,2829.2495
65869,13756.3402,3261.503
65870,13755.6813,3666.9403
65871,13775.8567,2826.6821
65872,13756.4985,3440.9895
65873,13776.1261,3620.8058
65874,13804.2347,3766.3236
65875,13784.0582,2990.0451
65876,13758.493,4030.8339
65877,13815.3254,3694.6817
65878,13810.6162,3148.7645
65879,13771.3498,4398.5226
65880,13769.1227,4515.9388
65881,13821.9431,3889.862
65882,13764.4244,2897.7719
65883,13812.927,3901.0211
65884,13801.3351,4078.2225
65885,13811.8051,3994.1232
65886,13767.7491,3415.2652
65887,13759.6121,3760.9885
65888,13782.904,4004.008
65889,13781.4062,4373.34
65890,13767.9405,3023.0113
65891,13788.1015,3945.2661
65892,13767.8451,4396.2143
65893,13827.1843,4320.2668
65894,13811.5636,4393.9694
65895,13813.5123,2978.577
65896,13816.8164,4518.5472
65897,13812.9337,3105.0426
65898,13801.6324,3515.6541
65899,13800.1793,2845.0614
65900,13828.1572,4186.2579
65901,13764.7225,4023.8316
65902,13768.9387,4145.7253
65903,13791.1329,3503.1781
65904,13792.1849,4031.3739
65905,13780.1229,3230.6419
65906,13815.787,4453.9439
65907,13780.2711,3435.3574
65908,13795.8224,4142.1308
65909,13771.9534,3745.0995
65910,13799.7782,4535.1627
65911,13791.9451,3659.7915
65912,13792.5116,4085.2601
65913,13792.3793,3976.5289
65914,13806.6352,4181.1647
65915,13830.5222,3695.1585
65916,13774.1384,4132.7207
65917,13782.8846,4410.6708
65918,13788.5352,3657.9158
65919,13798.2324,4219.432
65920,13804.3879,2942.0721
65921,13772.4729,3932.0223
65922,13784.8551,3007.7246
65923,13829.3775,2958.8121
65924,13832.6719,3903.1861
65925,13797.6226,4058.091
65926,13778.1984,4315.8135
65927,13804.6336,3304.2306
65928,13801.3065,3941.0729
65929,13788.2378,4441.0426
65930,13835.9133,3561.9225
65931,13816.3962,3964.0541
65932,13832.4983,3415.8419
65933,13814.4264,3570.6306
65934,13830.0078,3395.8446
65935,13798.0889,3676.084
65936,13820.4191,3030.238
65937,13818.2822,4143.0726
65938,13778.4957,3165.6608
65939,13803.4309,2884.6582
65940,13836.4888,3881.1596
65941,13792.401,4062.634
65942,13810.7363,3221.5094
65943,13785.9111,4155.7665
65944,13822.1071,4087.4149
65945,13805.07,3381.2056
65946,13780.4465,3852.8271
65947,13837.7527,3083.41
65948,13805.5148,3054.9404
65949,13809.2194,3866.077
65950,13845.7906,3784.4404
65951,13802.8986,4506.257
65952,13787.7291,3506.6874
65953,13808.8987,3569.891
65954,13819.6274,3068.8546
65955,13800.4825,3471.5964
65956,13821.8071,3994.8721
65957,13840.5345,3687.6232
65958,13784.9043,4470.065
65959,13831.7528,4245.2801
65960,13805.5586,3151.0476
65961,13797.2793,3775.4263
65962,13826.0607,3825.3177
65963,13795.3584,3396.074
65964,13806.4991,4413.7316
65965,13810.472,4291.9173
65966,13825.8441,4057.5761
65967,13801.5966,3943.6032
65968,13824.6051,4501.8861
65969,13844.9559,4548.2327
65970,13841.6566,4507.4138
65971,13786.8803,4145.0204
65972,13851.3931,4054.1153
65973,13828.1504,3945.0387
65974,13825.9452,2875.7548
65975,13841.1698,4447.2695
65976,13800.784,4307.5155
65977,13820.3136,3892.0349
65978,13802.4033,3175.4224
65979,13818.5356,4392.4377
65980,13824.335,3507.1414
65981,13831.2466,4194.9005
65982,13847.8654,3620.5883
65983,13846.8758,3962.4738
65984,13815.1717,3086.762
65985,13818.0813,3738.42
65986,13833.5112,4078.1278
65987,13834.401,2874.2319
65988,13854.5473,4278.8465
65989,13805.7829,3713.0212
65990,13829.8824,4363.4372
65991,13854.9055,3538.1232
65992,13827.5477,3260.5651
65993,13831.3744,3216.6226
65994,13806.6805,2999.6413
65995,13791.9492,3350.6193
65996,13810.9881,4173.8683
65997,13860.5036,4063.4199
65998,13792.1028,4016.2802
65999,13841.8995,4029.1158
66000,13794.969,3342.65
66001,13853.0751,3396.3333
66002,13813.5706,3126.3941
66003,13840.1801,3856.286
66004,13813.5696,3497.4314
66005,13838.0809,3914.9688
66006,13811.3774,3678.3173
66007,13817.314,3069.9184
66008,13828.8135,4220.8854
66009,13829.5351,3508.191
66010,13837.8589,2823.6047
66011,13801.3762,3095.4998
66012,13858.5403,4203.4946
66013,13800.8729,3960.4131
66014,13860.4824,3113.5627
66015,13864.3121,4136.7452
66016,13857.0275,3872.0771
66017,13821.1233,4384.2958
66018,13802.7819,3579.4837
66019,13813.6585,3845.4556
66020,13859.7313,3374.0047
66021,13863.2303,3693.6451
66022,13857.775,3900.8955
66023,13842.9879,2919.9587
66024,13855.1183,3667.0242
66025,13829.743,3897.4981
66026,13841.7088,3427.3353
66027,13853.9583,3066.6552
66028,13868.3831,3073.8198
66029,13863.18,3362.8301
66030,13813.0755,3934.7675
66031,13835.1554,3841.5349
66032,13806.9997,3657.4483
66033,13861.6522,3461.1737
66034,13811.1891,4486.7192
66035,13816.4935,3941.5349
66036,13858.7146,3829.9254
66037,13849.4332,3131.7507
66038,13828.8823,3110.164
66039,13844.1743,3942.4008
66040,13839.242,3526.8278
66041,13864.2399,3570.2719
66042,13833.908,3867.7501
66043,13860.3807,3235.0282
66044,13843.9828,2851.6427
66045,13865.2607,3664.4819
66046,13843.7684,3215.8106
66047,13860.4076,2867.5788
66048,13817.2385,3139.4149
66049,13807.6321,3358.7529
66050,13807.8271,3144.9972
66051,13816.1413,3469.1091
66052,13816.8526,3627.4087
66053,13835.9562,4140.5215
66054,13832.8423,3215.4894
66055,13808.3294,3255.8748
66056,13827.1195,3665.305
66057,13866.5565,3001.6327
66058,13822.9432,3184.0828
66059,13863.0919,3304.4485
66060,13860.8668,3278.9714
66061,13813.1719,3062.5814
66062,13843.5579,3003.5282
66063,13831.5111,4339.1578
66064,13822.6127,3643.2896
66065,13835.4176,3523.3334
66066,13865.74,3746.8237
66067,13853.2523,3486.5845
66068,13840.3072,3055.6607
66069,13842.5324,3507.4335
66070,13829.9805,4023.6081
66071,13813.6242,4277.754
66072,13863.1886,3471.3748
66073,13813.4401,3213.3194
66074,13828.2992,3844.1645
66075,13814.4687,3972.9293
66076,13864.1807,3123.8351
66077,13838.371,4053.2177
66078,13816.3592,3222.6685
66079,13839.2414,2875.9867
66080,13855.1993,3469.0172
66081,13825.6356,4289.7783
66082,13868.5572,3799.1887
66083,13881.1288,2859.2308
66084,13857.3284,3965.1345
66085,13818.2883,3010.8291
66086,13865.0377,3667.6429
66087,13840.0455,4523.3786
66088,13872.4727,4481.1437
66089,13818.3249,2992.8301
66090,13845.2,4044.6552
66091,13871.6162,4013.3939
66092,13817.4088,3731.2235
66093,13880.6029,4120.914
66094,13859.2072,3573.0137
66095,13880.6503,3958.6916
66096,13863.0248,2926.9642
66097,13852.9502,4072.9504
66098,13852.248,3945.0139
66099,13869.9972,4040.2719
66100,13883.1801,4334.789
66101,13876.7313,4199.19
66102,13875.5828,3449.0259
66103,13836.5894,3506.2181
66104,13866.9202,4539.8032
66105,13878.3551,4136.1174
66106,13861.5539,3560.6162
66107,13827.7782,3888.4312
66108,13861.794,3967.7587
66109,13870.7942,3693.3227
66110,13854.529,3898.4196
66111,13880.4033,2888.4276
66112,13852.6087,4316.3895
66113,13884.0895,4125.2878
66114,13840.7347,4366.0386
66115,13831.5317,4447.7797
66116,13855.2832,3409.6902
66117,13885.7941,4481.1299
66118,13830.3298,3092.9434
66119,13849.7896,4457.6644
66120,13831.5335,4305.6157
66121,13844.7364,4400.6244
66122,13824.7834,3101.8802
66123,13838.238,3819.8954
66124,13881.7816,3398.3702
66125,13863.3481,3617.2067
66126,13838.2218,3207.0314
66127,13847.844,4061.132
66128,13848.7708,4249.9546
66129,13867.4886,3974.1972
66130,13835.5238,3049.3502
66131,13876.0253,3952.9648
66132,13839.3737,2862.1344
66133,13843.7452,3832.6239
66134,13843.5503,4518.1914
66135,13854.592,3823.863
66136,13875.1227,3128.285
66137,13852.6554,3802.519
66138,13837.6895,3093.707
66139,13887.6392,3035.3197
66140,13840.6695,3607.8434
66141,13846.149,4304.1887
66142,13837.8369,3116.954
66143,13848.0285,3158.6999
66144,13889.7145,4447.4803
66145,13853.1527,3103.6104
66146,13897.8307,2857.1936
66147,13870.6762,4300.9258
66148,13840.0872,3527.7279
66149,13851.4156,3180.998
66150,13883.7203,3702.9312
66151,13891.7535,4452.6007
66152,13840.6957,3797.6996
66153,13882.2269,4448.9813
66154,13897.4234,3205.7667
66155,13832.9447,3730.9542
66156,13853.8578,2858.75
66157,13876.7809,3493.0439
66158,13858.9296,3601.0417
66159,13866.04,3510.7067
66160,13890.0022,4290.1369
66161,13901.4858,2830.7027
66162,13877.1131,3651.8024
66163,13873.746,3371.8061
66164,13898.6868,4339.9654
66165,13899.5058,3460.6914
66166,13849.1776,4041.7373
66167,13853.5207,3107.883
66168,13850.8228,4503.301
66169,13843.7129,3145.1858
66170,13879.105,3308.1871
66171,13866.0283,3861.6876
66172,13890.1148,3558.8487
66173,13872.83,3324.0616
66174,13869.5655,4455.1123
66175,13861.1907,4019.1064
66176,13868.7074,3873.3113
66177,13872.5604,3793.0971
66178,13859.7915,4377.5954
66179,13876.695,3886.4516
66180,13857.9329,3611.9977
66181,13893.0355,4371.6855
66182,13882.8821,3896.1939
66183,13905.2545,4364.4233
66184,13883.0841,3697.2656
66185,13847.8688,4057.849
66186,13906.1155,3832.7462
66187,13869.5037,4558.1059
66188,13845.0147,4317.9722
66189,13875.4516,3375.5642
66190,13900.5017,4268.7756
66191,13875.7916,2994.8064
66192,13895.7863,4197.668
66193,13853.958,3347.9923
66194,13897.9947,3321.3012
66195,13872.8536,4224.9449
66196,13858.3931,3273.8354
66197,13859.6001,3082.0996
66198,13870.9326,3195.8497
66199,13908.5969,3950.3582
66200,13849.5745,4361.6525
66201,13905.4849,4196.6835
66202,13869.3466,3880.7658
66203,13883.3073,4260.273
66204,13863.0726,4266.2303
66205,13853.8231,4388.8919
66206,13888.6213,3360.5398
66207,13864.1535,3954.8184
66208,13900.6222,4501.7929
66209,13859.7568,3159.634
66210,13853.5254,2968.7921
66211,13894.1693,3258.7936
66212,13850.5474,2976.0384
66213,13887.2189,3619.8036
66214,13890.1991,2922.476
66215,13866.7549,3762.7952
66216,13861.6852,4348.7018
66217,13902.2536,4563.9563
66218,13866.3008,3756.9271
66219,13849.9134,3800.8507
66220,13877.9935,2881.3902
66221,13894.9682,3613.3962
66222,13908.1237,3068.7888
66223,13897.7589,3032.6216
66224,13851.8537,4191.7376
66225,13893.2264,3999.7431
66226,13910.016,4534.7153
66227,13872.1118,3372.6756
66228,13871.6812,3897.9855
66229,13873.9393,3587.0684
66230,13879.6657,3697.46
66231,13909.0461,3282.336
66232,13871.7687,3983.9054
66233,13893.4092,4490.3247
66234,13863.2282,3719.1471
66235,13907.1208,4523.4404
66236,13865.2499,3965.9964
66237,13896.9093,3849.6932
66238,13910.7949,4027.2853
66239,13910.5708,4565.0682
66240,13856.5562,3196.6016
66241,13899.5195,3860.6867
66242,13863.339,4507.5302
66243,13876.0365,3147.9872
66244,13886.1149,3407.184
66245,13903.9944,4564.1737
66246,13904.8042,3753.0819
66247,13851.6929,4157.9469
66248,13852.8494,3618.9236
66249,13892.0135,3209.548
66250,13861.0935,4547.0103
66251,13864.623,3345.2902
66252,13871.9439,4150.0873
66253,13908.461,4083.3692
66254,13894.5998,4120.8172
66255,13890.2154,4049.31
66256,13908.1927,4254.8146
66257,13875.9256,4378.0622
66258,13877.5508,3319.0497
66259,13854.6518,4351.6711
66260,13859.7652,3936.2153
66261,13906.007,4491.2902
66262,13880.8788,3914.7914
66263,13909.3028,3750.261
66264,13893.8796,3849.0683
66265,13883.3263,4332.4552
66266,13873.2544,3018.1931
66267,13893.7695,4240.5012
66268,13905.3196,2904.2785
66269,13876.1734,4082.2285
66270,13867.6473,3915.6454
66271,13912.6028,4270.2094
66272,13920.8875,3426.073
66273,13856.0484,3437.3631
66274,13916.8066,3307.1006
66275,13875.2961,3180.9913
66276,13887.2975,3618.9424
66277,13872.9139,4481.6535
66278,13862.8026,3582.3736
66279,13885.9418,4354.2505
66280,13869.2278,4153.492
66281,13906.87,3414.902
66282,13897.9066,2834.4949
66283,13892.769,3228.4669
66284,13892.274,4211.3018
66285,13867.685,3355.6615
66286,13860.8613,3185.5004
66287,13898.4413,3739.4142
66288,13909.437,3683.5582
66289,13898.19,2917.3371
66290,13896.2381,3929.0052
66291,13855.2459,3844.9138
66292,13893.366,3288.6474
66293,13905.0603,3852.7676
66294,13878.8814,4030.655
66295,13908.0241,3877.3284
66296,13871.9186,3414.9716
66297,13908.8031,4215.1772
66298,13864.5084,3867.0176
66299,13857.8583,3513.5361
66300,13882.4736,3901.1675
66301,13872.3226,3857.7131
66302,13921.1917,3034.7634
66303,13873.9017,3345.7977
66304,13897.7867,4543.4636
66305,13886.1968,2854.4823
66306,13896.4165,4304.0871
66307,13884.9701,2914.6035
66308,13872.2044,3524.2242
66309,13868.4107,4354.867
66310,13920.8164,3905.692
66311,13888.5508,3148.1338
66312,13860.5313,4521.9554
66313,13882.7159,3627.6998
66314,13857.6416,4494.2926
66315,13926.0521,3080.9316
66316,13916.5656,4515.5918
66317,13921.4411,4036.644
66318,13860.1869,4456.7156
66319,13876.5896,4120.0382
66320,13875.8934,3158.4079
66321,13905.5919,3893.1469
66322,13900.2208,3846.0619
66323,13873.8916,3394.4597
66324,13904.5692,3481.5306
66325,13884.7411,4000.4271
66326,13875.6613,3429.7075
66327,13865.038,4057.3787
66328,13900.0522,4510.1499
66329,13894.7764,4405.6165
66330,13914.0741,3192.2341
66331,13860.7715,3570.2333
66332,13897.7561,3549.7038
66333,13870.7758,3616.6173
66334,13868.6822,3350.3583
66335,13926.6682,4185.7076
66336,13871.4125,3089.4724
66337,13895.8192,3150.1478
66338,13894.0392,4251.7715
66339,13861.1458,3798.8504
66340,13861.5283,3468.3153
66341,13881.4537,3965.9286
66342,13889.1677,3629.9107
66343,13876.1741,3779.9448
66344,13920.8928,3600.9125
66345,13915.9523,2842.1506
66346,13927.4065,3951.3199
66347,13898.1982,3934.2296
66348,13923.1592,3165.4938
66349,13904.8821,3754.7015
66350,13900.0693,4044.5312
66351,13927.8197,4092.6528
66352,13885.318,3511.9943
66353,13893.3612,4396.2139
66354,13876.1384,3151.2822
66355,13909.0185,3649.8093
66356,13885.7265,4451.3545
66357,13861.7125,4481.3826
66358,13892.6192,2833.2864
66359,13928.9214,3304.2181
66360,13892.822,4372.4802
66361,13914.5136,3840.924
66362,13870.503,4557.8379
66363,13897.2993,4196.9996
66364,13896.4291,3691.9872
66365,13930.7851,4279.3119
66366,13924.4323,3755.3802
66367,13874.5956,3102.5469
66368,13893.0157,4222.8687
66369,13879.0801,4036.0427
66370,13918.198,3749.64
66371,13909.132,3626.1241
66372,13869.7249,3703.9687
66373,13907.1185,4468.7125
66374,13893.4758,3408.8917
66375,13869.5087,2965.7227
66376,13922.703,3638.9959
66377,13880.7866,3645.6866
66378,13918.9058,3898.2313
66379,13872.5416,3862.9318
66380,13902.5764,4247.4871
66381,13927.296,3106.7322
66382,13869.9081,4285.6819
66383,13920.3823,4243.5392
66384,13917.703,4035.2929
66385,13927.8141,3742.6214
66386,13886.4124,4401.1908
66387,13899.6093,3780.1164
66388,13894.1009,4026.04
66389,13885.1735,3450.2362
66390,13882.6488,4128.9487
66391,13905.9959,4515.1003
66392,13889.6979,3305.2761
66393,13879.7144,3952.8494
66394,13893.8079,4088.7073
66395,13918.1586,2924.3954
66396,13890.0187,3244.5504
66397,13890.3795,3431.5288
66398,13875.2593,2930.4123
66399,13927.7253,3349.5141
66400,13923.0644,3959.5772
66401,13875.4454,4367.5042
66402,13885.9186,4133.9419
66403,13928.3997,3409.1058
66404,13881.6306,3156.8978
66405,13902.6579,4412.3742
66406,13878.8679,4367.5942
66407,13895.9898,3101.1883
66408,13923.2285,4451.138
66409,13879.8244,3223.716
66410,13894.7521,4343.9127
66411,13897.3333,3024.6808
66412,13906.424,3828.7792
66413,13903.278,3423.5133
66414,13923.4201,4207.0669
66415,13873.5368,3476.4441
66416,13906.4827,2854.921
66417,13903.9135,3721.2265
66418,13918.7466,3927.8544
66419,13887.745,4198.6007
66420,13863.4096,3250.1589
66421,13924.0803,3488.8343
66422,13923.2225,2893.053
66423,13919.7781,3137.78
66424,13928.5562,3274.9031
66425,13918.1652,4182.694
66426,13885.2424,4047.3704
66427,13918.1815,3548.7861
66428,13919.1715,4438.3294
66429,13904.6866,2942.2258
66430,13905.7282,3134.5986
66431,13896.5344,4046.2425
66432,13882.6877,3663.2019
66433,13887.0894,4344.4311
66434,13924.1806,2998.9948
66435,13888.7947,3261.6347
66436,13898.0983,4131.3083
66437,13900.4817,3367.7613
66438,13873.3063,3979.7029
66439,13908.9973,4188.8767
66440,13883.1519,4116.807
66441,13931.6285,3168.178
66442,13896.1841,3913.4029
66443,13880.1227,3553.447
66444,13890.6616,3894.4016
66445,13875.3217,2890.6271
66446,13879.9615,3310.7119
66447,13907.3807,4271.1223
66448,13922.4574,3076.937
66449,13909.6218,4328.1958
66450,13909.5844,3897.0858
66451,13874.3406,3688.7203
66452,13864.8072,4349.6999
66453,13922.5511,3857.2682
66454,13911.2989,3763.6542
66455,13889.8134,3923.9075
66456,13928.6812,4345.5079
66457,13883.0632,3827.8079
66458,13890.8872,3279.9921
66459,13864.5657,4455.3943
66460,13913.6669,3096.4848
66461,13895.6039,4008.1321
66462,13930.0705,4382.1402
66463,13927.6993,3180.8596
66464,13917.6064,3196.4611
66465,13897.4928,4387.9285
66466,13880.0219,3698.2019
66467,13878.8029,4117.7062
66468,13929.638,3019.4315
66469,13886.7559,3420.0814
66470,13906.5196,4245.9165
66471,13862.0801,3194.9711
66472,13916.9658,3989.539
66473,13916.291,3182.8649
66474,13875.5586,3981.3832
66475,13909.8199,4442.7423
66476,13882.4131,4467.945
66477,13883.9825,3936.1652
66478,13868.0438,4553.859
66479,13876.9522,3931.2872
66480,13876.0814,3132.2619
66481,13874.622,4101.0247
66482,13877.0912,3659.1164
66483,13875.2495,3706.306
66484,13866.0593,4183.6572
66485,13897.6961,4191.8911
66486,13898.248,2944.036
66487,13890.0164,3745.6323
66488,13868.3667,4002.0805
66489,13918.3159,4113.2837
66490,13887.2364,2979.2688
66491,13890.785,4040.9854
66492,13925.122,3606.9509
66493,13914.3276,3457.8263
66494,13866.8366,3388.4671
66495,13881.8813,2929.9572
66496,13875.1518,2830.7792
66497,13860.2467,4431.4619
66498,13923.1759,4306.9295
66499,13888.2874,3430.4874
66500,13878.2279,2914.4001
66501,13884.3111,4321.477
66502,13912.2715,3416.0159
66503,13900.4411,4206.8036
66504,13923.17,4380.222
66505,13926.4449,3080.5263
66506,13878.7037,3125.218
66507,13864.9391,3678.793
66508,13907.7938,4490.4806
66509,13891.2326,3311.7671
66510,13906.8703,3529.7797
66511,13922.8116,2845.4068
66512,13871.847,4265.9916
66513,13880.2902,4370.0738
66514,13916.6992,3684.2109
66515,13923.7424,4012.839
66516,13905.3214,3395.7485
66517,13889.4723,2997.0798
66518,13873.6793,4255.1298
66519,13863.1746,3574.4947
66520,13873.0453,3767.8066
66521,13859.0291,3522.4325
66522,13910.6745,4258.5386
66523,13900.7763,4077.0783
66524,13879.8267,3043.744
66525,13908.4088,3495.7041
66526,13876.7151,2994.8386
66527,13921.4616,3051.285
66528,13918.503,3735.5887
66529,13863.7671,3018.1951
66530,13869.2082,4296.3246
66531,13915.1412,3115.3559
66532,13922.4186,4522.4835
66533,13897.9464,3355.8748
66534,13912.2336,3371.537
66535,13920.9109,4119.408
66536,13888.7221,3882.9445
66537,13910.7809,4127.8204
66538,13876.2194,3884.5692
66539,13886.514,4269.3787
66540,13890.362,2907.7691
66541,13881.7818,3182.5364
66542,13907.5376,3978.8395
66543,13915.9455,3469.8077
66544,13898.76,3590.5198
66545,13861.8962,3608.4937
66546,13916.8789,4565.6164
66547,13891.7714,3272.8237
66548,13884.371,4558.474
66549,13895.4273,3926.3423
66550,13917.7345,4496.7161
66551,13895.8319,3757.0031
66552,13906.2075,3772.3943
66553,13881.7601,4167.2349
66554,13888.7453,4253.7421
66555,13888.2146,4010.8762
66556,13890.7294,3296.6049
66557,13898.9944,4288.5648
66558,13875.1414,2964.5706
66559,13868.6467,3799.8257
66560,13907.3879,3025.0372
66561,13896.4882,3251.2541
66562,13903.6129,3623.7221
66563,13897.8636,4223.8918
66564,13909.0672,3834.5517
66565,13890.9216,4375.7075
66566,13875.1452,3437.3851
66567,13916.1865,3573.7024
66568,13918.8797,3982.9729
66569,13883.496,3913.5929
66570,13853.6594,4432.2999
66571,13894.0192,4120.5386
66572,13873.7078,2904.7295
66573,13851.8881,3612.696
66574,13869.1859,3261.0592
66575,13878.0449,3616.3833
66576,13888.3416,3856.2959
66577,13867.8891,4539.4373
66578,13868.2052,3206.0768
66579,13898.4989,4074.5862
66580,13917.6626,4487.2936
66581,13851.0406,3547.6774
66582,13860.2181,4171.7386
66583,13909.7615,4540.9213
66584,13850.4217,4311.0873
66585,13876.7762,3846.0843
66586,13873.3263,3333.5912
66587,13856.2193,4168.3747
66588,13898.4361,3893.7048
66589,13857.1373,3288.1506
66590,13860.7311,3987.4133
66591,13909.1113,3304.7945
66592,13893.1808,3359.1119
66593,13888.7814,4467.4903
66594,13913.3296,3850.7694
66595,13868.4272,4555.0924
66596,13904.3335,3053.6476
66597,13872.916,3071.7833
66598,13858.5472,3807.0678
66599,13852.7751,3838.1041
66600,13860.4233,2992.9955
66601,13912.4892,3248.4691
66602,13856.5294,3366.0455
66603,13888.4137,3445.4143
66604,13905.2794,4339.8756
66605,13894.4943,4063.2921
66606,13870.8806,4403.5439
66607,13906.3385,4229.8618
66608,13895.3139,3602.3662
66609,13870.7241,3509.099
66610,13844.98,4467.4956
66611,13880.4627,4505.3615
66612,13857.3644,3162.0918
66613,13892.7951,4052.2576
66614,13889.6356,4402.8077
66615,13905.3764,4024.2443
66616,13889.6304,3697.755
66617,13911.3031,3584.4845
66618,13844.5149,2818.5698
66619,13908.8252,3886.4784
66620,13886.8477,3304.4679
66621,13845.102,3473.3515
66622,13843.6471,3330.066
66623,13879.7623,3417.2628
66624,13868.695,4210.7647
66625,13907.3058,3159.9011
66626,13882.1359,3437.8369
66627,13851.0149,4117.7432
66628,13892.2121,2828.4747
66629,13851.213,3754.1999
66630,13905.0956,3035.9827
66631,13901.168,3396.8755
66632,13841.2732,4310.0931
66633,13883.769,3074.4262
66634,13846.7172,3444.5504
66635,13904.3925,3230.6655
66636,13865.268,3142.6717
66637,13867.6495,3675.8454
66638,13846.6069,4197.4964
66639,13876.748,3005.062
66640,13861.2716,3563.1552
66641,13867.7579,3694.9069
66642,13846.8031,3371.84
66643,13871.5773,3890.522
66644,13849.8771,4347.4534
66645,13902.5556,4208.2592
66646,13846.5814,4222.9964
66647,13862.3583,4422.5668
66648,13877.0577,3346.513
66649,13847.4502,4219.9542
66650,13881.9251,4209.5116
66651,13833.537,4394.293
66652,13844.7575,4548.0356
66653,13899.5041,3228.1214
66654,13855.0071,4128.6761
66655,13839.4245,4358.1873
66656,13886.9282,3786.5132
66657,13892.7764,2836.7919
66658,13868.3577,2936.4009
66659,13884.8609,3553.6627
66660,13836.6359,4457.1179
66661,13849.1333,3216.9637
66662,13831.382,3693.775
66663,13892.1902,4022.7037
66664,13883.6792,3868.4192
66665,13860.7307,4168.5806
66666,13868.7872,3874.592
66667,13856.327,2888.8287
66668,13878.9965,4519.2995
66669,13847.4305,4171.9779
66670,13847.1937,3099.3544
66671,13869.6941,3252.1852
66672,13830.9669,4368.8369
66673,13863.3355,3856.2323
66674,13833.4724,3340.9975
66675,13887.9965,3070.5613
66676,13890.1257,4346.3754
66677,13846.0125,3906.589
66678,13856.3792,3441.5147
66679,13862.8842,3223.3183
66680,13858.1277,4079.7486
66681,13889.7453,4108.1778
66682,13853.8313,2929.9582
66683,13846.9497,3973.9408
66684,13839.7989,3540.7466
66685,13834.9446,4099.6786
66686,13829.6161,3922.7353
66687,13837.4746,3473.2365
66688,13845.5502,3368.122
66689,13848.2943,4506.9146
66690,13880.1496,4020.5406
66691,13866.8799,3864.328
66692,13884.8397,2991.0759
66693,13856.3466,3857.176
66694,13877.9916,3295.1709
66695,13823.9335,3009.6594
66696,13888.9262,4173.0618
66697,13882.0318,2827.6946
66698,13830.6514,4425.259
66699,13856.9321,2922.1586
66700,13884.4334,3951.8733
66701,13840.0268,3757.646
66702,13849.4841,3045.6803
66703,13871.3642,3198.0165
66704,13874.827,3375.1789
66705,13817.2792,4507.3053
66706,13835.2891,4529.7899
66707,13881.2363,3779.5959
66708,13819.5602,4385.3344
66709,13855.2659,3731.0023
66710,13836.6385,4030.3564
66711,13877.7204,3836.7593
66712,13869.6973,3545.1343
66713,13845.0072,3917.0095
66714,13856.3531,3335.6487
66715,13850.0018,3132.5032
66716,13839.8354,3984.1475
66717,13830.9172,2819.1899
66718,13839.3404,3009.732
66719,13822.593,4013.4893
66720,13858.2327,3297.931
66721,13817.1704,3680.6001
66722,13866.6489,3449.7018
66723,13857.9296,4120.866
66724,13811.3391,3556.2425
66725,13821.2901,3321.0885
66726,13858.9038,2981.5361
66727,13865.4136,3185.9922
66728,13856.3231,3569.5103
66729,13819.0253,4032.3972
66730,13865.6068,3297.8631
66731,13818.7151,4286.9521
66732,13818.7083,3284.4123
66733,13834.4697,4291.7209
66734,13816.5393,2819.3114
66735,13863.8402,3409.2189
66736,13827.559,3081.314
66737,13831.712,4416.093
66738,13874.6269,3704.6955
66739,13812.1046,3380.6101
66740,13863.4642,2844.0956
66741,13836.9152,3175.7304
66742,13821.6348,3926.5333
66743,13863.294,3351.6606
66744,13844.0873,3432.1829
66745,13829.1583,4411.1066
66746,13820.1175,3512.0402
66747,13852.6342,3882.304
66748,13811.4077,4112.2474
66749,13811.4051,3680.931
66750,13834.1728,2864.5541
66751,13859.8101,4100.2243
66752,13856.4398,3188.7536
66753,13822.0168,3739.9399
66754,13834.9697,3041.8944
66755,13819.7509,3060.8096
66756,13820.8777,3752.6554
66757,13799.1215,3412.5334
66758,13814.1751,3413.1154
66759,13831.2286,4453.6675
66760,13813.0428,3615.9019
66761,13798.3119,3054.1875
66762,13856.5138,4170.6903
66763,13856.9975,4546.2273
66764,13864.5882,3682.0063
66765,13856.5586,3837.4222
66766,13795.6562,3951.8398
66767,13810.2783,4367.4609
66768,13854.2335,3884.9572
66769,13820.3856,3301.7074
66770,13832.0831,4517.9737
66771,13814.2787,4256.7892
66772,13821.5558,4535.9096
66773,13835.1754,3237.1817
66774,13795.7806,3694.4534
66775,13808.8208,3184.2597
66776,13824.2513,3659.4044
66777,13800.7053,4086.7584
66778,13812.8284,3913.9364
66779,13823.2906,3184.6855
66780,13832.937,3756.636
66781,13858.3427,3681.4045
66782,13842.066,2971.2965
66783,13822.1983,4240.8324
66784,13803.2062,3225.7702
66785,13832.8602,4021.5218
66786,13815.6194,3060.1904
66787,13796.5459,3291.8263
66788,13841.35,4170.3589
66789,13849.1485,4312.431
66790,13788.991,3530.0756
66791,13834.2227,3930.7083
66792,13825.4475,4225.3108
66793,13839.473,2910.19
66794,13799.6543,4398.2884
66795,13798.071,3481.9173
66796,13805.0347,2910.8254
66797,13788.104,4141.3814
66798,13834.7551,3023.485
66799,13847.2685,4545.4798
66800,13796.8604,4489.121
66801,13810.7888,4244.9085
66802,13811.3338,3927.5186
66803,13800.8851,4141.445
66804,13792.2933,4503.5692
66805,13817.2145,3615.8824
66806,13847.5533,4011.645
66807,13821.0463,3838.7382
66808,13838.1196,3704.2695
66809,13809.0812,3696.1098
66810,13829.958,3797.7065
66811,13818.4856,3490.1079
66812,13779.6503,3689.623
66813,13837.9165,2914.3406
66814,13795.5048,4425.3168
66815,13788.0277,3749.0738
66816,13790.2799,3541.4269
66817,13819.1798,3435.3171
66818,13795.6637,3538.7726
66819,13839.3241,4138.9938
66820,13816.9229,3387.9628
66821,13813.2963,3676.0826
66822,13776.2486,3855.4988
66823,13837.5599,3026.5988
66824,13790.5159,4524.5729
66825,13818.3669,3526.1327
66826,13789.5511,4257.8364
66827,13815.9281,4184.2617
66828,13787.1767,2987.2809
66829,13837.6607,3427.3115
66830,13826.1165,3387.1174
66831,13805.9895,3313.7316
66832,13832.1034,3403.3573
66833,13775.8232,3588.0813
66834,13788.738,3079.9129
66835,13820.3659,3612.2264
66836,13791.738,3839.6826
66837,13807.9795,3317.6319
66838,13808.4415,3953.5714
66839,13766.9146,3227.1173
66840,13791.5665,4100.0429
66841,13773.1652,3493.6126
66842,13830.1112,3329.8581
66843,13823.5079,4393.6644
66844,13778.8552,3768.2999
66845,13807.4153,4413.4953
66846,13773.7469,3029.1874
66847,13827.899,3707.5658
66848,13808.2415,3950.6288
66849,13800.6806,3301.7968
66850,13786.2537,4014.443
66851,13769.9441,4495.8492
66852,13823.0944,3948.443
66853,13825.3099,2831.2478
66854,13764.4365,4367.8144
66855,13802.8221,3319.4951
66856,13794.4612,4071.7352
66857,13820.0662,3122.7054
66858,13810.869,3497.4614
66859,13770.8055,4425.6877
66860,13792.1685,3911.3789
66861,13788.23,3383.8405
66862,13799.4001,3833.9641
66863,13765.197,3725.5124
66864,13788.7533,4127.01
66865,13806.8656,3820.7746
66866,13804.0268,3242.0607
66867,13757.1793,3370.1071
66868,13755.4587,4360.3135
66869,13752.5226,3867.5357
66870,13806.7928,3999.0274
66871,13768.4478,3602.7172
66872,13789.7364,3333.9186
66873,13819.2408,4017.4276
66874,13808.7182,3704.9406
66875,13774.2722,4481.9209
66876,13777.5846,3222.5724
66877,13806.519,3257.4899
66878,13801.9035,3880.2732
66879,13812.015,3912.8434
66880,13815.0685,3752.3449
66881,13810.7177,3583.8066
66882,13756.4032,3689.2351
66883,13792.2996,4012.5818
66884,13798.8524,2866.5158
66885,13793.6196,3213.5556
66886,13791.1966,3279.2024
66887,13748.8948,3016.3586
66888,13760.8673,3894.4184
66889,13804.9192,3860.5238
66890,13807.8894,3805.1865
66891,13760.8715,3679.5016
66892,13792.477,2886.292
66893,13755.0981,2817.8823
66894,13761.1145,4452.3278
66895,13771.2644,3550.3572
66896,13760.2636,3654.5534
66897,13806.5626,2807.5759
66898,13763.7441,3933.0073
66899,13750.8128,4037.1816
66900,13739.5058,3815.2757
66901,13785.6575,3773.6162
66902,13788.1567,3392.6101
66903,13753.084,3850.3912
66904,13781.7364,4496.762
66905,13778.6517,3936.5169
66906,13779.3775,2912.0498
66907,13759.4621,3111.8215
66908,13795.6356,3543.4611
66909,13791.9679,3562.4301
66910,13777.1659,3527.8411
66911,13760.2117,3457.0023
66912,13744.5143,3927.4026
66913,13769.7868,4186.417
66914,13745.4962,4102.1405
66915,13773.0687,4232.9536
66916,13772.3046,4270.7714
66917,13735.7673,3922.5042
66918,13748.0361,4488.5237
66919,13733.6507,3844.6367
66920,13791.6195,3738.5246
66921,13739.3809,3441.1169
66922,13782.2135,3314.4806
66923,13775.8329,4111.3995
66924,13754.7377,3227.6347
66925,13784.838,3375.0493
66926,13791.8429,3444.1888
66927,13756.0227,4160.9261
66928,13735.3591,4183.018
66929,13787.8861,4004.8005
66930,13726.2393,3110.9147
66931,13734.643,3982.0572
66932,13759.741,3413.6705
66933,13745.6585,4268.2157
66934,13757.7187,3499.2808
66935,13772.8101,3918.6924
66936,13727.5044,3279.2857
66937,13772.4001,3600.8469
66938,13778.276,4220.18
66939,13731.2411,3125.5092
66940,13735.5501,3114.3331
66941,13727.0021,4152.4412
66942,13766.0276,2832.5445
66943,13739.5182,3941.0991
66944,13754.4091,3737.3392
66945,13762.8077,3165.7382
66946,13743.866,4310.5439
66947,13767.3717,3316.4451
66948,13770.4028,3404.8906
66949,13739.0886,4157.7874
66950,13730.776,3588.8983
66951,13724.6666,4073.2148
66952,13738.536,4462.8855
66953,13765.3909,3021.8196
66954,13759.199,3269.9475
66955,13714.7241,3318.4052
66956,13722.0373,3445.0193
66957,13740.7714,3099.8025
66958,13770.1908,4020.5039
66959,13760.5369,4474.9517
66960,13715.2272,4089.7175
66961,13762.8008,3124.9265
66962,13761.1485,4412.6973
66963,13760.9593,3853.7644
66964,13722.9621,4413.8079
66965,13718.7424,4018.5792
66966,13732.3434,3539.798
66967,13756.2918,3625.2901
66968,13731.4962,4197.0495
66969,13763.2946,4190.3206
66970,13771.883,3438.4065
66971,13741.1616,3200.155
66972,13751.2021,3081.2707
66973,13725.0423,4385.5955
66974,13727.2292,4299.1489
66975,13743.4966,3920.8313
66976,13719.4654,3517.3565
66977,13728.2135,4422.9688
66978,13758.6799,3880.0667
66979,13727.7233,4071.3205
66980,13730.5511,4487.4232
66981,13767.6815,4322.0585
66982,13720.6882,4489.5422
66983,13705.4112,3576.3109
66984,13735.9176,4012.998
66985,13743.8304,4364.9147
66986,13762.2079,3138.4538
66987,13702.3694,3684.6211
66988,13746.6627,4498.3563
66989,13702.347,3893.2733
66990,13701.9922,3606.3877
66991,13762.2136,3983.2275
66992,13703.2296,3894.8771
66993,13694.95,4497.1077
66994,13723.7169,4031.5302
66995,13698.1046,4384.4726
66996,13751.1348,3714.0197
66997,13701.6229,4453.381
66998,13722.3743,4159.9627
66999,13702.5516,3313.2354
67000,13742.3421,2894.5071
67001,13754.3479,3839.155
67002,13716.5309,3767.1578
67003,13729.7295,3640.9646
67004,13745.0769,3930.5191
67005,13743.9078,3791.7283
67006,13728.0752,2899.9544
67007,13741.1661,2925.7392
67008,13723.3315,3952.7025
67009,13696.4134,3794.4467
67010,13712.529,4069.7223
67011,13716.2644,3565.5974
67012,13720.4097,3842.4913
67013,13741.7008,3291.6963
67014,13688.148,3811.5161
67015,13740.9413,3625.4982
67016,13720.2164,3861.0306
67017,13720.6426,4452.9621
67018,13734.302,4303.1875
67019,13713.6983,3249.0104
67020,13693.3223,3101.5579
67021,13682.5111,4172.8187
67022,13729.9355,3017.6536
67023,13687.8994,4079.579
67024,13707.6351,3089.3165
67025,13688.1784,3281.2693
67026,13727.8889,3633.939
67027,13682.6378,2912.9394
67028,13730.3485,4042.2945
67029,13728.4944,3506.0686
67030,13726.5221,4319.8743
67031,13697.1567,3393.316
67032,13733.0227,4022.9948
67033,13690.6872,3160.7696
67034,13677.8901,4348.7286
67035,13722.0677,4203.9028
67036,13692.5819,3791.1917
67037,13727.1508,3660.0671
67038,13686.78,4183.8077
67039,13682.8955,4276.2996
67040,13694.7663,4147.1997
67041,13712.111,2891.8264
67042,13681.3131,3306.4036
67043,13725.1204,2995.5095
67044,13675.4466,3400.9612
67045,13673.6163,4394.5946
67046,13710.7844,3665.3191
67047,13727.5113,3212.2298
67048,13680.9106,3954.6157
67049,13681.118,3352.5235
67050,13705.8315,3213.657
67051,13693.8635,3732.2209
67052,13704.8629,3530.6516
67053,13701.5977,3006.3133
67054,13733.4069,3897.7854
67055,13731.0582,2910.3345
67056,13723.4205,2914.8613
67057,13681.7128,3076.111
67058,13703.2786,4414.7169
67059,13730.898,3318.4504
67060,13678.4868,4188.5526
67061,13674.4156,2865.1348
67062,13689.1629,3042.4483
67063,13668.2134,3863.0265
67064,13711.3491,3815.982
67065,13727.818,4100.5329
67066,13723.307,3377.2429
67067,13677.2685,4235.3091
67068,13673.9444,4207.3918
67069,13692.2087,3546.4201
67070,13686.8151,3268.6994
67071,13676.5517,3858.5129
67072,13667.1155,2883.6722
67073,13679.063,2887.4309
67074,13663.2359,3996.9702
67075,13715.4705,3895.9197
67076,13674.7692,2823.0633
67077,13659.6429,3427.49
67078,13690.1567,3462.7612
67079,13712.0618,3191.9833
67080,13716.0436,4347.193
67081,13656.8018,4322.1039
67082,13685.0087,2881.5996
67083,13693.1509,4428.4183
67084,13672.8643,3406.9531
67085,13683.0969,4001.5091
67086,13712.1536,3946.3025
67087,13693.8844,3571.0875
67088,13699.9014,3935.853
67089,13653.6155,4121.8669
67090,13702.5117,4086
67091,13658.6212,3259.8424
67092,13670.1978,3765.8276
67093,13680.8045,3680.2657
67094,13657.5911,3744.7984
67095,13699.5162,2815.31
67096,13678.2685,3493.0061
67097,13663.5117,3250.4275
67098,13662.765,2864.3976
67099,13707.0872,4502.8241
67100,13649.6077,3144.6926
67101,13693.3798,3994.9492
67102,13695.8834,3637.1762
67103,13699.9634,3475.0005
67104,13658.1497,4057.6529
67105,13693.6493,3619.5448
67106,13679.0289,4433.1886
67107,13647.0721,3997.9551
67108,13657.3654,4057.6262
67109,13705.6513,3866.878
67110,13703.1501,3304.923
67111,13648.3119,4481.7808
67112,13685.5756,3133.7734
67113,13668.7789,4388.4897
67114,13701.6075,3241.0324
67115,13652.268,4375.6098
67116,13665.2437,3550.3492
67117,13696.2781,3589.4977
67118,13660.5614,2974.7851
67119,13688.9649,3115.5526
67120,13645.366,4345.662
67121,13683.4723,3375.0045
67122,13674.7017,3531.8545
67123,13653.0321,2807.6586
67124,13688.2682,3464.0202
67125,13695.6147,4106.7462
67126,13696.1348,2816.7509
67127,13674.8132,4032.7538
67128,13649.0046,3995.7956
67129,13685.6953,3829.1511
67130,13697.9353,3317.0934
67131,13680.2404,4289.6555
67132,13679.0256,3783.946
67133,13642.6238,3290.413
67134,13660.7119,3330.392
67135,13644.7394,3256.8391
67136,13628.2981,4406.7298
67137,13677.17,4229.0712
67138,13632.609,3304.9315
67139,13651.506,3074.3589
67140,13629.8726,3776.7349
67141,13680.3032,3467.5055
67142,13641.387,4358.3642
67143,13642.9104,3982.3264
67144,13625.9463,3947.4244
67145,13663.8423,3994.4406
67146,13676.0249,3456.331
67147,13673.9804,3597.6042
67148,13666.0316,3765.9606
67149,13631.7347,3876.4543
67150,13680.9993,3167.4031
67151,13648.6015,3558.9119
67152,13633.5445,3884.541
67153,13672.5527,4348.1711
67154,13645.3595,2965.1617
67155,13650.2627,3506.8712
67156,13675.262,4466.1402
67157,13672.1067,2849.3144
67158,13633.8357,3743.3872
67159,13653.0579,3765.9521
67160,13638.237,3535.7074
67161,13627.619,3662.321
67162,13642.3892,3598.4433
67163,13680.2842,3786.4032
67164,13675.7952,4318.6944
67165,13623.8914,4190.1818
67166,13614.2088,3603.5806
67167,13623.9848,3073.3338
67168,13650.7966,3912.7626
67169,13637.9755,4399.4163
67170,13619.8219,4132.6478
67171,13614.8475,3596.724
67172,13651.7795,3029.8048
67173,13644.4537,3854.3302
67174,13641.0873,4376.0627
67175,13611.3063,4268.2945
67176,13610.3919,3906.7091
67177,13670.7828,4370.2432
67178,13665.7889,4241.6517
67179,13621.1069,3414.239
67180,13650.6828,4040.7524
67181,13644.0096,4360.844
67182,13624.5752,4421.8145
67183,13651.3543,2844.8956
67184,13668.632,4132.6526
67185,13619.8763,3213.2448
67186,13655.1,4428.9683
67187,13616.8081,3893.1788
67188,13632.261,3318.0307
67189,13623.7441,4414.6322
67190,13670.9664,4411.5719
67191,13646.4953,2967.6525
67192,13606.6063,3342.9825
67193,13607.7931,3527.4035
67194,13653.0502,2894.3986
67195,13656.9937,2790.3152
67196,13633.8664,4343.2518
67197,13655.877,3238.9034
67198,13624.5315,4372.0242
67199,13661.5301,3991.2727
67200,13622.539,4255.9799
67201,13652.0647,3005.9197
67202,13618.0867,4325.9207
67203,13623.3015,3685.8126
67204,13605.6439,4454.3485
67205,13659.0949,3962.9084
67206,13636.914,3690.8435
67207,13641.8282,3236.9477
67208,13610.0462,2896.1535
67209,13614.3369,2913.0284
67210,13609.1717,4232.7689
67211,13595.7688,3862.4289
67212,13648.8038,3299.537
67213,13604.436,3993.4014
67214,13637.0876,4262.0733
67215,13634.9365,3916.7848
67216,13617.8467,3303.7977
67217,13624.3884,4456.8052
67218,13602.5886,3218.2234
67219,13638.8959,4002.6734
67220,13618.8471,3460.126
67221,13610.9738,4278.6001
67222,13601.2925,3673.5888
67223,13644.9064,4172.4352
67224,13642.4617,3822.9609
67225,13603.9059,2960.3401
67226,13603.8552,3772.1855
67227,13651.946,4377.4694
67228,13636.5849,3322.9825
67229,13588.7086,4182.0842
67230,13623.9397,3554.9311
67231,13649.4487,3462.7714
67232,13628.6079,4407.1098
67233,13651.4214,3134.0925
67234,13630.4042,4163.011
67235,13608.3906,4285.7672
67236,13589.269,3304.897
67237,13634.2475,4243.7619
67238,13648.1451,2782.648
67239,13592.5931,3173.945
67240,13598.1677,4029.3668
67241,13626.1595,3162.8555
67242,13593.8605,3325.8687
67243,13601.3761,4069.701
67244,13648.4696,3683.5802
67245,13637.7978,2909.3988
67246,13590.5044,4214.4893
67247,13584.1186,4368.6082
67248,13588.125,3663.7319
67249,13600.0426,4045.3806
67250,13603.3971,3256.7998
67251,13623.8991,3132.8577
67252,13631.5279,3902.8156
67253,13643.1396,3156.3308
67254,13605.9669,4332.5503
67255,13643.3641,3514.7282
67256,13641.616,4314.801
67257,13578.5896,4095.1163
67258,13604.4684,3690.418
67259,13605.0714,3171.554
67260,13605.2408,4252.6591
67261,13577.3673,3559.1035
67262,13641.869,3387.2
67263,13607.8223,4146.7736
67264,13617.1659,4198.6731
67265,13609.473,4366.9386
67266,13590.632,4182.1582
67267,13576.2319,4445.7596
67268,13636.3888,3489.1934
67269,13627.1292,3257.8171
67270,13595.2054,3395.4067
67271,13576.6275,4161.9308
67272,13614.1999,3114.9492
67273,13594.6581,4036.4312
67274,13623.7829,3520.9875
67275,13586.3461,4306.0691
67276,13577.8408,3228.2622
67277,13584.3606,4212.9703
67278,13578.1698,4078.296
67279,13580.0585,4210.4893
67280,13579.7929,3488.0662
67281,13597.1748,3336.2497
67282,13605.8121,4022.1429
67283,13592.0075,3511.3805
67284,13566.4166,3678.3519
67285,13588.2468,3258.7533
67286,13566.8855,3665.5185
67287,13581.2116,3946.0932
67288,13571.0175,3030.9624
67289,13572.7885,4172.6552
67290,13581.8724,4306.5104
67291,13566.5049,2924.6375
67292,13604.7082,3882.8978
67293,13571.0415,4146.4478
67294,13598.27,4338.1865
67295,13618.1292,3041.8298
67296,13572.094,3411.8338
67297,13576.5132,3735.6034
67298,13585.2514,4144.9857
67299,13572.0171,3921.2406
67300,13599.4262,3833.929
67301,13571.0417,4386.7308
67302,13608.9846,3015.7285
67303,13578.6167,3437.1519
67304,13583.0089,4380.2666
67305,13575.1953,3250.254
67306,13564.1452,3013.1335
67307,13606.7178,3573.144
67308,13561.7366,3741.2858
67309,13576.3183,3973.4771
67310,13608.2493,3928.8825
67311,13602.1755,4461.8425
67312,13622.4298,3454.3719
67313,13617.5034,2794.5751
67314,13602.1063,4020.5799
67315,13607.8941,3815.8257
67316,13617.6227,4324.9482
67317,13585.5983,4089.636
67318,13614.6499,3406.0041
67319,13587.7128,3646.5028
67320,13570.0784,4407.9754
67321,13554.7076,4201.1505
67322,13604.5724,3547.9755
67323,13615.6843,4219.4523
67324,13574.6042,3529.765
67325,13598.5013,3510.125
67326,13573.719,3368.5576
67327,13577.8156,2931.3286
67328,13604.728,3528.7476
67329,13593.807,3041.4528
67330,13559.2307,2921.5472
67331,13568.9883,4041.9371
67332,13554.4377,3175.319
67333,13555.563,3211.4225
67334,13588.7151,4460.4756
67335,13587.6526,3996.0671
67336,13550.2652,2804.4559
67337,13589.3938,4286.17
67338,13581.3641,2941.6945
67339,13579.337,4429.073
67340,13552.8671,3366.4103
67341,13605.9999,3569.6673
67342,13609.6499,2813.0955
67343,13554.4046,4204.9491
67344,13614.1716,3706.607
67345,13593.9612,4369.2466
67346,13547.1611,3632.4294
67347,13597.8206,4110.8387
67348,13607.9861,4267.334
67349,13551.5158,3859.7935
67350,13550.6039,4187.1491
67351,13566.4006,3443.4987
67352,13581.14,2899.2546
67353,13609.6416,3389.3632
67354,13556.0361,3386.5991
67355,13599.2757,3978.2891
67356,13556.5988,3224.283
67357,13604.6681,3264.1265
67358,13567.6084,3733.0742
67359,13607.6633,3309.4634
67360,13569.0378,4333.3853
67361,13547.0185,3078.1131
67362,13565.9439,3280.198
67363,13554.8736,4410.7271
67364,13545.3584,3326.6243
67365,13583.7889,2802.6724
67366,13595.8838,4142.9621
67367,13586.1204,3508.8982
67368,13552.3369,3466.6719
67369,13582.1668,3281.4249
67370,13575.1585,3421.5475
67371,13574.9634,4400.5443
67372,13540.7719,4150.7499
67373,13594.9221,4217.9107
67374,13580.0782,3017.0924
67375,13594.6486,3951.1952
67376,13575.0851,3888.6149
67377,13581.4329,3802.1862
67378,13564.8565,3042.2107
67379,13576.0868,3041.6166
67380,13571.7753,3112.4689
67381,13542.0584,4054.3842
67382,13553.1131,3591.6709
67383,13559.6584,3812.019
67384,13550.2621,3128.5411
67385,13568.6153,3181.2087
67386,13544.3385,4059.1767
67387,13577.3306,3268.8173
67388,13543.5056,4207.1103
67389,13554.3556,3736.7389
67390,13564.46,2755.3973
67391,13564.7768,4250.6025
67392,13542.3069,4352.8552
67393,13547.0606,3193.4082
67394,13599.4093,3548.656
67395,13535.8654,4419.6503
67396,13577.2639,3237.077
67397,13563.045,2837.4234
67398,13534.7684,4298.1723
67399,13595.409,3206.7364
67400,13556.9936,4235.0899
67401,13567.207,3775.7706
67402,13551.2065,4179.2435
67403,13595.3125,4223.7607
67404,13572.6445,3707.1037
67405,13554.8451,4188.7275
67406,13540.987,2946.1367
67407,13594.5231,2787.7712
67408,13567.9539,2766.4071
67409,13538.4683,3353.1709
67410,13552.987,3182.16
67411,13555.3148,3131.5241
67412,13570.5028,2897.8343
67413,13583.1948,3748.5265
67414,13581.4826,3552.168
67415,13569.9498,3895.5879
67416,13532.1544,3988.5911
67417,13575.1645,3369.2943
67418,13532.2182,3923.9291
67419,13533.643,2900.4506
67420,13554.4047,2786.2304
67421,13536.2414,4167.0527
67422,13541.2111,4354.1047
67423,13586.3111,3290.8873
67424,13540.866,3917.783
67425,13572.6119,2809.9901
67426,13584.0266,3486.845
67427,13550.1127,4293.234
67428,13584.263,3691.7446
67429,13547.644,3558.7669
67430,13578.0889,4415.3046
67431,13563.6614,3201.4065
67432,13553.1862,4101.5348
67433,13583.1445,3777.3337
67434,13577.5957,3586.0728
67435,13544.4201,3776.0492
67436,13556.9816,4219.1056
67437,13550.2801,4071.6627
67438,13564.4784,2916.0575
67439,13533.1026,3246.7369
67440,13554.9477,3515.8399
67441,13556.1529,4138.6077
67442,13582.502,4212.4463
67443,13581.3488,4409.3339
67444,13573.8261,2853.5476
67445,13532.9872,2772.7762
67446,13580.7096,3687.4525
67447,13541.4011,4015.9159
67448,13534.997,3259.0641
67449,13584.7036,4433.5985
67450,13530.301,3101.3779
67451,13544.0023,3294.1024
67452,13534.1112,3918.4557
67453,13541.2266,4287.3609
67454,13573.9151,2825.665
67455,13554.4023,3072.5758
67456,13539.9575,3495.7357
67457,13537.2424,2923.3572
67458,13570.2487,4170.3414
67459,13537.7009,3650.6206
67460,13523.1528,3192.7741
67461,13548.4254,4216.7579
67462,13579.242,3267.9675
67463,13524.8427,4104.4131
67464,13525.7872,2809.7637
67465,13527.5904,4371.3668
67466,13549.9855,4158.6103
67467,13540.7934,3636.4243
67468,13549.1097,3875.9122
67469,13573.6478,3904.858
67470,13574.2206,3973.201
67471,13550.3807,4153.6189
67472,13582.9725,3688.5426
67473,13531.6402,2774.2534
67474,13520.3027,4362.7111
67475,13526.0969,2781.3009
67476,13564.1976,4201.1284
67477,13561.1199,3893.2598
67478,13542.7237,3790.5046
67479,13564.4221,4304.2673
67480,13578.6276,3850.7972
67481,13539.2407,3916.5301
67482,13564.6874,3820.5919
67483,13537.5042,3804.9879
67484,13569.1339,2933.8422
67485,13558.6782,2888.0577
67486,13549.45,2800.0215
67487,13521.466,4160.0577
67488,13541.4041,2766.0955
67489,13558.2531,2908.3482
67490,13525.2155,3903.4413
67491,13537.3611,3780.1206
67492,13573.3856,3171.5901
67493,13580.0462,3556.1442
67494,13582.597,3107.3293
67495,13581.1905,4217.9491
67496,13537.573,3052.2442
67497,13540.8642,3515.4153
67498,13567.1369,3746.849
67499,13579.5437,4047.0401
67500,13520.1228,3985.2612
67501,13578.6415,4302.0296
67502,13527.3932,2824.6428
67503,13545.5502,3124.2824
67504,13560.8293,3999.7639
67505,13524.473,3962.3347
67506,13573.8109,3017.5985
67507,13581.0764,3183.2738
67508,13548.3526,3414.3918
67509,13550.8068,4337.2643
67510,13523.6494,3860.9953
67511,13579.9125,4397.9531
67512,13565.5488,4281.0664
67513,13570.5301,4002.1223
67514,13543.9624,3255.4979
67515,13573.759,4306.2353
67516,13537.6107,3436.4212
67517,13543.2443,3563.274
67518,13528.8981,4424.5052
67519,13555.1334,3267.1338
67520,13529.707,4287.7583
67521,13576.225,4261.979
67522,13539.6981,3933.1042
67523,13536.8977,4167.036
67524,13558.4998,3787.8509
67525,13580.3214,4265.4212
67526,13555.7586,2971.8603
67527,13552.3009,3951.2343
67528,13538.5051,2901.3948
67529,13545.9884,3848.5146
67530,13571.1806,2880.0195
67531,13560.422,3919.6979
67532,13525.1907,3856.5039
67533,13527.902,3461.0427
67534,13553.6865,3924.6799
67535,13517.0606,3806.5582
67536,13564.8911,3872.7578
67537,13530.6751,3491.3798
67538,13529.5945,4105.0462
67539,13577.1409,3838.3557
67540,13536.2726,3890.383
67541,13564.5109,4431.7073
67542,13522.0779,4384.381
67543,13541.4571,4068.5297
67544,13521.4213,3187.3663
67545,13542.1726,3866.3053
67546,13547.9815,3927.4768
67547,13549.8125,3901.5879
67548,13542.1922,3835.0494
67549,13526.1001,3365.3155
67550,13527.8556,3757.7183
67551,13522.8121,3683.2153
67552,13523.9456,3059.5524
67553,13574.7273,2828.0313
67554,13553.7265,3330.3297
67555,13566.6206,2772.4341
67556,13578.6082,2948.5655
67557,13569.674,3871.4629
67558,13516.8512,4206.1214
67559,13541.9201,4260.4936
67560,13518.6499,2940.3059
67561,13516.2757,2759.7831
67562,13513.6099,4112.8681
67563,13548.9807,3897.5104
67564,13569.1197,2919.0968
67565,13520.1866,3897.8456
67566,13530.3303,3758.1774
67567,13519.3312,3055.2352
67568,13576.0198,2786.2811
67569,13561.4316,3597.7013
67570,13516.1168,4005.6982
67571,13558.2108,2899.276
67572,13537.0797,3705.7536
67573,13533.3427,3753.3765
67574,13569.8871,3074.456
67575,13559.7644,3834.5642
67576,13559.5176,4024.8168
67577,13556.6831,4224.6107
67578,13579.3267,3803.453
67579,13529.0339,3129.8185
67580,13546.0521,2995.1171
67581,13567.6582,3901.3475
67582,13559.7166,3065.641
67583,13537.6049,3137.904
67584,13533.6649,3509.9727
67585,13574.7957,3811.6921
67586,13519.1253,3598.5495
67587,13519.4387,4404.3287
67588,13516.9949,3286.2238
67589,13550.05,2867.7487
67590,13514.3737,4138.2176
67591,13521.3566,3159.0971
67592,13564.8199,2794.8181
67593,13560.4126,3700.3205
67594,13562.4641,3805.923
67595,13573.6775,4201.945
67596,13564.8682,3419.1675
67597,13538.6974,3360.802
67598,13531.2042,3815.6674
67599,13558.4782,3743.1968
67600,13562.9862,3308.4391
67601,13581.756,3175.2764
67602,13544.7061,3546.0308
67603,13534.0319,3538.194
67604,13573.4533,3058.0403
67605,13557.1067,4382.4299
67606,13562.0189,4387.5278
67607,13517.654,3587.4062
67608,13569.4725,3491.6841
67609,13558.8869,3131.4451
67610,13525.122,4009.5122
67611,13540.5021,3196.0424
67612,13567.1461,3051.1255
67613,13522.5493,2819.7773
67614,13532.1457,4201.8402
67615,13517.7327,2832.323
67616,13529.8884,3551.6714
67617,13555.4569,4408.7033
67618,13537.5158,3181.0023
67619,13577.0342,3621.5351
67620,13541.9125,2850.5539
67621,13528.0919,3062.2315
67622,13518.9259,2932.7616
67623,13531.1514,2959.8111
67624,13561.947,4095.1573
67625,13571.0259,2844.7007
67626,13547.8476,4024.7996
67627,13552.544,3199.9066
67628,13561.5904,3028.7823
67629,13564.4219,3333.9341
67630,13558.9266,3605.739
67631,13543.7047,4047.6599
67632,13555.0512,4001.0572
67633,13563.7496,3007.4682
67634,13545.9399,3008.1835
67635,13532.2828,3599.0597
67636,13530.2218,3413.1811
67637,13536.705,4137.9414
67638,13529.7915,3558.0475
67639,13554.9364,4269.0436
67640,13575.0906,3667.8735
67641,13533.7975,4000.0752
67642,13549.7811,4100.3181
67643,13556.9919,4042.4786
67644,13536.3545,3312.2696
67645,13582.8497,2916.635
67646,13584.8552,3068.3179
67647,13535.7759,2918.8044
67648,13537.6512,3376.7805
67649,13554.548,4374.4673
67650,13585.5936,3454.5724
67651,13560.3219,4176.1763
67652,13581.0262,3717.4254
67653,13533.5396,3316.4378
67654,13562.9937,3785.1945
67655,13538.1112,3787.0402
67656,13544.4694,2796.7196
67657,13537.3106,3254.2228
67658,13568.7321,3779.7723
67659,13545.2451,3085.8598
67660,13531.0423,4150.824
67661,13579.2058,3033.9713
67662,13537.2398,2987.6196
67663,13545.9857,3512.2745
67664,13558.3185,2768.9725
67665,13569.1981,4410.1102
67666,13553.17,3876.9506
67667,13546.7149,3320.5131
67668,13552.1758,2752.2845
67669,13537.5097,4064.1477
67670,13582.4142,3043.7153
67671,13521.1103,2991.7156
67672,13587.1577,3713.0534
67673,13568.4348,4204.9006
67674,13567.4128,4458.9583
67675,13539.454,3932.9417
67676,13584.0166,4169.023
67677,13554.6856,3317.2451
67678,13581.3058,4127.6813
67679,13567.6093,3358.3002
67680,13529.7332,3878.2535
67681,13542.3551,2916.6448
67682,13570.5944,3771.23
67683,13570.1955,4163.5155
67684,13552.6312,3152.6982
67685,13565.2917,3743.5419
67686,13583.4698,4134.0477
67687,13550.3301,3067.4385
67688,13546.1299,3888.6459
67689,13565.6592,4156.545
67690,13527.4916,3752.9448
67691,13568.1365,3878.5546
67692,13581.1278,3195.1582
67693,13531.8698,2800.1997
67694,13524.8069,4367.9694
67695,13567.4025,4147.2667
67696,13541.1684,3140.306
67697,13568.9916,3061.9012
67698,13566.1069,3773.4697
67699,13559.5615,4284.4824
67700,13545.3869,3686.1716
67701,13562.5411,4377.2587
67702,13580.0352,3038.306
67703,13538.5084,3139.8846
67704,13571.8862,4408.5772
67705,13571.319,3479.5883
67706,13578.407,3695.1016
67707,13544.2875,3693.7958
67708,13548.383,3933.1144
67709,13535.6411,3429.6984
67710,13567.3567,3866.507
67711,13582.5909,3459.9437
67712,13592.2315,3588.3254
67713,13575.151,4063.632
67714,13557.0184,4034.9255
67715,13531.4463,4106.8355
67716,13541.5916,3707.9129
67717,13566.2205,4061.5485
67718,13578.252,4026.6551
67719,13578.0145,4138.1464
67720,13534.5138,3230.5651
67721,13580.5816,3736.5163
67722,13563.3503,4403.0917
67723,13561.3074,3574.8572
67724,13555.475,4419.3042
67725,13579.1396,3611.7778
67726,13538.0009,3533.6676
67727,13591.501,3878.1044
67728,13592.3005,4328.0804
67729,13556.7219,3325.0185
67730,13539.898,4382.0591
67731,13533.8557,4422.9337
67732,13554.4928,4121.4529
67733,13552.1889,3756.9981
67734,13588.4039,3370.403
67735,13551.4396,4450.9643
67736,13541.3999,4079.1647
67737,13578.753,3511.7265
67738,13537.7404,4438.5732
67739,13581.673,4055.1358
67740,13588.7901,4423.2188
67741,13598.504,3380.0538
67742,13543.3538,4007.7221
67743,13564.2347,3684.0159
67744,13601.0207,3995.5916
67745,13601.0284,3972.4164
67746,13588.7335,4426.2899
67747,13593.7262,4416.2167
67748,13575.1339,3055.9723
67749,13539.1173,3992.021
67750,13584.0828,3220.1977
67751,13591.4617,3790.0738
67752,13548.3523,3868.4312
67753,13586.575,4388.4623
67754,13567.1835,3712.2152
67755,13586.7924,4097.2764
67756,13559.7589,4172.5499
67757,13568.9767,2966.6359
67758,13556.5939,3811.2797
67759,13593.0178,2977.0634
67760,13600.0369,2772.8568
67761,13593.0993,4005.6007
67762,13579.1458,3360.7841
67763,13580.8266,3221.7599
67764,13549.1126,3202.9797
67765,13547.0246,3357.6877
67766,13541.8301,3311.5971
67767,13551.9157,3691.7493
67768,13598.9415,3211.4113
67769,13579.6976,3249.9428
67770,13606.0203,4174.9174
67771,13599.3522,3971.0641
67772,13542.2387,3105.8018
67773,13570.5522,4368.517
67774,13566.9816,3347.0772
67775,13551.6641,3015.7017
67776,13561.7578,3220.5043
67777,13596.3171,3065.4708
67778,13578.2542,4234.7931
67779,13583.7114,4402.3088
67780,13558.8006,3214.8678
67781,13555.6932,4289.5481
67782,13576.9963,4396.7838
67783,13552.9309,3550.845
67784,13574.4146,3328.8984
67785,13569.8148,3405.2
67786,13597.9527,3463.9266
67787,13584.4189,3433.7889
67788,13599.9413,3192.4653
67789,13575.9476,3756.4797
67790,13597.238,4254.8508
67791,13553.4082,3760.5813
67792,13577.7606,3656.0949
67793,13588.3418,3597.1618
67794,13598.7815,4340.7643
67795,13604.0995,2918.7702
67796,13567.4804,3055.7726
67797,13599.8863,4213.5704
67798,13570.1848,3843.1399
67799,13569.7617,3775.4229
67800,13579.3418,3796.9337
67801,13558.8561,3019.7588
67802,13597.2425,3440.9205
67803,13569.2046,4229.8811
67804,13583.8965,4000.6903
67805,13585.6003,4457.0957
67806,13549.1501,2974.0246
67807,13553.7999,3668.0712
67808,13611.2715,2935.8919
67809,13558.9582,2826.093
67810,13576.2441,3796.1786
67811,13578.5062,3628.9368
67812,13597.0669,2939.2467
67813,13596.0197,3808.4536
67814,13553.819,4051.0345
67815,13604.7224,4410.7036
67816,13592.1679,3634.4355
67817,13589.3001,4111.0765
67818,13563.0535,4060.7266
67819,13610.407,3616.7132
67820,13582.3997,3973.8984
67821,13584.1007,3210.0443
67822,13570.3652,2788.1857
67823,13563.0073,3179.3306
67824,13615.1554,3743.4963
67825,13572.5125,4317.694
67826,13593.4784,3080.7154
67827,13618.3067,3291.8767
67828,13597.7466,4007.4642
67829,13570.1731,4374.259
67830,13556.7143,3604.3346
67831,13564.2176,3397.5774
67832,13578.2311,3933.572
67833,13592.4293,3125.127
67834,13557.1661,2956.2043
67835,13603.175,3801.658
67836,13618.4027,3207.9872
67837,13618.8586,4161.7889
67838,13612.2552,2986.1335
67839,13573.1055,3174.759
67840,13593.5283,2872.9355
67841,13565.6131,3133.877
67842,13590.0973,4275.201
67843,13568.1588,3886.7706
67844,13574.9947,3882.0467
67845,13585.9839,4259.6445
67846,13588.2967,3071.9789
67847,13565.7932,3413.096
67848,13591.0298,3252.2243
67849,13588.4606,3636.1633
67850,13614.9423,3517.3315
67851,13616.4338,3487.1514
67852,13597.516,3751.4938
67853,13608.0338,3220.7121
67854,13573.7797,4001.5741
67855,13589.6521,3844.1673
67856,13576.5999,4070.5492
67857,13620.6672,3918.1164
67858,13613.2734,2858.5873
67859,13566.2667,4056.7108
67860,13592.8959,3733.9183
67861,13611.4777,3855.6824
67862,13631.9841,3896.8864
67863,13588.3244,3313.5612
67864,13632.5359,3772.8532
67865,13614.6326,3584.8682
67866,13618.9502,3838.0321
67867,13584.976,3881.7391
67868,13629.4908,4440.1694
67869,13601.5634,4179.2542
67870,13585.71,3285.9611
67871,13592.0796,4000.3415
67872,13596.6378,4442.7083
67873,13590.5721,3110.9773
67874,13630.2065,2874.5844
67875,13604.7934,4157.0177
67876,13587.9775,4212.4818
67877,13608.957,2951.4532
67878,13616.2334,4197.5435
67879,13595.3364,4176.3925
67880,13614.9989,4446.3139
67881,13593.5452,3430.1215
67882,13636.4022,4011.299
67883,13572.4964,4158.1
67884,13601.089,3370.9634
67885,13616.1531,3090.5879
67886,13616.4106,3014.4785
67887,13635.6853,3839.6938
67888,13619.5871,4196.9126
67889,13610.8759,4022.3632
67890,13628.5307,2877.4836
67891,13594.1668,4162.4966
67892,13599.5563,3114.1914
67893,13590.9699,3039.5408
67894,13620.9293,4027.2943
67895,13607.227,3972.7651
67896,13595.447,3027.1579
67897,13622.8379,4157.9357
67898,13619.7424,4240.6628
67899,13582.3661,4430.1589
67900,13632.0557,2939.8195
67901,13629.2424,3612.0918
67902,13620.5416,4209.2288
67903,13624.1634,3121.0525
67904,13637.4384,3530.6905
67905,13635.5769,4317.2379
67906,13630.0601,3246.0658
67907,13623.2207,3628.9485
67908,13630.3294,4219.0073
67909,13646.652,4089.2552
67910,13636.8212,4238.4126
67911,13623.5824,3490.8319
67912,13583.5401,3269.299
67913,13611.1628,3827.4508
67914,13597.4877,4157.504
67915,13595.2138,3331.6218
67916,13600.0005,3869.0534
67917,13599.3428,4156.8735
67918,13620.3034,3161.0848
67919,13600.3353,3197.5751
67920,13612.5156,2972.7361
67921,13615.8637,3943.5065
67922,13599.65,3072.7926
67923,13611.3971,3687.2128
67924,13623.9886,4457.369
67925,13644.8383,3292.6763
67926,13605.6842,4397.5764
67927,13628.9836,4274.9495
67928,13618.4986,2828.065
67929,13604.3919,4408.8134
67930,13589.6419,3421.5713
67931,13650.3692,3871.0157
67932,13612.2387,2958.4111
67933,13618.0674,3257.6251
67934,13627.1723,3933.6347
67935,13626.6257,3430.0171
67936,13625.2174,4392.5591
67937,13636.4682,4422.5829
67938,13595.1295,3066.2901
67939,13597.1902,2825.5002
67940,13593.9197,3266.8214
67941,13623.8384,4306.1409
67942,13632.7165,3026.5398
67943,13621.174,4401.8045
67944,13631.662,4221.1563
67945,13643.0966,4133.8344
67946,13622.4976,4102.5506
67947,13656.7725,3826.1002
67948,13624.1873,3223.155
67949,13601.7841,3719.8912
67950,13616.2647,2814.2422
67951,13604.4426,3456.444
67952,13645.392,3034.0649
67953,13597.0294,3096.8088
67954,13661.4653,3604.5561
67955,13616.6952,2985.1458
67956,13641.0492,4291.2934
67957,13646.7258,3499.0948
67958,13631.7385,3014.3141
67959,13615.8647,4202.4029
67960,13639.7203,4311.5424
67961,13606.3723,3785.3859
67962,13629.4784,4444.9893
67963,13632.4686,3487.3741
67964,13630.8206,3148.5416
67965,13630.977,4325.58
67966,13656.4251,3471.5806
67967,13659.5197,3917.3165
67968,13646.402,3585.0701
67969,13658.0547,4097.7895
67970,13635.4502,3423.7966
67971,13623.259,2991.5803
67972,13601.1933,4361.7698
67973,13643.1783,4271.1194
67974,13627.012,4161.8347
67975,13656.3271,4083.4375
67976,13611.6173,4140.2041
67977,13656.5248,3431.6233
67978,13638.5825,4427.5524
67979,13663.2778,3972.6816
67980,13617.9656,3819.2459
67981,13603.2999,3976.6663
67982,13644.7717,3779.5354
67983,13649.1576,4099.2409
67984,13638.3425,4420.4455
67985,13669.637,4019.2195
67986,13671.684,4369.6734
67987,13653.6522,3218.4276
67988,13615.2487,3119.286
67989,13610.0581,3300.1647
67990,13614.7546,4305.5023
67991,13609.2253,3958.4773
67992,13673.5821,4475.9153
67993,13607.8026,4108.0441
67994,13617.6869,3459.2507
67995,13667.0907,4183.2237
67996,13629.8203,4331.1926
67997,13638.7228,4308.4052
67998,13634.5227,4062.6959
67999,13661.6407,4194.8238
68000,13651.364,2926.9998
68001,13625.1993,3807.464
68002,13618.0154,3613.4404
68003,13655.3763,4337.0505
68004,13649.189,4305.175
68005,13649.3688,3870.1735
68006,13615.3132,3490.2466
68007,13644.3209,2903.6128
68008,13656.879,3969.8794
68009,13613.26,3476.7152
68010,13647.1931,3292.6594
68011,13626.6949,3719.7841
68012,13641.9544,3349.3314
68013,13640.3761,3725.7855
68014,13643.2991,4300.0518
68015,13679.9981,4187.8986
68016,13644.5351,3630.0268
68017,13627.0213,3292.5746
68018,13637.9205,3894.7146
68019,13635.2657,4231.6946
68020,13677.8822,4139.5172
68021,13656.0889,3551.3529
68022,13669.2893,4221.8202
68023,13656.6892,4480.6881
68024,13658.2524,3691.7008
68025,13679.0275,2862.569
68026,13643.1828,4410.7351
68027,13685.4197,3312.5481
68028,13676.1452,3490.58
68029,13675.6361,3689.3718
68030,13664.3593,4325.7889
68031,13678.5361,3129.9117
68032,13628.8012,3249.249
68033,13622.0024,3831.6086
68034,13644.4265,4228.0285
68035,13657.771,3794.7739
68036,13652.4185,3466.6062
68037,13643.2056,3317.1344
68038,13654.6652,3357.9688
68039,13666.0433,4371.5782
68040,13641.2665,3249.2172
68041,13675.4872,3537.7678
68042,13654.1079,4367.6312
68043,13652.0719,4413.0292
68044,13666.1251,4335.4625
68045,13687.2018,4152.6556
68046,13653.4741,3238.1273
68047,13655.8091,3450.7468
68048,13643.4292,3871.8158
68049,13675.7771,4388.4287
68050,13664.2104,4336.8747
68051,13680.8349,3712.3555
68052,13695.0984,3361.8433
68053,13635.8605,4411.8867
68054,13649.7573,3388.5399
68055,13633.8969,3113.776
68056,13636.1531,4367.2555
68057,13641.0521,2883.1578
68058,13663.3475,3478.6365
68059,13672.5246,4111.5153
68060,13683.6268,4151.2476
68061,13630.6886,4458.3621
68062,13665.8359,4391.1827
68063,13673.2301,3028.7183
68064,13665.6445,3534.9471
68065,13633.9463,4480.5056
68066,13651.4713,3539.7
68067,13679.6426,3441.0001
68068,13665.2439,3081.2795
68069,13668.312,3058.812
68070,13667.6886,3774.8724
68071,13678.7482,4190.0593
68072,13659.864,3636.7537
68073,13639.0172,2911.9534
68074,13701.3024,4156.9356
68075,13675.4913,3521.2111
68076,13689.4774,3247.5592
68077,13648.6427,3412.3264
68078,13637.4194,3999.0917
68079,13663.7669,4254.9043
68080,13669.0662,3809.2225
68081,13684.5286,2878.5122
68082,13662.8156,4448.5164
68083,13663.9454,3037.2419
68084,13659.9271,3905.1785
68085,13671.8526,3915.7569
68086,13649.7817,4000.2446
68087,13704.2012,3131.5184
68088,13663.5423,3752.0864
68089,13701.4305,4490.2024
68090,13674.3692,3649.9809
68091,13658.052,2875.446
68092,13654.3735,3625.1103
68093,13645.0305,3816.9539
68094,13690.3217,3962.8278
68095,13700.1288,2845.2956
68096,13678.0904,3212.1044
68097,13649.4195,3570.9269
68098,13650.2502,3263.7533
68099,13665.3515,3639.798
68100,13702.6768,3171.0354
68101,13689.7792,3921.8305
68102,13665.9289,3859.7996
68103,13657.2636,4279.8603
68104,13676.374,3412.7839
68105,13667.4451,4383.5778
68106,13698.7265,3298.9583
68107,13690.2205,3713.3386
68108,13712.0361,3819.0311
68109,13669.0565,3277.0381
68110,13666.1144,3368.5883
68111,13660.3098,4007.9774
68112,13659.4816,3520.8683
68113,13695.4,4044.6104
68114,13691.8516,4259.0663
68115,13712.6517,3308.6993
68116,13685.6692,3822.4759
68117,13713.1115,3950.5413
68118,13699.8444,3657.0197
68119,13656.832,3216.819
68120,13689.0403,2809.3782
68121,13688.1962,4459.9513
68122,13704.25,4048.1607
68123,13695.2508,3705.1871
68124,13708.6615,3947.8041
68125,13704.8483,4392.7032
68126,13703.491,3181.3887
68127,13668.7661,3416.1393
68128,13708.5107,3328.9444
68129,13709.6557,2837.1015
68130,13716.6799,3147.0523
68131,13702.8548,3798.638
68132,13679.689,4004.5594
68133,13665.4243,2960.643
68134,13676.9567,3832.5163
68135,13701.4404,4249.7808
68136,13664.2448,3618.0381
68137,13678.4613,4185.7159
68138,13722.6177,3667.5171
68139,13706.2952,4112.7479
68140,13689.0652,3749.9756
68141,13693.3052,4291.0423
68142,13685.8271,2970.3296
68143,13672.9877,3121.0013
68144,13670.6901,4340.287
68145,13725.0526,4005.9038
68146,13688.3761,3416.9433
68147,13702.3608,3630.7048
68148,13684.8647,3316.8507
68149,13676.2602,3122.5598
68150,13707.6108,3511.599
68151,13700.323,3289.0078
68152,13707.5249,4370.4828
68153,13674.2311,2814.0643
68154,13701.2384,3837.1906
68155,13664.5053,4170.8492
68156,13686.4603,4056.072
68157,13701.5749,3454.3855
68158,13707.3825,4397.4324
68159,13676.144,3456.5417
68160,13724.3517,4293.0354
68161,13686.5976,4111.9678
68162,13677.8063,4161.9124
68163,13692.2547,3130.7602
68164,13672.4512,4036.4362
68165,13684.9857,4217.5203
68166,13673.5488,3388.2888
68167,13673.4885,3704.8582
68168,13726.7251,4121.8933
68169,13700.8929,3546.0528
68170,13681.9721,3352.3089
68171,13720.1007,3794.4084
68172,13694.5867,4110.7325
68173,13669.306,4116.1989
68174,13687.9485,3677.4796
68175,13714.3748,3228.7485
68176,13727.415,3323.2474
68177,13679.5886,3869.7988
68178,13713.627,4448.6134
68179,13696.3767,4314.1474
68180,13718.333,3866.9432
68181,13695.928,4053.5599
68182,13721.9074,3824.2709
68183,13692.4578,4198.074
68184,13701.8538,3671.5265
68185,13678.9039,3662.0463
68186,13727.7863,3666.5757
68187,13717.0617,2820.8948
68188,13741.2182,3095.7618
68189,13735.1971,4482.293
68190,13720.1692,3697.5377
68191,13701.9097,3922.028
68192,13680.5386,4311.871
68193,13704.8771,3823.4965
68194,13717.0583,3587.6211
68195,13693.3178,3248.073
68196,13710.2761,3624.877
68197,13687.1462,3321.4517
68198,13743.2118,3239.3658
68199,13737.0242,4438.5098
68200,13719.1092,3883.6129
68201,13738.3186,3268.5589
68202,13704.313,3857.6791
68203,13691.8486,4351.742
68204,13704.1892,2893.3302
68205,13735.4472,3504.4804
68206,13712.5216,3385.7501
68207,13694.988,4031.0684
68208,13680.88,3379.4848
68209,13685.0476,4371.5158
68210,13687.5682,4197.6139
68211,13729.2896,3531.9568
68212,13712.4109,2886.3406
68213,13687.8578,3242.9876
68214,13702.1315,3511.1483
68215,13684.005,4327.4251
68216,13720.4073,2966.024
68217,13716.1247,4250.7969
68218,13726.8169,4066.5021
68219,13746.6474,3680.3057
68220,13699.772,3640.3898
68221,13707.2446,3690.9363
68222,13736.8255,3951.4137
68223,13702.4253,2827.7456
68224,13721.8168,4410.737
68225,13736.1281,4469.0986
68226,13708.7018,2828.8367
68227,13736.2519,3906.3638
68228,13745.0826,4212.2264
68229,13702.7459,4032.4668
68230,13711.2651,3430.6514
68231,13742.2332,4406.3354
68232,13737.7538,3804.5019
68233,13721.8579,3254.2151
68234,13733.0023,4276.9958
68235,13743.5266,3916.5207
68236,13739.22,3487.5389
68237,13706.3876,3592.9876
68238,13746.5436,4092.2814
68239,13707.8698,3763.9649
68240,13723.9977,4352.073
68241,13690.4699,3085.891
68242,13744.7707,3898.855
68243,13706.3512,4204.4673
68244,13696.0336,3869.5744
68245,13713.8564,3766.723
68246,13697.0089,3475.0105
68247,13738.6766,3459.3203
68248,13722.0477,4274.9036
68249,13716.1054,3121.1265
68250,13749.8881,4467.8197
68251,13755.827,4427.3323
68252,13705.559,3080.2947
68253,13761.2591,3871.3529
68254,13711.6428,4266.6961
68255,13755.4319,4389.2482
68256,13762.1404,2836.5866
68257,13709.554,4481.0282
68258,13739.8235,4487.9847
68259,13761.6191,3895.7258
68260,13729.8888,4290.1926
68261,13713.5548,3935.7039
68262,13753.244,4460.4465
68263,13738.8897,4038.0672
68264,13723.3058,3018.7352
68265,13750.4944,3031.2311
68266,13719.2251,4458.8476
68267,13758.2042,3532.0973
68268,13715.0324,3160.6281
68269,13736.952,3188.9244
68270,13745.3743,3243.5171
68271,13749.1254,4043.3204
68272,13718.8499,3623.628
68273,13758.0869,3193.0184
68274,13739.5217,4006.8554
68275,13721.1254,2888.7195
68276,13712.6229,3916.6914
68277,13733.0073,3559.8331
68278,13732.2938,3105.7506
68279,13768.8132,4254.8788
68280,13711.2874,3887.8989
68281,13744.2797,3063.7845
68282,13745.5095,3897.9728
68283,13755.7615,3772.5071
68284,13714.1351,4003.6649
68285,13743.6425,3575.4553
68286,13724.4167,4273.2536
68287,13708.5634,3509.7564
68288,13732.3984,3526.0508
68289,13762.1166,4409.697
68290,13706.6285,3950.1876
68291,13746.7146,3574.9886
68292,13755.9042,3224.5917
68293,13756.3981,3557.3737
68294,13761.5718,4403.6181
68295,13722.2887,2846.9584
68296,13715.4899,4422.551
68297,13730.8489,2868.5677
68298,13709.1352,4345.5861
68299,13713.8173,2977.6277
68300,13741.2526,4359.2192
68301,13712.1293,3306.5438
68302,13715.0075,4348.692
68303,13743.7189,4179.9
68304,13756.4881,3688.0061
68305,13774.6025,4314.6056
68306,13713.6389,3431.1321
68307,13710.9246,3537.7179
68308,13742.9971,4008.4106
68309,13758.1392,3188.7228
68310,13725.4992,4322.2814
68311,13753.5851,4076.2486
68312,13720.254,3845.995
68313,13771.5056,2955.7245
68314,13733.6607,4326.8197
68315,13722.9714,4008.561
68316,13718.5889,4355.5894
68317,13769.5336,4317.2135
68318,13759.046,4168.3493
68319,13712.0364,3474.0873
68320,13773.3277,4076.842
68321,13774.1252,2823.2872
68322,13721.7137,3333.3194
68323,13763.7432,3194.3344
68324,13736.5037,3143.6893
68325,13739.6876,4262.1622
68326,13747.6062,2973.6077
68327,13762.2902,4448.8385
68328,13718.7143,4206.4843
68329,13754.4361,3023.8517
68330,13723.9435,4097.3126
68331,13721.3969,3440.6965
68332,13781.0813,3559.1439
68333,13766.3258,3357.9105
68334,13778.2799,3736.0315
68335,13762.5132,2803.3224
68336,13757.6004,2834.168
68337,13730.7502,4005.1933
68338,13752.4926,3536.5339
68339,13777.0547,3421.0138
68340,13767.7735,4433.1344
68341,13781.1277,3542.1491
68342,13752.3172,3378.9243
68343,13730.3449,3011.0562
68344,13746.8872,3513.4373
68345,13739.2877,3884.2197
68346,13738.1113,4286.6311
68347,13767.8588,3312.161
68348,13739.5003,4273.8976
68349,13725.0378,2823.8104
68350,13770.5754,4490.6052
68351,13742.062,3925.4915
68352,13744.433,3649.0071
68353,13723.9109,3486.608
68354,13744.125,4174.91
68355,13756.0143,3893.4554
68356,13733.5646,4018.853
68357,13759.374,4144.5061
68358,13734.4091,4094.2478
68359,13745.1953,3632.2691
68360,13753.3422,3429.4251
68361,13776.5042,3650.1382
68362,13734.166,4109.7333
68363,13769.4468,3510.0335
68364,13768.7425,3137.7499
68365,13782.7515,3372.3182
68366,13728.513,3925.1606
68367,13775.0063,4520.2028
68368,13750.7799,3968.5466
68369,13765.8998,3962.8368
68370,13782.7765,3621.8627
68371,13784.1279,4238.4377
68372,13726.8338,2853.2547
68373,13764.0983,3318.6352
68374,13787.3661,3379.621
68375,13745.0394,4177.8446
68376,13788.8706,3670.1843
68377,13749.5651,4254.7533
68378,13790.3649,3257.0947
68379,13766.1974,3084.0781
68380,13789.4716,3279.059
68381,13788.2646,3721.4716
68382,13765.7185,4215.0127
68383,13756.7019,3804.9397
68384,13785.2729,3050.4646
68385,13730.1443,3931.6276
68386,13785.7338,4438.8616
68387,13766.1985,3649.4989
68388,13749.0757,2983.1093
68389,13752.9823,4279.5307
68390,13737.0518,4225.5281
68391,13749.6879,4419.6158
68392,13774.8802,3451.9931
68393,13788.0284,3098.4292
68394,13738.2235,2808.7298
68395,13755.9613,3982.337
68396,13733.0399,3713.6458
68397,13781.8373,3257.731
68398,13748.0224,3344.6496
68399,13759.0664,3520.75
68400,13761.4417,3294.9389
68401,13762.8654,3969.0403
68402,13742.1578,3832.6429
68403,13783.5337,3022.4401
68404,13762.6034,3197.232
68405,13756.3653,3233.2896
68406,13792.4954,3816.8336
68407,13753.7437,3376.3084
68408,13751.7059,2902.8123
68409,13738.2656,3994.4559
68410,13744.6736,4073.0782
68411,13795.7363,4273.1803
68412,13762.82,4202.6029
68413,13772.206,3206.9518
68414,13755.2597,4210.8802
68415,13768.2818,4371.6335
68416,13785.136,4165.79
68417,13751.6449,3758.1728
68418,13752.4928,3706.5919
68419,13732.9151,3812.6302
68420,13748.0123,3096.1752
68421,13800.5397,4163.4538
68422,13755.3337,3965.3562
68423,13788.2118,2910.0508
68424,13777.0566,4047.4513
68425,13783.1429,3231.2535
68426,13736.9924,4130.5192
68427,13778.9392,3938.3895
68428,13761.9325,3296.6145
68429,13763.2177,4231.9482
68430,13785.7355,4468.2219
68431,13794.8016,3665.7025
68432,13769.6127,3318.5424
68433,13782.7159,3128.9071
68434,13745.6895,3859.7931
68435,13789.3482,4281.8526
68436,13771.1289,4250.2739
68437,13765.9144,3600.647
68438,13759.1523,4333.3988
68439,13774.1194,2892.526
68440,13775.0363,3947.5939
68441,13766.728,3695.5551
68442,13785.576,3266.7583
68443,13782.5207,3299.0563
68444,13765.3936,3948.8988
68445,13774.0337,2845.1142
68446,13772.6083,4334.8419
68447,13760.2744,3351.4593
68448,13754.284,3438.0953
68449,13785.8368,2969.8313
68450,13783.3218,3728.4849
68451,13755.4538,3986.9496
68452,13770.338,3487.4834
68453,13785.1112,3163.1039
68454,13760.5012,3600.1998
68455,13780.7069,4466.2123
68456,13745.5879,4155.0413
68457,13737.6275,3457.8984
68458,13785.7589,4077.8093
68459,13763.7211,4311.0754
68460,13795.9023,3291.0785
68461,13789.8362,3729.0246
68462,13750.1844,3101.7057
68463,13796.3091,3303.6891
68464,13798.4531,4288.9727
68465,13766.5302,4255.3233
68466,13784.6746,4399.0914
68467,13777.779,3625.6422
68468,13762.8796,3365.3378
68469,13792.9785,3927.6407
68470,13797.9593,4491.1402
68471,13740.6612,4314.3795
68472,13770.9283,3851.7547
68473,13750.91,4191.1616
68474,13744.2392,4288.5991
68475,13795.8156,4212.4192
68476,13778.3604,3407.4353
68477,13749.8275,3428.1606
68478,13751.8396,2969.6646
68479,13764.0021,4279.6816
68480,13754.3312,3025.9849
68481,13744.6489,3352.9338
68482,13807.5989,4327.6765
68483,13789.7132,3935.0684
68484,13758.0844,3512.4918
68485,13782.4555,3628.5893
68486,13743.9658,3375.2525
68487,13750.4645,3071.7772
68488,13743.0504,3509.4739
68489,13779.5171,3637.0365
68490,13764.7816,3677.8443
68491,13799.969,3015.1011
68492,13757.006,3988.8508
68493,13785.1691,3437.8971
68494,13792.1479,3676.1539
68495,13801.0642,3354.3277
68496,13741.0422,4032.7183
68497,13782.9785,3034.9876
68498,13780.9115,3238.1365
68499,13759.1506,4491.7734
68500,13748.3485,2799.6455
68501,13787.4278,4186.6857
68502,13774.7786,3501.673
68503,13785.9691,4014.2002
68504,13774.771,3814.7712
68505,13765.5156,3462.9898
68506,13786.7409,3105.3767
68507,13792.3363,3570.7592
68508,13808.9735,4064.2785
68509,13801.4057,4255.9969
68510,13805.5969,4308.6728
68511,13752.3908,3677.7153
68512,13806.9818,3294.4554
68513,13794.3985,3327.8429
68514,13776.6831,3023.1831
68515,13776.5096,3143.5224
68516,13755.3878,3256.61
68517,13806.2749,3362.374
68518,13767.9876,4240.5507
68519,13747.8015,3130.7446
68520,13749.1725,2859.3881
68521,13781.4435,3356.0874
68522,13763.0469,4228.3283
68523,13806.1201,4456.978
68524,13761.3793,4074.7737
68525,13811.08,4066.2634
68526,13789.6801,4456.3572
68527,13808.3837,4517.3146
68528,13775.5112,2974.7977
68529,13800.6808,3153.0333
68530,13747.8899,3474.5651
68531,13809.5001,2952.1569
68532,13786.9241,3850.4693
68533,13743.1773,3306.8204
68534,13797.0553,3415.7737
68535,13762.6707,4222.2052
68536,13808.5358,3061.4136
68537,13752.5471,3410.4398
68538,13747.2544,3106.0715
68539,13794.001,4361.4693
68540,13810.3857,4084.982
68541,13811.1603,4151.9724
68542,13795.624,3223.1197
68543,13748.521,4252.2261
68544,13744.2664,3920.6798
68545,13803.3713,3821.5378
68546,13798.9972,3918.9791
68547,13787.5889,4358.9603
68548,13745.3325,3905.6762
68549,13749.6162,4342.8428
68550,13783.7549,4072.6526
68551,13791.8307,3454.387
68552,13765.5684,2964.5783
68553,13747.3068,3679.8515
68554,13797.6244,4043.7847
68555,13793.9769,3170.1202
68556,13753.5717,4029.0046
68557,13762.888,4197.2082
68558,13785.7748,4517.4922
68559,13804.2458,2904.9953
68560,13746.9656,4355.2372
68561,13789.4589,3371.2835
68562,13789.7036,3138.9724
68563,13770.9,3769.6884
68564,13779.6192,3456.846
68565,13757.1792,3732.9417
68566,13772.8037,4333.7244
68567,13750.7396,3140.4465
68568,13774.1161,4113.7025
68569,13800.6623,2874.82
68570,13763.5768,4116.9907
68571,13809.1426,4383.5443
68572,13784.4124,3920.787
68573,13747.8624,3471.2048
68574,13768.8564,3875.0329
68575,13796.471,3948.0932
68576,13766.4977,3812.3827
68577,13752.7171,3363.6022
68578,13810.9471,3648.1403
68579,13763.897,3655.4421
68580,13770.1233,4445.6841
68581,13754.9541,4052.4148
68582,13764.0573,3427.6568
68583,13768.8174,3391.1338
68584,13782.6465,3052.0836
68585,13755.3051,4228.7258
68586,13811.0306,3455.0542
68587,13796.205,3864.987
68588,13757.9339,3488.1742
68589,13755.7279,4214.4781
68590,13759.2929,4478.4303
68591,13747.4946,3023.5051
68592,13798.8123,3987.798
68593,13796.7285,3870.3088
68594,13808.1482,3158.4656
68595,13775.4587,2846.1994
68596,13784.7293,3880.8171
68597,13770.4203,4213.0414
68598,13779.9843,4136.9933
68599,13798.5248,3371.9891
68600,13746.7878,4329.9015
68601,13798.6881,3554.7547
68602,13752.2904,3948.0242
68603,13768.0806,3605.8268
68604,13792.0315,3818.8039
68605,13768.459,3804.1518
68606,13792.5574,3829.8723
68607,13795.7539,2945.2732
68608,13801.5404,3401.5575
68609,13777.841,2937.8844
68610,13772.4624,4218.6826
68611,13749.6483,3682.6681
68612,13745.586,4037.4882
68613,13751.6374,3311.9288
68614,13773.4084,2957.6175
68615,13779.3044,2979.6392
68616,13747.1992,3887.2006
68617,13769.3361,2801.0125
68618,13802.9375,4234.7758
68619,13802.6464,3095.4122
68620,13758.4569,4219.6781
68621,13809.7032,4063.8897
68622,13788.3932,4063.2697
68623,13761.27,3788.1938
68624,13745.2836,3305.9637
68625,13752.6197,3127.797
68626,13771.5137,3457.1399
68627,13744.923,3418.5335
68628,13797.9559,3940.3048
68629,13810.7233,3396.6281
68630,13795.2997,4463.5412
68631,13773.9148,3139.3126
68632,13745.22,3021.6776
68633,13757.8869,3666.6581
68634,13744.3361,4390.5149
68635,13796.7159,3378.0554
68636,13779.5241,3302.9891
68637,13744.3397,3979.5518
68638,13749.1598,2994.2011
68639,13788.0565,4489.4028
68640,13779.9965,2901.3202
68641,13755.0091,3606.7766
68642,13808.166,3149.0668
68643,13749.4776,3919.5878
68644,13774.4587,4502.4004
68645,13772.7788,2948.7794
68646,13745.9014,4453.6117
68647,13787.486,3225.7707
68648,13777.0138,3730.0413
68649,13754.3342,4053.2529
68650,13763.414,4496.3545
68651,13808.4984,2863.6987
68652,13785.6536,3887.966
68653,13754.9191,4034.45
68654,13781.6931,4501.4195
68655,13752.6911,4272.1437
68656,13809.3118,4478.8302
68657,13805.4186,3124.0079
68658,13744.4065,4170.3791
68659,13793.4639,3481.6855
68660,13805.7477,2950.9236
68661,13803.0491,3470.6494
68662,13777.6417,4016.9676
68663,13798.3534,4011.9026
68664,13741.4801,3654.6089
68665,13748.1515,4195.1719
68666,13773.1649,3914.7316
68667,13808.2507,4494.1763
68668,13765.9895,3398.3876
68669,13779.3832,3186.1079
68670,13746.3663,3677.0727
68671,13787.1217,3444.1362
68672,13756.0801,4385.7414
68673,13744.0041,3830.5383
68674,13795.6906,3893.1643
68675,13761.2061,3611.2553
68676,13798.7829,3339.0633
68677,13803.0106,2992.3056
68678,13746.2397,4503.5247
68679,13761.0128,3220.6117
68680,13740.009,3147.6478
68681,13807.6306,3847.5197
68682,13758.6438,3280.0468
68683,13782.2424,3888.947
68684,13799.618,3830.2157
68685,13803.1636,4483.934
68686,13774.5691,3823.8755
68687,13761.4546,3044.8903
68688,13807.5135,3003.6825
68689,13788.0614,3788.8946
68690,13749.2482,4481.2544
68691,13751.0689,4087.35
68692,13751.2943,3282.0444
68693,13777.1566,4314.855
68694,13792.1699,3596.4478
68695,13784.8038,3840.6316
68696,13740.4464,4298.5012
68697,13786.9534,3767.3632
68698,13773.9909,4395.3236
68699,13798.9695,3722.6385
68700,13790.9803,4379.1612
68701,13760.8049,2964.3365
68702,13781.9536,3084.9443
68703,13746.7801,3404.6197
68704,13755.835,3295.1879
68705,13744.0685,3735.9214
68706,13764.0835,4444.9972
68707,13792.6726,3094.1196
68708,13801.5654,3403.2938
68709,13790.1889,3179.8961
68710,13771.8333,4457.1827
68711,13752.2843,4339.7142
68712,13776.6297,4173.549
68713,13742.0183,4331.9663
68714,13748.4676,3541.9389
68715,13781.7149,4462.6326
68716,13799.3738,3483.401
68717,13773.8387,3348.9076
68718,13740.0631,3712.0089
68719,13794.0128,4294.8687
68720,13794.428,4318.7788
68721,13792.2941,4012.6639
68722,13773.9699,3748.9502
68723,13798.6107,4296.2782
68724,13802.096,4057.6338
68725,13759.1256,4312.937
68726,13742.759,3451.6762
68727,13774.0476,4365.1322
68728,13770.0231,3887.733
68729,13779.8054,4213.2207
68730,13750.6443,3776.3767
68731,13766.312,4173.2181
68732,13789.2839,3646.224
68733,13772.679,3799.6763
68734,13789.798,3563.471
68735,13794.734,2930.2944
68736,13789.9522,4000.2106
68737,13796.4737,4484.9848
68738,13789.7721,3133.7911
68739,13758.0411,4123.1369
68740,13793.6292,3703.1421
68741,13757.7242,4021.9126
68742,13754.2641,2910.3439
68743,13775.452,3824.5106
68744,13733.2993,3445.708
68745,13798.8417,3863.6278
68746,13779.6711,2836.1665
68747,13780.0296,3582.7095
68748,13755.0437,3321.5539
68749,13758.5109,4519.9315
68750,13733.616,3325.9949
68751,13738.1697,3963.8467
68752,13779.6538,2821.8497
68753,13733.5795,4433.0486
68754,13788.386,4382.2418
68755,13736.1999,3440.8494
68756,13757.8251,4123.0484
68757,13772.8881,3554.0239
68758,13760.2631,3918.0288
68759,13756.6248,3233.9549
68760,13775.6798,4079.2892
68761,13742.3832,3606.2112
68762,13794.3454,3370.6403
68763,13797.0863,3172.8123
68764,13764.9101,3185.5417
68765,13735.5002,4166.3989
68766,13794.5454,4073.6762
68767,13748.2742,3728.5372
68768,13747.5551,3985.4615
68769,13772.6248,2821.2135
68770,13755.2919,4421.3031
68771,13740.4844,2911.9148
68772,13734.5972,3671.5612
68773,13748.5409,4063.6279
68774,13790.6379,4150.7805
68775,13751.127,3846.9257
68776,13728.826,4195.3558
68777,13727.5964,2909.1381
68778,13778.7114,3353.4828
68779,13781.6633,3445.3839
68780,13778.3121,3803.0239
68781,13785.4751,3403.2638
68782,13745.2843,2795.7965
68783,13778.9339,3299.4148
68784,13728.3607,3821.9673
68785,13775.0395,4186.6382
68786,13788.9223,3796.9292
68787,13739.1699,3236.4333
68788,13738.2609,3660.2857
68789,13732.008,3519.5775
68790,13768.2534,3979.6031
68791,13764.7725,4328.6259
68792,13783.4476,4072.5608
68793,13788.2363,3583.1888
68794,13786.1354,3806.9415
68795,13774.6077,4277.7534
68796,13758.2633,3716.6456
68797,13774.7494,3724.0902
68798,13757.4713,3151.1265
68799,13790.9301,3205.5598
68800,13748.0006,3326.113
68801,13738.536,3650.2692
68802,13789.0316,2978.8966
68803,13737.9767,4054.7423
68804,13758.5683,3363.4698
68805,13761.7855,3450.6642
68806,13789.4934,2815.8941
68807,13764.855,4454.5325
68808,13734.9254,4097.3676
68809,13763.4216,2972.0537
68810,13732.4323,3509.8405
68811,13721.5217,3457.6691
68812,13776.4873,4238.2992
68813,13759.2038,3499.0275
68814,13720.3399,4323.3761
68815,13732.5117,4085.2537
68816,13785.3795,2937.074
68817,13730.1343,3347.8216
68818,13773.4744,4019.6278
68819,13734.0556,3286.3805
68820,13729.8406,3937.8015
68821,13756.4374,3944.4594
68822,13734.6214,4250.9543
68823,13740.7647,3934.5806
68824,13751.7758,3857.0746
68825,13743.7434,2810.601
68826,13777.3281,3521.5429
68827,13751.4343,3406.7693
68828,13747.7484,3948.7387
68829,13720.8668,4223.1999
68830,13723.2593,3670.7582
68831,13722.8635,2832.5403
68832,13735.687,3314.9852
68833,13737.3721,3812.347
68834,13718.069,4488.6104
68835,13780.044,4399.6502
68836,13765.5994,3087.6774
68837,13738.6116,3001.8939
68838,13773.9506,4162.6517
68839,13744.7768,3066.2946
68840,13715.9144,3925.2697
68841,13749.9574,4459.2335
68842,13768.1526,4165.5885
68843,13732.9796,3767.652
68844,13760.5007,3978.5403
68845,13738.8164,3024.6694
68846,13738.0108,3897.4166
68847,13742.1978,4460.67
68848,13767.6044,4387.4299
68849,13764.7513,3229.1221
68850,13716.0778,3290.5141
68851,13756.5989,3742.3475
68852,13775.2889,4497.5518
68853,13735.7099,4187.8124
68854,13756.548,2990.916
68855,13723.9041,3719.81
68856,13725.6803,4238.3046
68857,13773.6491,4474.8381
68858,13764.9737,3449.8999
68859,13755.2072,2903.0281
68860,13720.6699,4468.7069
68861,13735.3119,2819.883
68862,13766.2537,3702.0933
68863,13727.7596,3780.8491
68864,13757.86,3794.8635
68865,13727.8064,3742.2446
68866,13746.8169,3095.9649
68867,13768.9079,3826.0434
68868,13761.3517,2927.0742
68869,13713.6545,3064.3971
68870,13767.9597,2850.1712
68871,13744.7775,4233.7249
68872,13768.8005,3457.7265
68873,13726.913,3646.7647
68874,13754.0347,3329.9866
68875,13713.9032,4115.1869
68876,13756.9625,4279.6207
68877,13764.7675,3433.1955
68878,13742.078,3823.9278
68879,13736.3599,3796.7683
68880,13754.874,4413.6614
68881,13707.2841,3148.5471
68882,13720.6453,4292.7184
68883,13717.7924,3367.1641
68884,13718.6075,3322.2083
68885,13743.0994,4157.1054
68886,13745.2949,4439.52
68887,13712.3419,3532.7343
68888,13752.8461,4172.4177
68889,13705.7467,4378.2443
68890,13738.3187,4304.3594
68891,13759.8727,4489.5303
68892,13726.9278,3241.139
68893,13707.189,3845.2448
68894,13726.4099,4005.1472
68895,13719.2039,3852.3691
68896,13729.4254,4311.7789
68897,13767.9149,3868.753
68898,13706.4955,3791.4865
68899,13757.7797,3016.449
68900,13736.7677,4238.3694
68901,13762.8139,3459.0115
68902,13701.6738,3967.4163
68903,13703.2055,3622.7062
68904,13711.9075,4192.8327
68905,13702.6017,3177.0225
68906,13737.3518,3650.4454
68907,13738.7342,3921.1559
68908,13702.4077,3793.376
68909,13760.0607,4001.4302
68910,13702.1652,3426.1174
68911,13753.4049,2854.9593
68912,13713.0692,4284.7531
68913,13759.2176,3166.9437
68914,13742.1579,2842.0617
68915,13713.1168,2880.6229
68916,13740.6229,4460.2526
68917,13699.1086,4401.6604
68918,13749.2939,2935.9599
68919,13724.132,4158.0696
68920,13717.8489,4104.3447
68921,13747.0253,3648.8349
68922,13760.4421,3658.8719
68923,13706.9098,4088.0841
68924,13752.3389,2891.6746
68925,13692.8414,3667.7971
68926,13739.6353,3555.955
68927,13739.9694,2854.9436
68928,13699.0627,3493.3282
68929,13746.0393,2859.1416
68930,13709.1442,3692.3442
68931,13730.2583,3383.9863
68932,13707.6745,3484.8355
68933,13730.4502,4432.9483
68934,13711.815,3193.6691
68935,13717.3823,3800.9508
68936,13722.6329,3209.9749
68937,13731.9217,3723.4117
68938,13743.0603,3348.6183
68939,13715.6869,3993.2554
68940,13736.4168,3162.7973
68941,13701.6632,2991.9853
68942,13736.9447,3436.4535
68943,13745.0169,3730.9815
68944,13719.4687,3096.5017
68945,13746.1158,3972.581
68946,13743.7538,4250.4862
68947,13700.4622,3333.0004
68948,13694.9557,4442.9016
68949,13752.256,4262.0407
68950,13692.2749,4335.1986
68951,13686.0785,3490.0775
68952,13715.0863,3531.2205
68953,13721.7332,3472.4563
68954,13725.3587,2824.6608
68955,13690.7785,3733.7269
68956,13715.2578,2866.6549
68957,13692.6766,3063.2004
68958,13686.3979,3261.9094
68959,13739.9345,4309.575
68960,13703.2306,3259.0417
68961,13742.1115,3081.2872
68962,13749.1094,3636.125
68963,13742.801,3462.3946
68964,13713.486,3069.3684
68965,13683.4679,2933.3542
68966,13728.0923,4269.9333
68967,13704.1689,2912.032
68968,13726.1755,2828.2912
68969,13705.3648,3741.3851
68970,13689.4447,4146.4363
68971,13695.1361,3158.933
68972,13730.3218,2861.5488
68973,13681.9118,3117.4647
68974,13714.8262,3471.7175
68975,13682.3139,3176.3061
68976,13700.7912,4034.2277
68977,13709.1616,3552.2083
68978,13678.3901,3763.5251
68979,13726.2583,3728.8153
68980,13713.9323,2921.019
68981,13714.3627,2800.8496
68982,13713.8722,3478.6001
68983,13688.139,3851.1391
68984,13678.6027,3719.4399
68985,13698.2997,3689.2327
68986,13721.9883,4369.5128
68987,13674.6796,3311.1749
68988,13739.8134,4377.0335
68989,13728.3451,4502.4038
68990,13725.8676,3458.9384
68991,13681.2438,3437.0658
68992,13713.0223,4050.3688
68993,13715.7489,3161.7316
68994,13718.3134,3916.1201
68995,13714.465,3181.4414
68996,13703.7535,3893.2403
68997,13671.3668,3620.4875
68998,13728.2673,3478.0034
68999,13685.2383,3962.6496
69000,13709.1295,2979.3386
69001,13696.1367,2839.0871
69002,13681.421,4098.1006
69003,13717.4512,3378.7842
69004,13719.8416,4143.6469
69005,13708.8093,4378.1684
69006,13711.9248,4439.0586
69007,13732.3269,4168.6029
69008,13722.6818,3618.0997
69009,13721.2,4123.3895
69010,13671.9761,4317.1448
69011,13731.9017,2816.4876
69012,13680.9685,3492.2907
69013,13669.9573,4193.846
69014,13704.1794,3730.829
69015,13691.5133,2955.9352
69016,13729.545,3016.259
69017,13688.0341,3816.6684
69018,13725.2202,2999.6139
69019,13714.2229,3851.6405
69020,13688.0199,4149.4143
69021,13714.8627,3623.7527
69022,13668.6818,3563.9185
69023,13715.7854,4061.8193
69024,13680.529,3248.6346
69025,13694.0249,3833.3447
69026,13698.8828,4320.1968
69027,13699.2624,2981.5617
69028,13659.4213,2835.6151
69029,13715.0242,3181.5757
69030,13707.1169,3856.7675
69031,13705.8894,3203.6517
69032,13678.704,2824.369
69033,13695.0028,3077.8659
69034,13680.2004,3948.4305
69035,13656.7412,3189.7347
69036,13719.4102,4179.4108
69037,13714.7495,4128.5831
69038,13698.6537,2986.3313
69039,13678.2637,3822.6883
69040,13674.8604,4145.3258
69041,13709.7766,4496.9085
69042,13702.3687,3141.4016
69043,13675.2494,4036.5246
69044,13667.7138,2880.5012
69045,13700.8465,3569.0983
69046,13682.7392,4283.201
69047,13680.0283,3997.9785
69048,13676.9101,3759.8635
69049,13651.3919,4149.039
69050,13711.1632,3950.5193
69051,13710.2872,4116.4833
69052,13663.915,4033.0438
69053,13656.1883,4370.5708
69054,13678.087,3684.196
69055,13693.0657,3259.979
69056,13657.7074,4022.3664
69057,13694.0918,4455.2966
69058,13647.4303,3753.6025
69059,13709.3908,3974.4757
69060,13669.1297,3621.5542
69061,13685.2156,4005.4316
69062,13678.3656,4191.5166
69063,13648.831,3774.047
69064,13670.1191,3717.3686
69065,13679.8761,3838.3342
69066,13672.8694,2867.4867
69067,13668.2309,4065.4455
69068,13681.5903,4271.8915
69069,13674.7666,4389.7873
69070,13694.9967,2817.9572
69071,13648.8451,2811.1886
69072,13701.7158,4443.4988
69073,13648.508,3729.1573
69074,13667.4892,4225.0637
69075,13683.4246,2791.0646
69076,13647.5868,3726.9542
69077,13666.9089,4086.2662
69078,13665.9024,3094.5911
69079,13652.974,3607.3316
69080,13654.1918,3342.8752
69081,13702.1112,3899.6429
69082,13642.0542,4225.7477
69083,13638.0273,4275.1677
69084,13667.1203,3249.1996
69085,13694.845,3156.7511
69086,13669.8146,3004.5291
69087,13635.2013,3201.9456
69088,13636.8864,4322.7398
69089,13670.6424,4073.8989
69090,13696.1725,4070.4861
69091,13686.0479,3868.9905
69092,13637.4005,3924.2696
69093,13664.663,4170.0144
69094,13647.1518,2793.0469
69095,13688.1178,3169.6975
69096,13656.2011,3828.1429
69097,13679.1312,3417.1959
69098,13695.3449,4054.2729
69099,13695.6267,4082.6748
69100,13635.0595,3221.1488
69101,13687.6666,3194.3556
69102,13692.9091,2928.4745
69103,13638.8734,2916.3629
69104,13693.437,4081.2949
69105,13664.1562,4453.8971
69106,13651.689,4082.0527
69107,13683.6174,4311.1497
69108,13639.8844,3192.0198
69109,13629.0447,3526.7461
69110,13688.5412,3093.6376
69111,13653.0404,2946.368
69112,13624.8056,3662.5731
69113,13691.5512,4189.7112
69114,13624.822,3683.2401
69115,13685.9093,4317.0102
69116,13657.899,4204.017
69117,13652.7678,2890.8242
69118,13628.3646,4119.4635
69119,13634.5108,3887.2871
69120,13629.2843,3498.1172
69121,13633.748,3904.712
69122,13639.0612,3817.3076
69123,13684.294,3115.4305
69124,13674.5641,3909.3648
69125,13660.813,4027.3813
69126,13639.9244,4289.1678
69127,13661.0896,2946.035
69128,13665.3302,3295.4284
69129,13662.6272,3317.4778
69130,13617.5653,2956.6897
69131,13632.3662,2814.227
69132,13620.5412,3106.3479
69133,13652.7474,3466.4848
69134,13635.2683,3432.0218
69135,13658.0417,3943.3346
69136,13621.5964,4002.6336
69137,13666.0797,3791.7318
69138,13670.9183,3800.111
69139,13618.1618,3371.5595
69140,13625.3758,3849.3398
69141,13672.2741,3461.0834
69142,13662.1736,3645.9987
69143,13629.4601,4278.001
69144,13642.2833,4281.2209
69145,13629.5976,4050.666
69146,13645.2811,4040.4687
69147,13628.7759,3759.3257
69148,13614.7139,4263.9165
69149,13644.3147,3645.626
69150,13626.6031,3832.9424
69151,13650.092,4006.6987
69152,13624.0365,3356.6126
69153,13621.1538,3255.8828
69154,13644.273,3727.4297
69155,13632.7956,4460.5456
69156,13605.2532,3939.3859
69157,13632.1782,4001.4185
69158,13613.5561,2885.0519
69159,13623.2444,3370.734
69160,13661.261,4172.2712
69161,13603.3463,4341.7502
69162,13638.9997,3103.3128
69163,13642.9169,4223.6272
69164,13642.9421,3564.2768
69165,13610.3105,3464.8249
69166,13633.3398,4170.5106
69167,13646.5028,2944.2791
69168,13601.9297,3003.5434
69169,13610.382,3535.5794
69170,13642.7741,3693.4654
69171,13636.5894,3483.595
69172,13612.2359,3924.3733
69173,13623.6932,3815.6302
69174,13607.0683,3592.9344
69175,13621.3813,2990.8456
69176,13647.801,4340.9851
69177,13602.3429,2859.7451
69178,13598.8321,3299.0901
69179,13613.9196,3641.822
69180,13594.3893,4265.2655
69181,13610.2587,4076.8131
69182,13603.7831,3503.8775
69183,13643.3594,4482.1617
69184,13620.2244,3456.4399
69185,13595.6586,4025.0177
69186,13639.4486,4261.5779
69187,13612.653,4012.492
69188,13614.5504,2813.7421
69189,13646.8482,3144.234
69190,13604.3967,3141.6187
69191,13600.6764,3610.3523
69192,13591.431,2896.1037
69193,13598.3976,4197.8756
69194,13651.1324,3386.5208
69195,13628.4357,2849.1382
69196,13645.7698,3397.3903
69197,13642.4481,3396.9223
69198,13587.2812,3541.6395
69199,13590.5903,4035.6288
69200,13602.3766,3616.5888
69201,13611.2677,4278.4898
69202,13612.2242,3710.7969
69203,13600.6158,4368.7049
69204,13590.7056,2935.0978
69205,13621.8533,4116.5385
69206,13586.5022,3735.3386
69207,13602.5468,3312.9469
69208,13616.7245,4300.1332
69209,13618.8551,4208.8498
69210,13609.6012,4472.8319
69211,13643.3912,4085.5177
69212,13584.9318,4013.5801
69213,13603.1354,3735.5871
69214,13602.7988,3190.0079
69215,13613.2135,3225.4519
69216,13581.9421,3486.4303
69217,13614.8203,3037.2978
69218,13583.9486,2964.182
69219,13582.2978,3888.7838
69220,13603.1104,3913.8756
69221,13583.2755,3213.5127
69222,13608.4334,3170.5582
69223,13624.447,3142.2001
69224,13612.3469,3962.0836
69225,13598.9199,4394.0988
69226,13622.3176,3419.6813
69227,13576.3905,3963.9325
69228,13584.5868,3529.3764
69229,13612.8015,4191.8297
69230,13603.3931,3209.7462
69231,13574.5553,3712.4446
69232,13572.1101,4230.1114
69233,13628.2351,4114.1742
69234,13589.5632,4241.2505
69235,13596.7217,4032.4094
69236,13584.0003,2992.6235
69237,13574.7954,3683.1872
69238,13576.7371,3858.1943
69239,13584.6117,4285.1144
69240,13567.9929,4395.3172
69241,13626.0568,3333.2156
69242,13572.2002,2794.5471
69243,13580.6951,3823.1046
69244,13592.2197,3939.1311
69245,13570.8712,3697.8911
69246,13566.6804,3867.8216
69247,13616.3002,3629.1962
69248,13623.0094,3415.9659
69249,13591.7576,3410.4366
69250,13561.9061,3109.0037
69251,13610.8192,4356.8439
69252,13608.7893,3304.3981
69253,13610.5992,3495.6885
69254,13610.4893,3523.9688
69255,13600.4524,3441.6879
69256,13566.6458,3615.3348
69257,13561.9824,3777.2603
69258,13580.3527,3479.2704
69259,13553.6364,2974.8115
69260,13586.6224,4300.5938
69261,13614.1899,3087.7895
69262,13595.8881,3241.959
69263,13563.6998,2962.3247
69264,13590.1666,2955.9896
69265,13597.952,3832.5217
69266,13586.4778,3633.2773
69267,13550.8444,3554.7259
69268,13560.2771,3607.1993
69269,13575.8676,4003.2777
69270,13611.7904,3833.8818
69271,13548.6501,4399.9115
69272,13588.4519,3064.3105
69273,13575.4965,3100.5554
69274,13559.5262,4157.7895
69275,13548.7994,3258.4678
69276,13606.0802,3668.294
69277,13595.9395,4056.7921
69278,13560.4926,3918.9265
69279,13595.2372,4175.1233
69280,13595.3946,4466.7464
69281,13580.0163,4027.7833
69282,13585.4118,3879.2776
69283,13595.7269,2917.7134
69284,13573.6787,3431.3999
69285,13593.8586,2898.5661
69286,13548.9107,3509.2953
69287,13552.1398,2804.7076
69288,13568.5641,4082.6823
69289,13595.1174,3353.7923
69290,13558.0673,3068.0239
69291,13553.4021,3665.0775
69292,13596.0829,3659.0579
69293,13598.5399,3631.3022
69294,13574.4912,3629.4277
69295,13561.9031,2830.9183
69296,13596.9716,3212.8201
69297,13537.1043,4339.3477
69298,13598.5748,4288.1821
69299,13579.6385,2979.9086
69300,13542.4618,4251.4776
69301,13580.3571,3080.5866
69302,13557.863,2854.7695
69303,13533.6044,3998.4444
69304,13589.0579,4241.5323
69305,13558.3299,4418.5491
69306,13587.0627,2984.8118
69307,13581.4144,4072.3979
69308,13589.7497,3866.2108
69309,13560.1466,3712.6746
69310,13566.2727,4169.2158
69311,13546.5475,2868.2292
69312,13569.189,3446.5305
69313,13551.2312,3472.7078
69314,13565.4885,3017.7379
69315,13578.6423,4065.7842
69316,13578.9528,4434.4295
69317,13554.389,3241.4039
69318,13528.4389,3411.8863
69319,13522.1843,2799.2889
69320,13581.7365,4306.8248
69321,13551.5571,3929.6331
69322,13529.9467,2770.714
69323,13537.7843,3017.1324
69324,13558.538,2784.5987
69325,13530.3996,4319.4646
69326,13579.9464,4264.2537
69327,13543.9803,3186.3537
69328,13551.8828,4214.3078
69329,13521.7058,3938.8394
69330,13559.8315,3322.5245
69331,13555.0047,3899.5509
69332,13521.8988,3372.7452
69333,13579.4704,2870.3678
69334,13548.2407,3584.995
69335,13547.0563,3621.0529
69336,13548.0606,3910.9456
69337,13512.5398,4373.0675
69338,13541.6765,4412.1289
69339,13574.105,3840.6875
69340,13528.2889,3382.8683
69341,13533.658,4218.9371
69342,13512.4716,3411.4462
69343,13554.6817,4429.8193
69344,13524.0786,3043.9432
69345,13531.5205,4047.5251
69346,13525.3498,3250.6374
69347,13530.1782,4301.9553
69348,13519.5112,4428.7339
69349,13551.5384,4300.3062
69350,13510.3656,2941.7206
69351,13503.7048,3548.2392
69352,13528.5481,3949.2795
69353,13523.7233,3618.5889
69354,13517.2143,3020.0797
69355,13529.7407,3414.1665
69356,13524.8085,4297.82
69357,13521.751,4189.1559
69358,13553.0675,4393.6835
69359,13503.2001,3903.0332
69360,13515.508,3671.5659
69361,13535.7998,3441.2369
69362,13528.6929,3420.2556
69363,13547.3205,3786.3977
69364,13535.9252,4172.8597
69365,13540.361,3497.6138
69366,13520.3343,4340.9455
69367,13544.4934,2985.8035
69368,13534.0946,3766.5024
69369,13502.4476,3395.3405
69370,13517.106,4165.7867
69371,13504.9015,2887.6272
69372,13518.8123,4259.9969
69373,13542.5804,4100.3734
69374,13496.9742,3914.7614
69375,13553.3603,4326.8236
69376,13550.2258,2805.0696
69377,13546.9733,4180.3408
69378,13510.486,2890.4829
69379,13522.7907,4407.3039
69380,13530.9921,4397.743
69381,13543.8965,3997.8363
69382,13495.1063,2824.1739
69383,13509.7244,4297.7979
69384,13507.857,3569.8474
69385,13508.6734,3330.1631
69386,13540.5786,3485.127
69387,13517.9375,4422.5911
69388,13523.4508,4045.4348
69389,13485.7741,3531.5431
69390,13479.7176,4088.2975
69391,13489.5434,4100.3068
69392,13492.3776,3249.8178
69393,13521.4966,3824.7155
69394,13504.7015,3620.3848
69395,13540.4777,3274.4652
69396,13522.814,3494.5516
69397,13509.1256,3888.4295
69398,13521.4846,3836.636
69399,13525.8957,4356.2077
69400,13483.576,2784.0956
69401,13538.2712,3364.7303
69402,13534.42,4421.6914
69403,13474.21,2825.8391
69404,13510.8377,3958.6661
69405,13527.0795,2958.4685
69406,13508.6295,3290.28
69407,13525.4398,3496.2314
69408,13511.8386,4329.6607
69409,13501.0869,3562.8079
69410,13487.0534,4206.5178
69411,13486.3325,4429.5059
69412,13522.3333,4111.5871
69413,13496.2856,2948.1869
69414,13480.341,3689.679
69415,13515.1228,3204.3102
69416,13501.2714,3244.3595
69417,13472.6083,4416.4151
69418,13519.465,4060.9729
69419,13473.398,3809.3542
69420,13506.1777,3186.5384
69421,13502.7726,3833.4487
69422,13503.4467,2922.955
69423,13519.3546,4368.0587
69424,13474.3056,3962.6833
69425,13511.6268,3920.5776
69426,13496.7635,3060.7789
69427,13502.1206,3394.6605
69428,13456.4296,4075.459
69429,13469.4664,3381.9778
69430,13498.1246,2918.7141
69431,13514.0295,3785.7036
69432,13508.0354,2843.0384
69433,13456.9186,2734.3349
69434,13479.467,3514.4364
69435,13465.7038,4413.3052
69436,13508.6111,2878.422
69437,13504.6353,3678.1435
69438,13487.3679,3353.7885
69439,13449.153,3902.2876
69440,13465.3051,2808.3905
69441,13494.1436,4045.7628
69442,13451.052,2769.6175
69443,13477.8213,3630.0873
69444,13491.9468,3637.3383
69445,13478.5372,3690.5135
69446,13502.9574,3757.106
69447,13456.4044,2754.9587
69448,13457.1518,3585.5711
69449,13499.0066,3486.459
69450,13489.3483,3720.6773
69451,13479.8127,3938.7096
69452,13455.1679,3586.6832
69453,13453.4852,3565.7566
69454,13443.5859,4035.7608
69455,13449.0539,3591.389
69456,13461.0591,3234.4839
69457,13502.0932,3128.6781
69458,13457.9247,4031.7647
69459,13438.6915,3059.641
69460,13465.3144,3419.2725
69461,13447.2301,2954.6965
69462,13484.823,3386.2028
69463,13496.9034,3957.4501
69464,13499.7825,3534.7588
69465,13498.5058,4077.1942
69466,13485.7244,3939.8261
69467,13443.0493,3833.6189
69468,13485.5526,3793.05
69469,13477.0602,2787.4359
69470,13448.9926,3941.019
69471,13455.5684,3708.1051
69472,13450.071,3096.4361
69473,13451.8006,3635.7092
69474,13456.1734,3874.7767
69475,13468.3211,4331.6547
69476,13479.614,3312.8993
69477,13428.1384,4365.8978
69478,13457.7844,3162.4307
69479,13444.709,3766.7816
69480,13473.2643,2951.7668
69481,13438.6968,2979.2974
69482,13476.3912,2862.2363
69483,13435.0799,3407.183
69484,13472.5472,4381.4988
69485,13443.0859,3673.3119
69486,13472.9064,3812.4113
69487,13437.9028,4271.7799
69488,13440.4266,3621.962
69489,13452.7906,3674.2114
69490,13420.4872,4004.0028
69491,13453.1811,3239.2241
69492,13435.7263,3356.2487
69493,13474.1072,3975.2483
69494,13441.9979,4061.6491
69495,13466.4535,4128.1315
69496,13461.1208,3975.531
69497,13434.4475,2799.7357
69498,13422.2803,3496.4098
69499,13463.093,2837.8862
69500,13467.1833,4419.1657
69501,13465.8978,3863.5123
69502,13456.3662,2924.2559
69503,13446.463,3963.2058
69504,13460.8493,3423.2269
69505,13454.3551,3327.63
69506,13422.8334,3904.0844
69507,13445.1577,3092.3477
69508,13455.7058,3259.0901
69509,13408.2027,3179.8113
69510,13428.8982,4314.3774
69511,13421.5788,3882.2325
69512,13420.2252,3146.2656
69513,13462.1836,4289.9573
69514,13401.7892,3233.0556
69515,13443.1925,3151.2403
69516,13420.0529,3141.6151
69517,13432.1736,3828.7593
69518,13463.9473,4298.9895
69519,13410.7221,2985.691
69520,13439.6601,3536.2324
69521,13415.8971,3403.7503
69522,13418.4567,4049.1505
69523,13442.8004,3552.3737
69524,13397.4669,3544.1377
69525,13444.0676,3509.1096
69526,13429.874,3472.248
69527,13419.9253,3541.5134
69528,13445.8749,4305.9447
69529,13436.557,4356.6444
69530,13397.5511,4384.8684
69531,13395.571,2999.448
69532,13454.4878,3624.0255
69533,13424.8411,3500.3959
69534,13447.2921,4029.039
69535,13391.9816,3345.8445
69536,13437.7552,3301.5513
69537,13450.5693,3111.9948
69538,13407.2821,4372.2988
69539,13443.7886,4140.2269
69540,13412.6203,3842.0169
69541,13432.0392,3272.9357
69542,13391.6591,3430.7461
69543,13443.9222,3498.8381
69544,13437.8379,3297.4068
69545,13422.1045,3828.7772
69546,13413.3653,3522.5163
69547,13440.9908,4269.0725
69548,13386.7398,2959.716
69549,13383.2662,4337.7117
69550,13393.3724,4370.4127
69551,13382.1559,3354.9436
69552,13376.4415,2763.1128
69553,13384.6288,3513.0967
69554,13417.0842,4098.7194
69555,13398.2967,4238.0887
69556,13391.2464,3214.2604
69557,13392.1007,3491.9338
69558,13419.801,3252.3954
69559,13428.5217,3654.4242
69560,13382.837,3776.5434
69561,13371.8159,2878.0133
69562,13373.6688,3277.5249
69563,13377.5257,3854.1262
69564,13410.3369,4169.3949
69565,13412.5431,3908.6684
69566,13410.2802,4190.3174
69567,13405.2751,4141.7566
69568,13385.5686,3468.2081
69569,13375.4438,4051.9654
69570,13368.0027,4335.5089
69571,13423.7915,3859.6404
69572,13378.8974,4151.632
69573,13398.1784,2776.2773
69574,13409.8816,4019.9309
69575,13385.9283,3563.5956
69576,13385.3402,2845.9064
69577,13361.8512,4280.6162
69578,13366.3505,3405.8561
69579,13381.7136,3268.3526
69580,13423.2567,3514.2135
69581,13395.3087,4281.663
69582,13390.6272,3773.3237
69583,13390.8855,3850.1376
69584,13397.5156,3327.1211
69585,13401.7794,3944.1242
69586,13364.9426,3552.4574
69587,13404.1313,3336.4262
69588,13363.1881,3260.0676
69589,13380.3763,4255.0949
69590,13412.8459,4058.0759
69591,13399.3168,4268.7134
69592,13379.2812,4331.5657
69593,13360.2951,3226.0073
69594,13364.1498,3504.5917
69595,13401.9606,3623.7165
69596,13382.9986,3172.0796
69597,13381.9636,4125.921
69598,13392.3941,4071.8571
69599,13399.0387,4234.8383
69600,13367.4088,4250.8911
69601,13368.6124,4260.4267
69602,13375.3936,3289.7772
69603,13355.2967,4272.8975
69604,13401.0851,3340.1352
69605,13360.6088,3261.5743
69606,13376.5209,4095.2879
69607,13341.0351,4355.6983
69608,13375.819,3360.5417
69609,13400.0919,3759.848
69610,13358.6413,3798.8294
69611,13381.5901,3743.3926
69612,13366.0371,3801.9948
69613,13340.1992,2807.9011
69614,13384.1691,3111.5893
69615,13339.6741,4038.9847
69616,13359.591,4022.6364
69617,13385.2157,3816.7607
69618,13354.1584,3378.2496
69619,13393.0509,3899.5943
69620,13353.9977,3467.1626
69621,13379.0978,2939.1632
69622,13361.8542,2741.0616
69623,13372.2252,4263.1028
69624,13354.247,4094.4244
69625,13366.5151,3016.7206
69626,13337.7972,3319.9735
69627,13343.7267,4219.4224
69628,13379.1928,3884.7662
69629,13387.7481,4033.9127
69630,13364.8155,3174.6977
69631,13383.2109,3618.4427
69632,13329.9848,4035.3085
69633,13374.3225,3742.2467
69634,13375.9328,4301.9744
69635,13378.5698,3006.3261
69636,13366.1804,4340.3725
69637,13354.3387,4364.6297
69638,13376.2012,3580.4913
69639,13380.4918,4110.9534
69640,13353.7457,3412.8867
69641,13347.0797,3168.4295
69642,13380.5495,3540.0682
69643,13341.6381,3974.6752
69644,13359.7387,4136.2389
69645,13376.739,2845.875
69646,13347.2282,3144.1574
69647,13341.4734,2938.6627
69648,13373.8142,2991.4582
69649,13367.5821,3388.1214
69650,13311.9806,3865.7082
69651,13321.9407,4181.6713
69652,13372.7341,3598.8479
69653,13357.5341,2862.4846
69654,13345.9151,3350.3105
69655,13366.089,3721.3856
69656,13351.8453,2900.6103
69657,13335.767,3312.2345
69658,13361.0163,3679.925
69659,13331.9746,3092.6012
69660,13325.1948,3687.3244
69661,13369.6291,3335.1974
69662,13317.2385,3579.1842
69663,13311.3812,3646.1861
69664,13352.2374,3947.82
69665,13312.8583,3808.516
69666,13334.6093,2829.1864
69667,13323.722,3687.0809
69668,13346.2938,4225.6169
69669,13314.7205,3448.2841
69670,13352.8607,2763.5444
69671,13349.4172,2901.7245
69672,13301.1941,2720.8259
69673,13333.5306,3685.0058
69674,13354.3222,4319.5047
69675,13344.1159,3378.5867
69676,13350.1576,4369.228
69677,13325.4789,2749.1442
69678,13348.5266,3814.8925
69679,13337.3959,3706.9378
69680,13351.4148,3959.6265
69681,13291.7272,3119.3394
69682,13349.9604,2833.7139
69683,13318.4062,3359.0069
69684,13333.6742,3128.4751
69685,13336.7985,2741.1379
69686,13310.3167,2848.4
69687,13320.6194,3519.6337
69688,13296.6519,3615.9742
69689,13333.9041,2744.0366
69690,13342.5927,3734.4283
69691,13319.4028,3637.6726
69692,13317.9636,2840.7568
69693,13308.1023,4367.4752
69694,13298.8138,4327.6711
69695,13305.9036,4188.2149
69696,13333.5825,2801.8192
69697,13338.6131,3880.1664
69698,13280.9195,3406.5362
69699,13306.7428,3268.6634
69700,13303.6193,3696.2983
69701,13331.4991,3654.2428
69702,13279.1148,3484.4858
69703,13284.8824,3607.6952
69704,13278.4423,3914.0404
69705,13275.5789,3809.2198
69706,13286.0243,3843.8633
69707,13329.0955,3523.3825
69708,13276.1817,4250.744
69709,13300.9308,3150.625
69710,13321.6521,2938.5645
69711,13298.4853,4231.6
69712,13292.3201,4303.4491
69713,13300.9001,3828.128
69714,13280.7716,3291.9806
69715,13288.1318,3337.3606
69716,13328.003,4332.9453
69717,13280.4741,2919.3614
69718,13304.7264,3765.7293
69719,13295.9668,3976.2046
69720,13327.5426,2818.1928
69721,13310.5199,2939.6888
69722,13274.0655,3632.1497
69723,13310.0465,3426.5752
69724,13287.0851,2879.0264
69725,13283.0513,3499.0124
69726,13317.4974,3026.5175
69727,13312.6356,3850.375
69728,13267.5546,4196.1176
69729,13282.5147,3612.7134
69730,13286.4748,3859.6747
69731,13292.9058,3549.9143
69732,13299.2042,3801.9754
69733,13319.7859,3829.6084
69734,13319.5339,2841.2274
69735,13317.7425,3578.2215
69736,13296.6078,3440.6576
69737,13314.3634,3260.5082
69738,13272.9538,3704.2644
69739,13276.6263,2971.022
69740,13256.9913,2795.649
69741,13255.6354,3207.621
69742,13289.475,2913.2706
69743,13266.546,3617.0921
69744,13264.3959,4298.7503
69745,13269.5347,3800.0253
69746,13257.5582,4351.2504
69747,13311.9715,3658.0605
69748,13289.4131,3907.032
69749,13291.9878,3844.7379
69750,13285.929,3629.4822
69751,13287.944,4315.6167
69752,13276.4729,4037.8232
69753,13245.5686,4238.1374
69754,13272.7012,4024.6693
69755,13282.7323,4121.905
69756,13265.2895,3575.1129
69757,13248.2441,3701.7889
69758,13297.8513,4100.9375
69759,13271.2115,3328.9066
69760,13246.8053,3128.9528
69761,13284.0219,3620.9954
69762,13285.7623,3612.0826
69763,13286.9202,3826.9325
69764,13285.8107,3842.5174
69765,13267.0199,2981.8214
69766,13236.0727,3270.1506
69767,13290.5825,3329.0422
69768,13289.4482,3340.449
69769,13293.5809,3227.7112
69770,13273.2739,2766.4134
69771,13257.1483,2998.4582
69772,13256.6221,3692.6735
69773,13271.3563,3965.5788
69774,13241.9517,3594.882
69775,13279.5433,4154.6255
69776,13270.2631,3861.2506
69777,13277.0716,4163.1992
69778,13249.6976,2889.2808
69779,13254.0855,3617.9593
69780,13247.1616,4104.9671
69781,13277.0978,2932.2203
69782,13246.7724,2711.9798
69783,13265.9175,3707.2748
69784,13238.4304,3014.1922
69785,13268.0827,3347.2306
69786,13227.1056,4052.4232
69787,13281.2877,4126.4346
69788,13235.0798,4308.0248
69789,13232.4564,4214.2726
69790,13223.1364,3949.3093
69791,13281.6321,3551.1192
69792,13248.3473,3318.9954
69793,13238.3269,3019.0541
69794,13239.0876,3635.3694
69795,13272.2717,3324.7791
69796,13230.1562,3132.0205
69797,13259.0873,2788.2056
69798,13239.8789,4034.4378
69799,13220.6457,3753.5621
69800,13233.795,3541.4511
69801,13231.918,3691.3227
69802,13240.4736,3140.643
69803,13257.5755,4353.2352
69804,13271.4897,3112.9437
69805,13241.7955,3050.4523
69806,13223.5135,3219.7413
69807,13221.3191,3623.0905
69808,13234.1014,4343.5958
69809,13250.1418,3635.9233
69810,13244.2138,4161.7792
69811,13270.4542,3321.6215
69812,13270.8141,3166.8552
69813,13211.6944,3373.8126
69814,13228.9916,3025.1056
69815,13262.3021,3868.2879
69816,13229.266,2882.0068
69817,13224.5982,3219.7699
69818,13208.5057,3457.5081
69819,13239.0291,4207.3731
69820,13211.8774,3484.4739
69821,13205.1248,3321.5326
69822,13257.9724,3849.2698
69823,13261.2335,3028.7935
69824,13241.6858,3022.8351
69825,13216.6558,3069.3117
69826,13212.4516,3960.9785
69827,13242.6159,3822.398
69828,13260.5435,4223.1919
69829,13226.6607,3615.1415
69830,13256.9463,2812.3963
69831,13238.0015,3491.1685
69832,13255.7364,3699.7806
69833,13234.3826,3937.2776
69834,13224.9283,3523.2135
69835,13196.8653,3803.2722
69836,13200.5493,3808.7583
69837,13220.5068,3061.8164
69838,13225.1532,3947.19
69839,13253.7053,3574.0609
69840,13222.4862,3971.4883
69841,13237.8181,3412.0256
69842,13244.8367,4343.7196
69843,13242.2263,4023.6687
69844,13189.8844,3177.1641
69845,13237.9934,2949.1094
69846,13242.0483,3894.0823
69847,13227.5672,2759.7817
69848,13239.764,4187.051
69849,13216.4688,3807.4852
69850,13228.3912,4279.5077
69851,13183.7454,4227.1093
69852,13235.9808,3291.3726
69853,13229.9721,3303.5458
69854,13201.0789,4231.1678
69855,13202.3,3327.7574
69856,13183.3287,2853.6776
69857,13240.3195,3450.8063
69858,13210.4265,4074.0387
69859,13209.3858,4077.7607
69860,13177.8996,3305.4587
69861,13205.4547,4288.7318
69862,13232.6456,3965.1507
69863,13190.0898,2785.2471
69864,13183.7947,3194.3774
69865,13179.8034,3429.8486
69866,13204.6181,4236.2014
69867,13213.6378,3595.8253
69868,13207.9874,4295.0252
69869,13194.2645,3505.6683
69870,13170.8956,2983.236
69871,13221.8902,2843.9434
69872,13199.1583,4178.1321
69873,13181.8039,3955.0268
69874,13203.7706,3586.6746
69875,13188.5108,3385.0894
69876,13192.849,3783.1575
69877,13178.1052,3254.9082
69878,13203.0382,3884.2939
69879,13213.7949,3629.5683
69880,13207.5435,3798.3668
69881,13224.887,4339.1694
69882,13221.7254,3148.4681
69883,13193.1465,3595.2797
69884,13191.0669,3572.3508
69885,13194.323,3612.1019
69886,13209.442,3305.5244
69887,13186.5983,2827.0947
69888,13216.865,2726.354
69889,13178.0857,2984.1409
69890,13189.9492,3204.3299
69891,13186.5358,4054.5453
69892,13180.3061,3864.5805
69893,13160.0998,2816.2734
69894,13186.0411,3023.1956
69895,13183.7401,3407.7266
69896,13158.1259,3428.2677
69897,13209.4764,4312.1747
69898,13212.2819,3702.6687
69899,13198.9529,3829.5493
69900,13182.7945,3388.2313
69901,13209.5866,3401.149
69902,13196.2775,2752.0814
69903,13181.6614,2978.8931
69904,13179.5568,3675.0519
69905,13184.3242,3284.7261
69906,13149.1531,4273.1327
69907,13158.9089,3554.1901
69908,13210.2452,2989.8722
69909,13193.6323,3630.0771
69910,13208.1678,3200.8637
69911,13186.5264,4042.9516
69912,13155.7397,3946.3997
69913,13175.0665,3103.934
69914,13151.1024,4052.7763
69915,13184.6316,3762.8855
69916,13206.8782,2952.8291
69917,13199.9957,3118.4382
69918,13181.0384,3244.8689
69919,13188.2174,4139.2665
69920,13160.0718,3496.6094
69921,13192.2069,3502.7531
69922,13140.8787,3849.4845
69923,13188.2289,4225.019
69924,13169.8722,2963.8007
69925,13194.9905,3859.7599
69926,13196.8653,3249.153
69927,13171.0442,3932.2928
69928,13190.6217,4114.0363
69929,13182.7877,3547.5512
69930,13176.3286,3963.0669
69931,13195.6048,3785.6863
69932,13195.0819,4075.2506
69933,13186.358,3360.5952
69934,13182.7687,3689.1753
69935,13164.556,3217.2794
69936,13170.7286,3093.4344
69937,13189.9153,3995.0436
69938,13130.2065,4242.8107
69939,13153.7959,3354.995
69940,13161.8334,3970.2919
69941,13177.4206,3791.9361
69942,13184.0511,3877.2874
69943,13167.1303,4174.7908
69944,13177.9639,4070.9966
69945,13165.2913,3208.1896
69946,13157.371,3330.3657
69947,13172.3336,3104.6564
69948,13183.1477,2913.7877
69949,13172.3575,3674.5858
69950,13125.7916,3372.2971
69951,13125.7725,4015.2452
69952,13174.0934,3066.6844
69953,13178.2555,3524.4023
69954,13175.5207,3130.3701
69955,13138.9806,3053.4322
69956,13152.3383,4121.0673
69957,13148.7283,2674.0365
69958,13138.4293,3387.336
69959,13163.9903,4045.8092
69960,13166.8237,4040.2297
69961,13181.8617,2956.9132
69962,13179.9406,3057.6481
69963,13126.4615,3509.0188
69964,13153.8027,3087.3601
69965,13144.7406,4225.138
69966,13137.8147,3023.3924
69967,13118.4853,2788.5648
69968,13175.6356,4015.2894
69969,13130.5845,3990.9582
69970,13168.5228,3233.5068
69971,13133.8693,3397.9747
69972,13154.8935,3455.6028
69973,13163.8929,3019.0974
69974,13151.843,4252.5267
69975,13141.5045,3921.7754
69976,13124.8259,3405.4789
69977,13156.5928,4306.7879
69978,13113.1959,4008.8904
69979,13114.5914,2665.7456
69980,13140.6708,3098.8043
69981,13150.1793,3043.0783
69982,13126.8233,2720.1713
69983,13157.9709,4032.1068
69984,13146.7187,2691.5551
69985,13143.9598,3163.2654
69986,13108.9504,3458.808
69987,13156.2374,4162.7399
69988,13133.7715,3366.7112
69989,13146.907,4227.6587
69990,13164.8094,3998.8912
69991,13166.0856,4224.0433
69992,13165.5001,3932.2998
69993,13124.2147,3579.2634
69994,13116.3422,3693.2079
69995,13130.1757,4113.7056
69996,13099.0003,2957.2893
69997,13132.4799,3817.3114
69998,13098.4839,2740.1458
69999,13146.0061,3225.2566
70000,13160.3809,4041.0314
70001,13123.6352,3472.8265
70002,13127.3366,4066.8271
70003,13117.6507,3731.9053
70004,13094.1969,3356.0846
70005,13133.0219,3371.8094
70006,13095.2988,3884.2508
70007,13138.758,4300.9141
70008,13120.2955,3275.6916
70009,13131.7439,3533.216
70010,13093.5318,4123.3174
70011,13135.7167,4030.2426
70012,13115.8514,3714.9528
70013,13091.735,3762.4164
70014,13093.5125,4039.2058
70015,13117.2697,2729.555
70016,13127.3364,3815.7758
70017,13149.6801,3840.0446
70018,13093.7573,2802.8558
70019,13111.7043,3103.0248
70020,13143.2403,3981.199
70021,13115.8327,2781.8145
70022,13105.0935,4055.2004
70023,13104.0496,3652.3133
70024,13107.6985,4247.6942
70025,13090.2996,3709.5138
70026,13122.931,3792.9668
70027,13090.346,3317.5564
70028,13091.3441,2912.0166
70029,13139.9076,3250.3288
70030,13084.7464,3490.3704
70031,13089.8348,3994.5247
70032,13130.1065,3304.1395
70033,13081.8247,3761.6124
70034,13133.5762,3983.9598
70035,13135.0075,3777.3904
70036,13124.635,4168.8456
70037,13120.4026,3589.2739
70038,13093.138,3978.6764
70039,13119.0718,4049.9953
70040,13114.4857,2940.4802
70041,13136.1678,3737.1013
70042,13074.5027,3591.4403
70043,13120.4884,3609.257
70044,13131.3839,2960.1046
70045,13095.0952,2697.7561
70046,13078.9028,3683.5672
70047,13104.1623,2961.0432
70048,13104.0918,3465.6574
70049,13125.6934,3477.7148
70050,13125.3973,3309.8655
70051,13110.3126,4250.8017
70052,13110.1862,2853.5046
70053,13103.7242,3829.8989
70054,13098.5553,3894.4324
70055,13114.3065,4240.8153
70056,13127.1861,4233.5905
70057,13071.1169,3210.3462
70058,13124.8002,3442.2021
70059,13110.3634,3040.3996
70060,13123.7389,3643.5324
70061,13092.4316,2820.498
70062,13094.952,2976.4153
70063,13119.5016,3353.5315
70064,13081.4555,4157.0587
70065,13116.402,3669.7216
70066,13080.0231,3908.2165
70067,13074.3188,2971.5506
70068,13091.8645,3454.6372
70069,13105.0983,3424.1498
70070,13079.2989,3159.76
70071,13062.0578,3777.3152
70072,13065.7143,2776.6755
70073,13102.2667,3188.7486
70074,13062.4297,3999.4952
70075,13108.2447,3053.2265
70076,13105.9664,2685.814
70077,13096.2239,3612.9117
70078,13072.5062,3307.7797
70079,13075.9392,4177.8705
70080,13076.3418,2905.8471
70081,13081.1814,3394.8975
70082,13064.4206,3780.9019
70083,13090.8714,3951.4152
70084,13078.2764,3263.9592
70085,13078.8483,2738.8474
70086,13108.2478,2739.8562
70087,13053.228,3520.1113
70088,13059.5374,4197.3681
70089,13092.542,3358.5804
70090,13060.708,3197.7464
70091,13052.9607,4165.0795
70092,13108.3465,4251.957
70093,13113.1858,2898.6548
70094,13081.7376,3387.7509
70095,13113.8727,3620.5011
70096,13085.2,3571.4168
70097,13101.2791,4016.8633
70098,13062.7313,3476.8634
70099,13058.3658,3311.1851
70100,13103.111,4271.3569
70101,13076.1907,2973.2502
70102,13072.0334,3994.9209
70103,13075.1735,3734.4432
70104,13058.0384,3279.7533
70105,13047.0677,3192.9133
70106,13083.5698,3561.2039
70107,13055.2409,3817.4607
70108,13082.5985,3319.1927
70109,13106.3817,4128.0352
70110,13078.795,3928.355
70111,13045.1499,3539.9042
70112,13047.0556,3207.2895
70113,13041.399,4167.3678
70114,13072.0923,3660.9171
70115,13059.4709,2783.7321
70116,13066.5127,4064.0662
70117,13044.6713,3120.1185
70118,13097.3977,3972.8332
70119,13046.3685,3092.0996
70120,13082.9425,2954.9015
70121,13073.3237,2789.6237
70122,13050.2639,2874.6124
70123,13082.9492,3981.3379
70124,13062.0027,3307.4524
70125,13042.9474,3859.7012
70126,13086.5226,3281.5045
70127,13056.7922,4062.6311
70128,13085.0003,3158.9206
70129,13090.6648,4299.3871
70130,13067.0453,3199.4948
70131,13065.1203,3825.1021
70132,13063.8029,4020.9019
70133,13084.1637,4108.5884
70134,13050.3595,3840.788
70135,13044.2793,3266.9754
70136,13063.1187,2741.8001
70137,13073.1393,4015.9011
70138,13061.3822,3629.1291
70139,13047.9501,3666.2165
70140,13038.0135,3945.3184
70141,13057.1443,3460.6135
70142,13062.7439,4024.6534
70143,13031.5045,3170.6278
70144,13062.0275,3557.295
70145,13040.5447,2863.6332
70146,13061.0623,4078.8979
70147,13035.2969,3933.7687
70148,13054.7787,3077.9694
70149,13059.4471,2792.1439
70150,13083.5817,4065.8304
70151,13026.7659,2990.6871
70152,13074.9944,2908.574
70153,13070.4541,3769.3035
70154,13046.793,3155.2216
70155,13079.7722,3924.5601
70156,13068.7973,3877.2014
70157,13044.303,3945.5934
70158,13049.5117,2909.7833
70159,13083.7677,3410.9504
70160,13062.9676,2953.9079
70161,13047.1824,3184.7156
70162,13063.6117,3300.6031
70163,13023.2973,4187.8983
70164,13075.9002,4149.9872
70165,13077.3975,3505.3336
70166,13025.5749,4198.7209
70167,13037.7862,2857.0253
70168,13029.4572,4034.3447
70169,13018.4187,4158.325
70170,13058.2899,4081.9708
70171,13058.8738,3753.2869
70172,13069.3776,3963.4067
70173,13059.2941,3110.0341
70174,13045.8301,2903.7284
70175,13077.743,4078.1531
70176,13031.8696,3484.0526
70177,13016.6501,3836.4606
70178,13063.8683,3652.1199
70179,13037.6958,4120.2455
70180,13061.5099,3883.2554
70181,13029.3476,2670.105
70182,13019.7285,3756.4672
70183,13054.391,3705.0486
70184,13064.6684,3910.2132
70185,13038.7565,4283.8409
70186,13012.3294,3252.8353
70187,13016.9291,3965.2826
70188,13075.1826,2830.2886
70189,13051.6185,2805.4723
70190,13032.1775,3234.7588
70191,13049.7625,3871.9544
70192,13039.1462,3677.3185
70193,13069.6253,3387.5501
70194,13041.3373,4257.6737
70195,13055.1167,3927.2719
70196,13032.5236,3994.081
70197,13045.5818,3499.9083
70198,13025.3474,3847.8046
70199,13056.6638,3910.9514
70200,13049.0329,3833.9849
70201,13052.9833,3475.6191
70202,13009.9478,4102.731
70203,13013.4942,3479.1459
70204,13017.0876,3976.7344
70205,13034.0657,2818.8846
70206,13043.018,3939.6908
70207,13062.2556,4137.4269
70208,13027.7962,3667.6882
70209,13031.7771,4027.5331
70210,13029.545,4101.1149
70211,13048.1301,3181.4915
70212,13006.4581,3799.3834
70213,13061.4867,3028.5847
70214,13025.7644,3770.4216
70215,13057.3939,3595.8727
70216,13002.6201,3312.7588
70217,13002.809,3953.2307
70218,13060.1195,3811.3182
70219,13060.4665,4226.9882
70220,13014.9009,3926.9708
70221,13050.2904,2880.1136
70222,13004.3073,3964.2408
70223,13038.8472,3409.2991
70224,13035.8306,2933.786
70225,13024.8069,3641.6276
70226,13053.5689,3438.7522
70227,13008.7916,3904.6283
70228,13025.0745,3045.6574
70229,13054.5594,3212.3762
70230,13039.3982,3628.172
70231,12996.7025,3772.4778
70232,13056.5001,3516.1341
70233,13009.5813,3025.199
70234,13010.3146,3245.2927
70235,13040.3937,3017.8959
70236,13056.2225,2806.4415
70237,12997.5986,2900.6971
70238,13009.3604,3181.3756
70239,13002.6784,3197.5235
70240,13028.8827,2797.2494
70241,13016.9659,3158.6996
70242,13049.3486,3022.7084
70243,13046.6132,3369.1116
70244,13014.8476,3683.2872
70245,13004.4094,3779.0459
70246,13041.8285,4246.4825
70247,13051.5957,3262.0974
70248,12997.3572,4139.991
70249,13039.6769,3360.2951
70250,13011.7296,4124.5024
70251,13022.4026,3946.2215
70252,13011.6424,2707.5713
70253,13031.7968,2923.5001
70254,12993.4643,3577.2039
70255,13047.8528,3411.9923
70256,12990.3921,4139.3003
70257,13043.3411,3558.2984
70258,13003.4322,4212.1504
70259,13022.5631,3524.2102
70260,13026.965,3987.6829
70261,13013.5263,3445.9145
70262,13032.9792,3400.3991
70263,13015.7807,3933.8484
70264,13033.6795,3708.5847
70265,13027.3139,3251.4998
70266,13003.4408,3390.8598
70267,13034.2736,4155.0816
70268,13039.7923,3662.7447
70269,12985.4537,3473.5195
70270,13031.2703,4046.2526
70271,13013.2617,4052.3369
70272,12993.387,4063.7657
70273,13036.2708,3905.1883
70274,12998.8861,3949.8715
70275,13009.8446,3082.8959
70276,13038.0571,3394.4895
70277,13015.64,3683.6466
70278,13044.6492,3946.4379
70279,13008.1496,4054.5254
70280,13014.4514,3184.1713
70281,13022.0228,3603.8815
70282,13023.2276,4236.0221
70283,13005.3373,2671.6471
70284,13034.2718,3863.1375
70285,13040.7406,3590.2692
70286,13015.6946,3094.4202
70287,13012.1576,3991.911
70288,12997.8194,3177.7538
70289,13010.0975,2927.1847
70290,13021.0778,4155.2119
70291,13014.7344,3711.7425
70292,12987.7963,3564.6803
70293,13038.167,4155.2138
70294,12984.8439,3841.3454
70295,13038.1687,4269.0156
70296,12992.1659,4022.1787
70297,13039.4101,3829.1011
70298,13028.9573,2800.5881
70299,13036.4562,3859.7971
70300,13010.4086,3546.0057
70301,12993.7589,4197.4172
70302,12993.2764,4051.4397
70303,13028.809,3942.5703
70304,13028.7321,2929.0622
70305,12988.3598,2845.9442
70306,12979.4784,3550.2233
70307,13025.9769,3218.4422
70308,13024.5226,2703.4157
70309,13005.8152,3690.7634
70310,13028.1724,4141.8687
70311,12975.2685,3140.7801
70312,12986.8537,2871.3996
70313,12995.8131,3507.6125
70314,13008.8514,3535.1404
70315,12998.5318,2826.6305
70316,12994.0875,3704.1997
70317,12984.4273,3566.5615
70318,12980.4917,3518.1511
70319,12995.129,4124.9095
70320,13011.8004,3142.2692
70321,12978.2988,3727.8287
70322,12988.6593,3359.8591
70323,13009.2648,2902.7234
70324,12994.0403,3907.6086
70325,12979.8411,3830.4341
70326,12996.3216,2839.5211
70327,13024.0511,3641.3876
70328,12975.5556,3302.5227
70329,12979.461,3297.3917
70330,12988.2042,3043.6438
70331,12997.9033,4000.1856
70332,12985.3336,4217.6664
70333,13023.0202,3394.7427
70334,13002.2402,2797.2112
70335,12985.8107,3482.1018
70336,13028.0798,3063.7939
70337,13007.1881,4079.8778
70338,12995.8854,3978.8853
70339,12985.7886,3346.6927
70340,12984.0323,3114.0524
70341,13007.873,4238.1263
70342,12983.1218,3867.7328
70343,13027.8755,2703.8189
70344,12981.2692,3684.5488
70345,13019.9031,2779.921
70346,13026.5716,2690.7623
70347,12997.6721,3139.9054
70348,12989.0711,3375.0402
70349,13001.9765,4053.6826
70350,12991.9088,4213.0943
70351,12992.7434,3244.5114
70352,12987.997,3820.2847
70353,12989.0289,2920.8982
70354,12997.2922,3802.9215
70355,13003.695,2669.9367
70356,12978.1612,2771.1124
70357,13020.49,3873.7337
70358,12964.7758,3036.4984
70359,13013.8671,3384.4063
70360,12999.179,2805.7151
70361,12981.8709,3323.63
70362,12962.5602,3316.5115
70363,12984.5233,2973.8281
70364,12990.3633,3756.9253
70365,12999.2831,3051.6269
70366,13010.001,4261.7076
70367,12977.1951,4246.7524
70368,13010.7104,2663.8257
70369,12997.8559,3651.0762
70370,12972.6265,3678.4099
70371,12969.3443,3007.175
70372,12990.502,3645.4481
70373,13009.2242,3013.093
70374,13019.4656,3483.6159
70375,12960.2469,3794.9959
70376,12983.2922,4137.7375
70377,12988.8092,2899.0167
70378,12979.1849,2865.0107
70379,12995.1489,2931.2039
70380,12993.7076,2915.7785
70381,12992.4558,2956.2528
70382,12969.3061,2958.5655
70383,12986.2359,3329.4931
70384,13002.4419,2671.8725
70385,13017.554,4102.1669
70386,13013.5165,3630.5008
70387,12968.134,4104.2678
70388,13014.2245,2930.3217
70389,12997.8044,4150.8255
70390,13012.7923,3335.2162
70391,12964.9132,3143.2316
70392,13016.2538,3799.6132
70393,12972.4929,4145.3245
70394,12987.4235,2955.8689
70395,12977.3158,2829.8181
70396,12967.9668,3073.6257
70397,12972.6425,4094.5374
70398,12996.2283,3549.0495
70399,13014.7996,3466.6668
70400,12995.156,2719.7934
70401,12999.0327,3281.6327
70402,13010.2118,3280.1401
70403,12955.5843,4212.6409
70404,12996.5671,3306.0469
70405,12991.8652,3996.0112
70406,13012.2,3765.6537
70407,12990.5206,3103.2018
70408,13016.1709,2773.2492
70409,12993.6051,2948.5255
70410,12963.7816,3516.6041
70411,12965.9078,3892.9269
70412,12976.2279,3327.1586
70413,12986.2715,2720.749
70414,13010.6292,3564.5958
70415,12988.5862,3917.2802
70416,13003.702,4034.1301
70417,12991.1157,3396.0794
70418,13003.9188,4092.0337
70419,12987.8198,3866.968
70420,13004.3246,3708.7032
70421,12961.0993,3567.65
70422,12966.208,3871.3739
70423,13007.6469,3772.6008
70424,12954.3423,3748.0146
70425,12977.7951,4136.8646
70426,13010.1509,2794.1795
70427,12954.449,3985.035
70428,12971.4914,4101.7375
70429,12980.0113,3437.4718
70430,12953.8797,4186.8591
70431,12998.055,3480.3367
70432,12974.4442,3916.9809
70433,13000.5128,3786.3531
70434,12948.613,4105.2699
70435,12985.847,3511.8549
70436,12964.8825,3118.0482
70437,13005.988,4134.3729
70438,12970.6472,4089.7072
70439,13008.2855,3466.8691
70440,12962.8693,3329.718
70441,12975.7368,3351.5172
70442,12990.1951,3238.2719
70443,12986.0073,4157.8012
70444,12999.544,2819.9227
70445,12984.7345,3325.2909
70446,12979.0237,3495.2307
70447,12968.7853,3249.4387
70448,12985.3851,2934.8244
70449,12995.544,3752.2838
70450,13006.066,3988.2371
70451,12966.2971,4000.8316
70452,12950.9629,3742.865
70453,12982.9424,4058.721
70454,12950.8365,3749.5439
70455,12979.6764,3384.7132
70456,12967.7202,3143.9417
70457,12954.5663,4184.4873
70458,12963.124,3433.7498
70459,12966.5004,4032.8873
70460,12975.2506,3964.6764
70461,12989.629,3645.0813
70462,12998.3704,3591.2902
70463,12997.9236,3424.61
70464,12982.7223,3431.8458
70465,12977.7766,4080.3738
70466,12962.6891,3900.8502
70467,12978.3714,2761.5224
70468,12949.9899,2772.7764
70469,12956.498,3996.0343
70470,12997.8024,2729.9938
70471,12998.6374,2987.5479
70472,12984.2205,3304.4313
70473,12989.2139,3115.5181
70474,12973.0885,3939.3474
70475,12968.1047,2815.0096
70476,12950.7046,3203.8981
70477,12955.1859,3664.4742
70478,12955.8374,3733.5927
70479,12952.987,2947.05
70480,13000.5157,3672.8045
70481,12956.4497,2744.9999
70482,12949.1886,3914.4167
70483,12954.7778,3159.1734
70484,12943.6896,2705.2871
70485,13002.3583,3905.5395
70486,12984.3562,3326.3622
70487,12976.1856,4217.5692
70488,12996.5344,3654.511
70489,12990.624,3824.9077
70490,12963.6526,3076.5073
70491,12941.1772,3704.3524
70492,12980.9839,3827.4742
70493,12968.3998,4192.0154
70494,12992.6101,3731.2029
70495,12997.9978,3369.69
70496,12956.3476,3326.6882
70497,12974.1369,3790.2763
70498,12952.8826,3685.1196
70499,12977.3366,3385.1863
70500,12984.7599,3939.1205
70501,12967.5949,3777.1799
70502,12959.6316,3269.3929
70503,12970.3656,3331.6447
70504,12952.3373,4071.9466
70505,12964.0578,4200.2128
70506,12961.5782,3248.5895
70507,12942.4066,2725.3747
70508,12937.4307,2987.0328
70509,12949.688,4062.0556
70510,12942.1485,4246.0074
70511,12982.2871,3440.0684
70512,12968.4305,3591.1982
70513,12949.0808,4051.5857
70514,12970.0336,3600.5366
70515,12960.2509,2936.0277
70516,12951.5063,3475.0789
70517,12990.033,3797.3387
70518,12972.7869,3100.2896
70519,12971.5043,4104.5016
70520,12978.6201,3263.96
70521,12952.1087,4213.1963
70522,12978.4108,3910.3458
70523,12963.3974,3615.9309
70524,12972.8271,2723.8244
70525,12959.1923,4076.8185
70526,12943.9917,4079.4304
70527,12939.4681,4201.5682
70528,12937.3533,3339.5371
70529,12939.4151,3158.1436
70530,12979.3199,3361.3138
70531,12954.7273,3449.551
70532,12934.6277,3972.7979
70533,12973.7345,4225.8661
70534,12968.1296,3647.6151
70535,12946.9073,3559.6892
70536,12969.9934,4096.2132
70537,12947.4099,4053.7691
70538,12974.6676,4242.8646
70539,12962.9863,4069.3172
70540,12946.172,4107.9957
70541,12934.7843,2794.8131
70542,12937.4863,2791.9315
70543,12976.2493,3365.1366
70544,12994.942,3142.0089
70545,12948.1697,3652.175
70546,12934.2288,4103.9959
70547,12975.0896,3423.6909
70548,12934.6137,4203.2046
70549,12939.2014,3561.8992
70550,12965.3311,3557.915
70551,12961.1933,2992.8291
70552,12950.0565,3385.1914
70553,12931.7874,2891.269
70554,12949.861,3054.98
70555,12965.0021,2689.4905
70556,12951.6443,2955.4902
70557,12990.8186,3529.9717
70558,12931.1259,3156.8694
70559,12991.5708,3144.459
70560,12942.733,3202.3303
70561,12983.2852,2819.8275
70562,12948.5669,4219.4809
70563,12959.4529,3897.1961
70564,12990.0269,4084.153
70565,12970.0868,3459.2683
70566,12960.892,3808.7648
70567,12987.8894,2721.0167
70568,12990.6048,3063.6925
70569,12969.3594,3458.2323
70570,12945.0522,3010.853
70571,12973.5997,3688.5765
70572,12976.3024,4226.0384
70573,12940.8405,3309.1386
70574,12931.8047,3975.2171
70575,12986.4927,3646.4867
70576,12949.5971,2838.4299
70577,12939.0709,3536.4675
70578,12935.0345,3708.3906
70579,12938.4895,3642.1315
70580,12984.0505,3921.6185
70581,12959.0413,3260.7166
70582,12927.5499,3744.5668
70583,12969.763,3357.6034
70584,12931.0803,3421.9959
70585,12955.5232,4227.1176
70586,12975.9565,3608.9155
70587,12989.7733,3465.8088
70588,12963.2026,3203.7179
70589,12969.3824,2764.5913
70590,12949.1169,3890.0267
70591,12956.9064,3058.0594
70592,12987.2497,3246.6039
70593,12969.1011,2922.672
70594,12935.3796,3745.9921
70595,12982.6815,3349.4906
70596,12949.9142,4242.9053
70597,12940.7914,3061.6969
70598,12972.9927,3547.1297
70599,12965.0777,3370.4737
70600,12981.8787,3354.914
70601,12976.6152,3039.035
70602,12958.5756,3742.1269
70603,12947.3843,3076.2824
70604,12973.9147,4112.1219
70605,12962.3188,3865.0104
70606,12965.098,3481.9229
70607,12925.2343,3116.7424
70608,12944.2628,3513.4866
70609,12946.9484,4213.1125
70610,12953.9689,3892.739
70611,12929.2542,4094.2721
70612,12929.5875,2914.4591
70613,12931.5402,2717.1239
70614,12952.55,2838.7977
70615,12923.4178,3287.5867
70616,12953.3202,3614.4974
70617,12954.1456,3043.204
70618,12954.2071,4239.5676
70619,12957.2476,2746.6994
70620,12930.5766,3918.2748
70621,12964.1725,3570.9697
70622,12936.6659,3822.1162
70623,12984.0475,3607.3158
70624,12947.561,3746.9938
70625,12954.6481,3594.9007
70626,12937.8389,3961.2148
70627,12930.504,3546.9677
70628,12959.3393,3838.6487
70629,12953.6781,3901.4777
70630,12958.0498,4032.7027
70631,12977.363,3389.4198
70632,12963.1194,4124.9162
70633,12980.0974,3895.2054
70634,12932.3366,3577.9627
70635,12952.7006,3233.6737
70636,12960.3029,2711.493
70637,12975.9423,2648.7225
70638,12983.9612,4255.9055
70639,12971.3584,3051.3016
70640,12961.5615,3141.5036
70641,12936.4542,3075.0597
70642,12926.5588,3478.5273
70643,12979.1949,3567.2391
70644,12933.9826,4151.8827
70645,12920.7204,4084.7545
70646,12919.2992,3642.4239
70647,12979.7828,3021.9145
70648,12980.0399,2943.1398
70649,12938.5763,3659.5398
70650,12921.5189,3221.4421
70651,12959.1755,3693.311
70652,12946.0428,4171.3833
70653,12967.4873,3125.8563
70654,12971.1793,3124.6183
70655,12956.5338,3706.1455
70656,12951.9473,3235.4442
70657,12965.2754,3887.8438
70658,12949.8735,4129.2145
70659,12931.3839,4102.344
70660,12961.6133,3818.8782
70661,12943.1543,3155.1136
70662,12959.1733,2970.5209
70663,12948.204,3176.7078
70664,12980.8777,3091.094
70665,12950.9592,3150.8673
70666,12970.6076,4090.1089
70667,12968.7422,3180.7728
70668,12938.3586,3714.3989
70669,12980.0706,3916.7869
70670,12969.4492,3025.0228
70671,12953.5793,4014.3184
70672,12939.5939,3112.5814
70673,12938.5681,4133.6827
70674,12921.6116,4149.2577
70675,12960.6569,3843.2018
70676,12924.3185,3304.5773
70677,12942.1642,3476.8832
70678,12966.0722,3678.1041
70679,12959.8092,2861.6329
70680,12978.1035,3246.2531
70681,12958.8341,3240.5275
70682,12935.0919,4124.8821
70683,12972.0937,3618.9099
70684,12950.5823,3254.5966
70685,12936.906,3306.8974
70686,12948.7121,4097.2232
70687,12941.5189,2957.2072
70688,12942.7212,3686.8089
70689,12926.8973,3793.1857
70690,12958.808,4187.0811
70691,12914.0543,3762.0135
70692,12971.199,4058.1255
70693,12926.145,2838.7524
70694,12924.1885,4175.0844
70695,12961.403,3754.4355
70696,12951.2444,4237.301
70697,12953.8605,4159.7912
70698,12914.2639,3086.124
70699,12915.7608,3696.1465
70700,12960.3895,3531.8469
70701,12923.6673,3890.8282
70702,12955.0849,3084.2922
70703,12974.8586,2878.8084
70704,12965.1892,3613.5229
70705,12964.9108,3224.8135
70706,12949.4288,4088.6927
70707,12939.7029,4191.3128
70708,12965.168,3845.7831
70709,12953.3142,3411.0041
70710,12969.8807,3826.4562
70711,12948.299,3356.759
70712,12948.6089,3046.4415
70713,12932.4756,3867.7101
70714,12948.7725,3922.8138
70715,12911.0612,3421.5139
70716,12959.0118,3033.5687
70717,12926.8233,3019.0099
70718,12952.3124,4186.7171
70719,12964.8663,3998.8289
70720,12931.4758,3777.629
70721,12916.6627,3983.1532
70722,12963.5293,3389.8453
70723,12938.9807,4170.493
70724,12961.628,3411.1737
70725,12941.5956,4165.4496
70726,12962.8098,3086.7748
70727,12950.3272,4144.8484
70728,12960.781,3310.7787
70729,12911.1705,2743.4358
70730,12966.3846,2910.6001
70731,12969.6715,3753.8906
70732,12944.9054,3202.1971
70733,12915.3612,2669.6272
70734,12960.5327,3253.5499
70735,12937.1364,3811.9323
70736,12916.6125,3663.5271
70737,12953.3324,3404.3702
70738,12953.1785,3410.2275
70739,12928.3236,4087.5761
70740,12924.5715,4030.5331
70741,12909.4431,4129.1191
70742,12911.13,3471.8536
70743,12943.6617,3537.9392
70744,12919.6363,3378.9778
70745,12963.5776,2913.6882
70746,12942.2594,3212.9382
70747,12906.8717,3790.1016
70748,12951.2333,3785.4706
70749,12954.5176,3736.472
70750,12930.3853,3651.4055
70751,12937.0063,4223.1265
70752,12964.3941,3120.3091
70753,12947.0976,3355.4294
70754,12938.3282,3105.2841
70755,12959.3092,4013.8717
70756,12955.2259,3908.5452
70757,12921.4031,4224.2258
70758,12955.2335,3554.0046
70759,12951.3737,2687.3265
70760,12924.6615,4218.4661
70761,12906.4198,3521.441
70762,12944.8894,3738.1317
70763,12944.7933,2782.3618
70764,12931.3042,3278.6339
70765,12913.6696,3998.2694
70766,12926.7695,4160.267
70767,12956.1794,3800.3578
70768,12966.1035,4059.9225
70769,12932.2377,3709.7002
70770,12942.1373,3901.0859
70771,12914.5499,3636.1647
70772,12920.406,3156.0577
70773,12903.7607,4035.0201
70774,12958.9799,3162.9529
70775,12939.9385,3891.6471
70776,12965.8392,3653.7218
70777,12932.0745,4053.9687
70778,12945.8644,3697.3159
70779,12927.9459,2808.8622
70780,12931.9245,3567.202
70781,12912.2598,3542.0818
70782,12909.8111,3196.2718
70783,12943.4557,4023.1834
70784,12948.847,3995.3249
70785,12938.0676,4125.2835
70786,12924.2904,3951.0363
70787,12957.9205,3744.478
70788,12955.5272,4008.4141
70789,12935.4276,3390.6933
70790,12934.467,3971.0446
70791,12910.4687,4064.3505
70792,12960.5194,4101.5767
70793,12933.5707,4193.2224
70794,12921.2847,3292.4349
70795,12906.0787,3555.939
70796,12931.8424,2801.5962
70797,12926.802,4056.1788
70798,12949.8946,4152.2655
70799,12913.3367,2679.7304
70800,12914.6379,4099.6978
70801,12947.7267,2633.436
70802,12913.9316,4059.1452
70803,12954.8166,2887.9841
70804,12955.7893,4006.719
70805,12937.5348,4028.007
70806,12948.8905,2825.3877
70807,12956.7565,3116.9124
70808,12955.7351,4087.0702
70809,12946.3347,2880.1288
70810,12919.1085,3089.849
70811,12909.7407,2738.8904
70812,12924.5774,3808.1552
70813,12925.9332,2822.0352
70814,12937.1733,4166.968
70815,12929.5574,2784.7283
70816,12923.3188,3035.1603
70817,12924.0018,4140.455
70818,12896.6454,4094.2907
70819,12942.6863,3613.9793
70820,12946.6128,3261.2384
70821,12954.2983,3729.7844
70822,12909.3549,2662.7931
70823,12899.1367,3997.5778
70824,12897.8357,3188.5238
70825,12920.9937,4205.1408
70826,12935.8932,3888.2972
70827,12908.5288,3422.4494
70828,12955.1041,3871.8636
70829,12907.2561,2791.3361
70830,12908.6994,3402.1539
70831,12902.023,3388.708
70832,12909.6905,4137.7579
70833,12931.7295,3779.0921
70834,12933.4839,3171.4311
70835,12907.7236,4080.9154
70836,12946.8216,3742.7191
70837,12932.8835,3321.9199
70838,12915.4351,3394.3352
70839,12914.3725,3036.1126
70840,12956.3522,2969.1248
70841,12894.2891,3654.1499
70842,12943.1458,3396.9604
70843,12891.8045,3854.1543
70844,12914.0638,3781.4446
70845,12950.611,2869.5887
70846,12923.3938,3687.6509
70847,12908.1479,4225.0445
70848,12894.2951,3715.1775
70849,12928.6169,4015.6597
70850,12953.5679,3311.7436
70851,12930.975,2913.731
70852,12952.6989,3470.634
70853,12917.4023,3285.3816
70854,12922.4903,3509.0562
70855,12927.7117,3841.6632
70856,12893.1899,2808.0591
70857,12891.5647,3045.2834
70858,12926.6174,4205.6345
70859,12894.3232,3526.0412
70860,12937.4289,4162.9095
70861,12896.7543,3006.3211
70862,12936.2955,3201.3689
70863,12923.1583,3851.6866
70864,12952.4298,3749.7385
70865,12889.9249,3116.3678
70866,12920.0456,3059.9958
70867,12949.6583,4245.3425
70868,12915.1714,3521.0696
70869,12945.1472,2863.363
70870,12894.1953,3487.734
70871,12891.7573,3328.5135
70872,12890.2986,2666.244
70873,12934.3195,3960.0737
70874,12909.2649,3183.8089
70875,12911.9425,2782.4774
70876,12897.3523,3895.0058
70877,12904.5469,3688.4532
70878,12893.8645,2638.1412
70879,12939.052,4197.4591
70880,12885.1946,2756.753
70881,12917.7103,3455.5334
70882,12900.9327,4176.7258
70883,12887.3166,3256.2166
70884,12934.0237,3682.7443
70885,12918.8393,2837.773
70886,12912.0716,3997.36
70887,12909.3203,2827.8176
70888,12896.1636,2965.5549
70889,12933.7149,3451.4325
70890,12907.039,4128.4281
70891,12925.2532,3837.3112
70892,12932.6076,4186.4184
70893,12942.065,4009.6312
70894,12905.1892,3396.9372
70895,12936.1325,3015.9195
70896,12923.2985,3364.2397
70897,12896.476,3485.4454
70898,12935.2398,3494.842
70899,12943.5673,4046.3584
70900,12887.3927,2996.1427
70901,12918.7665,4024.4546
70902,12928.993,3564.48
70903,12883.699,3932.0096
70904,12928.0596,4059.9108
70905,12913.1416,3862.5733
70906,12937.2486,3945.4653
70907,12940.6525,2641.8427
70908,12928.0049,2860.2729
70909,12915.389,2668.2477
70910,12928.7473,3788.9986
70911,12880.802,3714.7898
70912,12934.2729,3876.9471
70913,12905.9168,3288.0432
70914,12925.4689,3834.0671
70915,12912.6107,3319.4677
70916,12914.9735,4215.2836
70917,12890.0432,3703.7366
70918,12924.6195,3855.4766
70919,12937.9072,3453.9688
70920,12907.5909,3435.3166
70921,12889.9728,3454.2846
70922,12923.0473,2979.6029
70923,12881.4148,4134.784
70924,12936.0658,4124.6552
70925,12925.6506,3553.6427
70926,12910.7999,2818.7
70927,12910.0134,3797.803
70928,12887.45,3006.4582
70929,12892.5987,3618.6177
70930,12880.6547,2908.4009
70931,12895.1568,3158.4363
70932,12905.2955,2900.304
70933,12936.3292,2784.0645
70934,12934.526,4215.4519
70935,12933.6063,3323.4688
70936,12898.2108,3500.8621
70937,12890.1548,3710.5564
70938,12917.4075,2717.5379
70939,12893.7807,2721.6855
70940,12912.0874,3581.7843
70941,12896.1803,2766.8509
70942,12911.9207,2648.6598
70943,12873.1501,3451.476
70944,12921.0749,3720.3248
70945,12894.5673,3944.1658
70946,12899.0979,4180.0176
70947,12874.8146,2754.9443
70948,12876.2126,3401.346
70949,12891.8725,3342.2963
70950,12894.0711,3460.1539
70951,12907.9567,4140.6417
70952,12922.3144,3238.0595
70953,12900.9178,3718.7063
70954,12874.5344,4037.3732
70955,12932.5062,3423.7984
70956,12886.5738,3071.0929
70957,12930.8803,3104.487
70958,12870.4641,3240.0009
70959,12884.4576,4146.1027
70960,12921.906,3413.9088
70961,12911.8677,2826.0464
70962,12895.7975,4126.1477
70963,12876.7411,3459.4474
70964,12870.052,3726.4454
70965,12923.2251,3543.4118
70966,12889.9517,2743.3364
70967,12867.9451,3527.0613
70968,12906.6407,2787.1477
70969,12927.1518,2851.5812
70970,12871.1864,3971.7355
70971,12880.2582,2667.1646
70972,12897.3692,4070.4375
70973,12905.062,3884.227
70974,12902.3082,3635.2921
70975,12874.8814,3635.58
70976,12889.8098,2807.4479
70977,12914.3095,2825.6529
70978,12903.1892,3329.5919
70979,12912.1562,4158.9522
70980,12878.3699,3406.601
70981,12920.239,4104.3913
70982,12875.8318,3093.8331
70983,12918.1113,3619.9308
70984,12909.6169,4093.8209
70985,12863.8843,3993.5675
70986,12917.6803,3837.6646
70987,12898.6429,3206.7235
70988,12897.1701,3763.2914
70989,12871.3285,3290.1029
70990,12885.2515,2806.3111
70991,12870.5711,2796.6561
70992,12864.2188,3533.9274
70993,12892.6362,3660.6856
70994,12875.1707,2968.2885
70995,12889.3925,3782.8526
70996,12886.9547,3474.1937
70997,12897.5836,3939.6967
70998,12881.7481,3318.9826
70999,12883.7621,3911.5438
71000,12889.8682,3552.8645
71001,12880.1738,4117.2146
71002,12899.3923,3442.8262
71003,12878.5299,3171.8237
71004,12906.9756,3012.0285
71005,12905.0364,3664.1013
71006,12877.6597,3633.6461
71007,12902.0549,3891.5905
71008,12877.0496,3679.5613
71009,12881.511,3613.9857
71010,12886.8661,3324.8922
71011,12861.106,4001.7819
71012,12903.7716,3271.8062
71013,12914.9208,3107.1346
71014,12876.5646,2767.687
71015,12883.0394,3999.2256
71016,12857.066,3511.7932
71017,12892.8784,3612.2367
71018,12913.8802,3097.9632
71019,12852.5034,3354.0855
71020,12914.6748,3168.2495
71021,12886.0894,3365.0002
71022,12857.2061,3609.8537
71023,12860.2461,3035.1945
71024,12853.0525,3334.0521
71025,12881.7684,3161.3914
71026,12904.1737,3924.8744
71027,12884.8134,3910.462
71028,12868.7666,4081.1926
71029,12887.6928,2849.4413
71030,12897.9861,3724.4358
71031,12875.4059,3934.1345
71032,12906.6623,3409.4111
71033,12900.0414,3804.6866
71034,12910.7017,4099.7483
71035,12900.0447,4144.5671
71036,12865.6866,3618.4618
71037,12856.9815,3065.8539
71038,12881.3259,4075.1638
71039,12878.4905,3047.6901
71040,12889.5109,4188.3834
71041,12873.7918,4048.1404
71042,12850.4808,2620.9126
71043,12890.4855,3257.6891
71044,12863.6558,3968.4006
71045,12894.4046,3171.2825
71046,12858.8656,2842.2211
71047,12881.6533,3206.1375
71048,12860.7798,3804.1954
71049,12867.0996,2746.5767
71050,12874.9184,4046.3477
71051,12877.2857,4017.0862
71052,12888.0048,3792.722
71053,12904.7354,2641.0578
71054,12875.7841,4029.3763
71055,12878.7346,3462.6976
71056,12841.8406,3847.4818
71057,12841.3709,3186.6637
71058,12886.5532,3844.1601
71059,12851.7237,2844.626
71060,12868.3168,3149.842
71061,12859.3966,2819.4892
71062,12869.3024,3699.2232
71063,12859.6337,3441.0186
71064,12871.6168,3292.0371
71065,12876.5339,3819.1337
71066,12882.6523,3849.7098
71067,12889.8994,3032.7636
71068,12840.5367,3948.6654
71069,12873.1687,3468.8875
71070,12872.8356,3821.2018
71071,12850.3378,3852.3265
71072,12860.6429,3919.7814
71073,12841.7805,3849.4114
71074,12851.4501,2840.1398
71075,12860.1751,3149.8885
71076,12895.2017,3305.4928
71077,12866.0847,2712.8852
71078,12852.0417,3513.5446
71079,12861.9982,3439.4326
71080,12833.1952,3109.7578
71081,12874.6989,3234.0385
71082,12834.7149,3296.2494
71083,12841.3274,2905.2576
71084,12844.3857,3640.3815
71085,12867.9935,3996.3939
71086,12849.5241,3557.5949
71087,12847.5989,3707.239
71088,12858.2132,3202.0082
71089,12853.6926,4183.6437
71090,12878.254,3421.7353
71091,12873.0798,2824.0482
71092,12889.9543,3858.7165
71093,12837.0921,3303.8756
71094,12873.9885,3748.5819
71095,12873.2291,3460.2239
71096,12850.8336,3219.8966
71097,12870.6998,3894.1344
71098,12851.2864,2706.5147
71099,12876.5176,2678.7799
71100,12855.3896,2810.8965
71101,12863.2247,4007.9775
71102,12846.1748,3265.9717
71103,12844.9516,2811.8811
71104,12878.6561,3728.9144
71105,12883.6323,3046.9345
71106,12857.9931,2855.1399
71107,12843.361,3189.3147
71108,12860.0327,3230.7235
71109,12854.4939,2912.4624
71110,12880.7492,3699.3124
71111,12836.3444,2703.8541
71112,12847.4004,3168.8455
71113,12861.4949,3345.1243
71114,12825.9667,3041.7976
71115,12856.0898,3286.2399
71116,12877.7908,3969.4214
71117,12876.2819,3212.7296
71118,12847.4816,2725.6664
71119,12877.7535,4174.1637
71120,12840.7894,3502.0094
71121,12872.5535,3337.2034
71122,12820.3135,2609.1359
71123,12852.2028,3875.6695
71124,12831.0426,3214.3803
71125,12862.7163,2667.2014
71126,12815.5919,3050.521
71127,12844.3618,2831.6854
71128,12874.221,2841.4127
71129,12861.2535,2781.7569
71130,12826.5145,3953.6169
71131,12869.6313,3686.3903
71132,12821.5371,3146.0973
71133,12874.1229,3511.0493
71134,12865.3944,3104.4611
71135,12863.0073,4138.547
71136,12845.6296,3215.3882
71137,12812.9841,3385.9145
71138,12818.1651,3810.5985
71139,12855.3809,3893.5529
71140,12871.8525,4054.8546
71141,12817.7371,3936.4864
71142,12817.5237,4084.8126
71143,12842.9685,4202.5753
71144,12822.9763,3359.5528
71145,12869.1794,3976.3549
71146,12849.56,3475.643
71147,12811.9638,3168.4428
71148,12814.2777,3329.1719
71149,12828.7068,3525.262
71150,12867.3626,3757.3222
71151,12841.2701,3032.997
71152,12840.6672,2622.8271
71153,12825.4343,3102.4913
71154,12819.8885,3498.5279
71155,12810.2835,3666.3548
71156,12821.5895,4102.824
71157,12806.7732,2655.6035
71158,12823.3069,3641.543
71159,12863.0571,4016.1309
71160,12804.0433,3422.6391
71161,12812.8734,2878.0223
71162,12814.5804,2766.974
71163,12829.0583,3781.8545
71164,12838.436,3922.9943
71165,12811.6539,3881.5244
71166,12827.1837,3993.2549
71167,12854.5744,3436.5022
71168,12843.0124,3804.6954
71169,12837.659,2941.2688
71170,12830.7836,3631.6748
71171,12855.0547,3321.0099
71172,12830.9024,2628.2435
71173,12855.2829,3208.9004
71174,12822.681,3167.773
71175,12806.6145,3562.9128
71176,12844.6409,3507.9355
71177,12846.3417,2898.3803
71178,12842.9097,3863.4108
71179,12855.015,3120.8153
71180,12842.7782,4067.3068
71181,12840.2194,2889.388
71182,12801.7447,2707.7752
71183,12808.6181,3971.5013
71184,12790.549,3432.6104
71185,12840.781,2769.5203
71186,12805.9049,3886.9832
71187,12837.9483,3407.1327
71188,12796.6788,2861.4591
71189,12843.9916,4005.0499
71190,12807.6536,2609.3773
71191,12789.4295,3242.7185
71192,12787.2526,3828.7004
71193,12799.4102,3826.4813
71194,12787.3197,3981.2808
71195,12828.864,4040.6394
71196,12800.3627,2720.9066
71197,12817.4518,4120.8345
71198,12797.2041,3064.4025
71199,12804.0684,3067.345
71200,12812.339,2624.2409
71201,12815.545,2908.9989
71202,12829.7825,4076.1805
71203,12833.2097,2754.9584
71204,12797.759,3170.5361
71205,12790.2969,3258.0232
71206,12785.9475,3060.296
71207,12822.8943,3551.309
71208,12785.035,4160.2771
71209,12781.1868,3849.1411
71210,12821.0996,3747.4497
71211,12816.702,2942.9496
71212,12834.1615,3007.7852
71213,12778.4471,3783.3175
71214,12833.594,3608.7799
71215,12830.8647,4082.8969
71216,12801.8304,2754.3846
71217,12831.9974,3445.7818
71218,12782.1237,3285.0956
71219,12831.9585,3704.526
71220,12783.2491,3071.153
71221,12832.9319,3615.6984
71222,12817.965,2908.0098
71223,12832.1276,3782.381
71224,12781.3904,3869.6148
71225,12825.7319,3385.1555
71226,12822.8343,2885.3636
71227,12784.852,4144.7604
71228,12817.0345,2935.9089
71229,12819.5252,3956.593
71230,12817.2662,3076.4964
71231,12804.8179,3376.031
71232,12782.1545,3487.3289
71233,12815.5866,2868.8166
71234,12800.2612,3814.983
71235,12775.6345,3972.4614
71236,12776.9734,2918.8295
71237,12794.0755,3318.9343
71238,12807.9298,2752.7792
71239,12825.401,3483.5263
71240,12771.7546,3331.5866
71241,12817.7712,3054.4178
71242,12777.3579,2758.754
71243,12794.6593,3665.8451
71244,12783.2625,3959.6493
71245,12807.3518,3578.123
71246,12782.2244,3454.5358
71247,12761.3281,4135.9831
71248,12793.1436,3946.4496
71249,12795.2062,2681.7805
71250,12790.4951,3748.0983
71251,12783.2485,3073.8158
71252,12770.2972,3944.7231
71253,12797.2099,4175.9078
71254,12767.8449,4103.9339
71255,12766.05,3948.2072
71256,12797.1345,4194.4427
71257,12810.03,3514.6318
71258,12754.5998,3918.5579
71259,12774.0862,3789.9227
71260,12804.6269,2640.6883
71261,12813.8423,2964.1908
71262,12799.9927,3764.5831
71263,12770.6535,2738.0637
71264,12768.7349,3345.4269
71265,12779.3123,3690.8808
71266,12775.2482,3345.9144
71267,12785.007,2877.1205
71268,12789.7279,3439.6859
71269,12747.7105,2709.806
71270,12801.5037,2862.895
71271,12796.2868,2668.1103
71272,12785.9841,4020.7371
71273,12776.1538,3888.0399
71274,12771.066,3849.3345
71275,12795.903,3564.2356
71276,12786.4776,3810.4162
71277,12767.7947,3786.426
71278,12792.041,3897.0979
71279,12794.9098,4014.1045
71280,12800.144,3952.0585
71281,12759.9858,3493.3802
71282,12775.3712,3857.9287
71283,12762.2701,4059.4958
71284,12743.2385,3695.1642
71285,12768.3008,3205.7285
71286,12785.1329,3457.7733
71287,12757.2653,3271.6703
71288,12743.9315,2607.7665
71289,12767.8674,2837.4524
71290,12735.6934,3035.3402
71291,12788.7587,3248.5934
71292,12740.4899,3407.1274
71293,12770.6682,3926.0107
71294,12788.3012,2741.5155
71295,12794.3755,2960.0026
71296,12755.3067,3055.7603
71297,12768.8626,3538.9722
71298,12759.2514,4094.533
71299,12741.5981,2824.8312
71300,12731.4095,3319.7817
71301,12731.5137,4121.766
71302,12745.5302,3253.7674
71303,12778.4382,4189.1968
71304,12760.4031,3948.294
71305,12751.4178,3603.5145
71306,12782.1154,2794.5154
71307,12731.0223,2635.885
71308,12763.0884,2774.4849
71309,12743.8788,4151.4563
71310,12759.3879,3313.4534
71311,12738.1097,4077.9523
71312,12769.8811,3777.1948
71313,12742.3341,3585.3176
71314,12726.4526,2782.8652
71315,12767.7487,3195.3257
71316,12722.7058,2694.8679
71317,12769.4457,2636.3929
71318,12750.9841,3783.4453
71319,12762.4116,3697.1744
71320,12721.8619,4104.521
71321,12746.724,3890.9784
71322,12746.0711,4104.6149
71323,12754.8072,2769.3772
71324,12762.0199,2804.2765
71325,12773.9399,3816.3558
71326,12720.611,4047.0743
71327,12757.7658,2778.7423
71328,12771.0112,3897.1193
71329,12770.5675,3971.8892
71330,12718.6205,2783.2065
71331,12721.1568,3358.3953
71332,12756.0915,3782.1483
71333,12744.8028,3103.3243
71334,12723.0599,4092.7501
71335,12753.8056,3122.1998
71336,12731.6115,3444.9356
71337,12744.992,3825.2974
71338,12740.9231,3822.1976
71339,12726.9485,3121.0899
71340,12716.3762,2991.5916
71341,12760.9212,2815.7257
71342,12747.5409,3052.4817
71343,12723.0245,3707.8838
71344,12752.5413,3787.9633
71345,12751.6788,3004.5653
71346,12761.4955,2635.6279
71347,12740.6309,3025.618
71348,12737.7596,3468.5386
71349,12709.9583,3435.8156
71350,12754.4664,2669.1711
71351,12763.7059,4015.7821
71352,12737.6378,3729.8639
71353,12762.9312,3845.0888
71354,12716.2991,4105.1444
71355,12736.4853,2850.4363
71356,12715.5297,3373.3652
71357,12702.1018,3241.5324
71358,12703.6276,3607.7493
71359,12705.1913,3938.2454
71360,12754.5336,3394.4984
71361,12736.611,3726.7803
71362,12719.0245,3186.7701
71363,12718.0366,2632.1926
71364,12713.2817,3970.71
71365,12736.2068,3577.17
71366,12730.6391,2816.9372
71367,12716.0405,3287.265
71368,12704.0635,3738.3572
71369,12720.7158,4011.0912
71370,12721.8111,4173.8389
71371,12719.5856,2775.424
71372,12729.3812,3622.4801
71373,12723.896,3947.6847
71374,12695.3689,4052.3715
71375,12739.4842,2704.6699
71376,12687.5128,3192.225
71377,12713.0666,3333.4234
71378,12726.2675,2689.0439
71379,12725.925,4000.4996
71380,12735.2164,4079.483
71381,12689.1424,3126.051
71382,12691.6753,4151.081
71383,12725.2322,3172.8723
71384,12695.0202,3521.7487
71385,12718.7741,4131.3078
71386,12732.5005,2998.7842
71387,12699.0074,4120.6669
71388,12716.2758,2871.7203
71389,12688.7365,4031.8389
71390,12686.9336,2749.6706
71391,12721.4819,3453.6308
71392,12715.1847,3794.8014
71393,12726.9351,4090.7678
71394,12711.1372,3183.6405
71395,12704.6817,3363.0352
71396,12689.1018,3668.8684
71397,12705.0553,3012.3401
71398,12713.0981,2595.0951
71399,12689.2806,4168.1488
71400,12702.8974,2690.1697
71401,12680.37,3796.3649
71402,12716.8014,3353.0668
71403,12710.0842,3927.6273
71404,12731.5123,2882.1437
71405,12675.5062,2806.8957
71406,12727.7905,3496.4856
71407,12709.2971,3533.356
71408,12694.9528,3151.8739
71409,12708.4492,4107.4672
71410,12668.6504,3474.1164
71411,12687.1356,2583.9137
71412,12722.5927,3867.2558
71413,12683.2398,3759.2137
71414,12713.6556,3390.1132
71415,12672.2802,3991.3754
71416,12685.5653,3643.4426
71417,12678.5325,3368.1774
71418,12677.8668,3861.514
71419,12705.6215,3406.6302
71420,12720.3976,3837.2678
71421,12686.802,3401.3679
71422,12689.2308,3846.2996
71423,12680.9448,2950.1552
71424,12682.0513,2899.7051
71425,12679.1744,3241.1501
71426,12657.7339,2957.431
71427,12699.7288,3339.512
71428,12664.2825,4096.4079
71429,12657.1061,3305.5634
71430,12666.6701,4142.974
71431,12700.4422,3298.1743
71432,12712.8153,2873.7602
71433,12697.8793,2715.5756
71434,12692.6277,2610.4561
71435,12702.4266,3993.4126
71436,12701.6469,3259.3007
71437,12702.9515,4019.001
71438,12650.5773,3820.1664
71439,12709.0138,3258.8053
71440,12656.6248,3744.2594
71441,12653.9301,3685.3857
71442,12676.8686,3877.1413
71443,12651.626,3980.5934
71444,12680.3794,2998.9431
71445,12688.303,3776.6941
71446,12688.3238,3503.769
71447,12665.4186,2801.8738
71448,12677.8577,2763.6959
71449,12665.734,3696.0934
71450,12667.8935,2881.0943
71451,12674.2135,2751.2481
71452,12676.7842,3112.5928
71453,12669.4548,4062.1753
71454,12670.905,3142.074
71455,12643.4508,3240.1524
71456,12695.6605,3010.1993
71457,12674.805,3228.8382
71458,12698.0047,4082.7785
71459,12652.1684,2727.7673
71460,12686.4517,2764.2968
71461,12642.9895,2885.3705
71462,12671.2083,3680.8407
71463,12693.7994,2833.0837
71464,12693.7732,3661.7607
71465,12646.2785,3122.704
71466,12684.6153,3646.2591
71467,12684.9491,2992.1923
71468,12636.7043,3041.7136
71469,12655.4584,2666.5441
71470,12641.6605,3148.7691
71471,12675.1381,3078.4772
71472,12651.5348,3151.9722
71473,12647.8075,3689.8811
71474,12659.1124,2986.6779
71475,12653.3466,4091.9568
71476,12665.2264,3848.3266
71477,12646.4065,4099.985
71478,12646.2271,3436.1839
71479,12685.912,3337.9168
71480,12631.6072,3778.3185
71481,12639.8977,3601.1031
71482,12659.0124,2791.8942
71483,12671.5426,3667.3879
71484,12635.3559,2856.9851
71485,12622.1292,2886.831
71486,12679.6339,3861.5682
71487,12640.5285,2828.3747
71488,12624.313,3831.8412
71489,12664.4738,3378.3345
71490,12622.4541,3115.9209
71491,12622.7631,3292.7921
71492,12667.5868,2932.7171
71493,12652.4664,3994.3882
71494,12616.3107,3700.8853
71495,12635.0997,3222.0184
71496,12653.5738,3541.2795
71497,12660.7552,2614.994
71498,12649.332,2848.6052
71499,12626.9529,3488.7953
71500,12662.7912,3019.5423
71501,12657.8357,3845.096
71502,12656.0391,3132.4271
71503,12656.2324,3204.8943
71504,12648.586,2751.6733
71505,12651.0447,3307.1678
71506,12618.8224,3901.5301
71507,12625.1303,2759.2406
71508,12630.26,2636.0249
71509,12640.8075,3130.4955
71510,12645.1326,2697.5006
71511,12648.2361,3688.2931
71512,12653.8057,3809.9764
71513,12615.7017,3148.898
71514,12653.2739,3558.2808
71515,12642.5878,3061.8833
71516,12620.2001,2793.7381
71517,12641.8007,2592.429
71518,12643.3689,4050.1584
71519,12607.097,3323.218
71520,12619.4872,3930.8743
71521,12603.6517,3578.9181
71522,12610.7566,4074.2374
71523,12618.4392,3795.8822
71524,12645.5866,3456.0252
71525,12642.1185,3452.8789
71526,12653.4655,3360.439
71527,12599.4832,3750.9848
71528,12613.828,2982.0594
71529,12605.3801,4055.0755
71530,12595.9658,3084.0401
71531,12624.9696,3564.935
71532,12628.116,3928.8225
71533,12610.65,3030.4848
71534,12619.5387,3705.3674
71535,12635.8541,2887.2481
71536,12595.1377,4109.287
71537,12607.4142,3553.8793
71538,12636.0227,2612.8172
71539,12647.8327,2782.0298
71540,12608.4801,2871.0824
71541,12617.7331,2966.461
71542,12633.1155,2783.4613
71543,12624.1829,2895.2792
71544,12618.2729,3427.9993
71545,12602.6415,3538.9236
71546,12608.4628,2907.3506
71547,12622.9884,2872.9574
71548,12591.0756,2764.8131
71549,12610.4203,3764.9505
71550,12597.1989,2927.3273
71551,12633.1116,3251.0666
71552,12605.6968,3918.8738
71553,12630.0912,4075.215
71554,12590.2188,3873.9209
71555,12639.5835,3946.6884
71556,12597.6804,2834.8449
71557,12617.7169,2830.6502
71558,12617.8469,3626.7468
71559,12599.8821,2815.6254
71560,12585.527,3503.3153
71561,12591.7587,4024.1993
71562,12629.9011,3627.652
71563,12584.8922,4115.8994
71564,12584.6908,3335.5283
71565,12611.1042,3087.56
71566,12578.0172,3514.4426
71567,12593.3027,3680.5275
71568,12584.7403,3496.9967
71569,12632.1492,2698.0218
71570,12571.7987,3007.2618
71571,12588.0397,3042.0196
71572,12620.8982,3589.732
71573,12605.4001,2917.4092
71574,12629.5989,3696.9439
71575,12567.2293,3324.4225
71576,12609.2101,3320.4832
71577,12581.9027,3518.857
71578,12579.9135,3775.2284
71579,12575.0593,3282.2168
71580,12598.3336,3911.703
71581,12609.0641,3679.1266
71582,12592.8125,3737.2323
71583,12571.7482,4017.1886
71584,12566.4737,3703.7292
71585,12567.5858,4125.3482
71586,12614.9789,3554.5239
71587,12581.4292,3694.8436
71588,12611.2708,3400.1938
71589,12604.2359,2963.2445
71590,12573.3042,3852.0406
71591,12610.9119,2682.6972
71592,12561.1789,3530.5025
71593,12583.6466,2579.8818
71594,12597.5061,3875.2659
71595,12594.3904,2610.2471
71596,12592.4245,4060.2757
71597,12581.3224,3520.7808
71598,12563.5441,3031.2739
71599,12591.6266,3558.457
71600,12576.0625,3022.1062
71601,12587.3899,2935.6613
71602,12600.0106,3781.5975
71603,12610.8936,3359.188
71604,12559.8794,3506.9396
71605,12610.0732,3430.0043
71606,12589.2108,2903.8485
71607,12558.6777,3031.889
71608,12600.7194,3690.1655
71609,12607.0377,3614.9147
71610,12546.4743,2713.2151
71611,12586.2704,3220.7991
71612,12554.6651,2612.9294
71613,12577.5871,3613.2996
71614,12564.7338,2692.4777
71615,12578.9661,3693.4636
71616,12595.2827,3774.8487
71617,12590.5413,2978.6445
71618,12602.6475,3469.7972
71619,12589.4923,3907.0767
71620,12556.1329,3935.7225
71621,12552.9851,2718.684
71622,12549.9536,3514.8089
71623,12583.6112,2845.8
71624,12576.8205,3965.7699
71625,12547.9962,2865.7995
71626,12568.7555,2554.3916
71627,12551.052,2754.7077
71628,12537.3536,3841.807
71629,12541.5664,2840.8604
71630,12550.777,2700.543
71631,12594.7533,4030.0214
71632,12567.8285,3163.2438
71633,12564.082,3767.8935
71634,12535.6634,3104.7605
71635,12555.4005,3746.7387
71636,12583.8038,3412.3937
71637,12541.7463,3740.4191
71638,12590.3332,3118.2135
71639,12537.0189,3836.2828
71640,12575.337,3721.4571
71641,12554.5234,3188.3896
71642,12579.4461,3580.373
71643,12543.1666,3426.7383
71644,12561.6865,3293.5792
71645,12556.8769,3850.0212
71646,12534.9638,3791.5694
71647,12529.2034,3266.09
71648,12536.4566,2755.8116
71649,12532.1217,4074.4523
71650,12529.0761,3507.9253
71651,12572.4983,3107.8802
71652,12549.753,3639.7404
71653,12545.7975,3228.0499
71654,12577.3981,4012.1524
71655,12580.0341,4019.9229
71656,12550.9009,2567.7411
71657,12540.663,3306.4168
71658,12562.9308,3032.1901
71659,12535.8322,2984.5883
71660,12545.6273,3387.5028
71661,12574.9188,3820.2534
71662,12544.1702,3239.2338
71663,12524.9789,3435.8046
71664,12546.3752,2675.1114
71665,12574.7946,3597.719
71666,12535.3281,4091.3748
71667,12551.0144,3795.1974
71668,12513.7707,2995.3734
71669,12532.8878,2777.0364
71670,12526.5579,3410.146
71671,12531.7017,3304.5859
71672,12520.1053,2695.1843
71673,12526.1204,3936.2711
71674,12537.7058,3215.9696
71675,12543.1787,2590.528
71676,12566.9114,3532.2518
71677,12543.1981,4085.5967
71678,12512.5991,3942.9754
71679,12563.2616,3312.6419
71680,12544.3374,3896.9871
71681,12531.5155,4099.0788
71682,12542.6783,3991.5623
71683,12519.3781,3936.382
71684,12518.1477,3878.0551
71685,12512.0022,2749.0367
71686,12553.7116,3635.4579
71687,12501.7168,2738.7625
71688,12513.9757,3222.9403
71689,12513.8236,3429.4275
71690,12556.7434,3794.8678
71691,12560.1321,3894.3333
71692,12499.4168,2816.7595
71693,12543.1653,2587.8215
71694,12549.3433,3015.1465
71695,12518.7318,3631.537
71696,12541.2707,2790.9969
71697,12530.0146,3576.8164
71698,12499.0494,3433.0022
71699,12525.9904,3488.4975
71700,12494.5743,2611.3462
71701,12527.1866,4073.4995
71702,12514.6816,3400.3813
71703,12551.5089,3594.6174
71704,12514.7079,3155.1519
71705,12512.0215,2591.8332
71706,12542.8725,4046.1697
71707,12525.6545,2837.8783
71708,12502.3182,2817.7361
71709,12519.8128,3992.9391
71710,12528.0249,2852.639
71711,12489.819,2954.0351
71712,12519.4617,3111.8871
71713,12491.5081,3748.0197
71714,12522.3491,3265.3186
71715,12547.7673,3827.0478
71716,12507.1119,3063.5744
71717,12531.836,2609.5514
71718,12510.3538,3268.7534
71719,12539.8937,3706.1173
71720,12540.2296,3459.9633
71721,12531.81,3966.2847
71722,12542.5276,4008.0496
71723,12521.104,4071.3207
71724,12504.9376,3139.4883
71725,12483.3868,3741.6658
71726,12541.7019,3640.7012
71727,12517.5679,3165.136
71728,12524.4713,3106.6021
71729,12483.5851,3265.9717
71730,12490.3839,3105.9229
71731,12481.2969,2920.1899
71732,12481.8958,2762.0114
71733,12522.1255,2604.5736
71734,12512.1473,3849.6087
71735,12476.1031,3629.5689
71736,12529.8951,3339.6517
71737,12505.102,2935.1338
71738,12532.3181,3028.8029
71739,12484.9163,2547.0956
71740,12499.1109,4052.3074
71741,12502.8344,2611.5057
71742,12478.2553,2698.2515
71743,12480.4409,3864.3423
71744,12474.0635,3318.5052
71745,12474.717,2625.7681
71746,12516.8336,4069.5113
71747,12478.7573,3202.7714
71748,12513.8,3748.2188
71749,12516.6168,3829.2408
71750,12504.7458,3618.3599
71751,12477.1466,3235.4538
71752,12512.1642,3357.2673
71753,12509.3252,4102.3151
71754,12469.9444,3991.0054
71755,12521.2572,3431.1278
71756,12476.3532,2574.801
71757,12486.3018,2628.277
71758,12490.2625,3798.04
71759,12491.6754,3576.5624
71760,12524.8948,3734.3337
71761,12481.0696,3713.3679
71762,12519.0539,3425.3929
71763,12490.1368,3181.1447
71764,12492.2971,3340.3702
71765,12505.7222,3403.5341
71766,12476.0917,3597.6043
71767,12489.8425,3521.2533
71768,12510.7807,2662.8883
71769,12516.7054,4109.3746
71770,12484.5573,3567.991
71771,12472.3069,3106.6997
71772,12504.7063,3157.3311
71773,12457.0506,3323.4826
71774,12463.6523,2988.4018
71775,12488.6955,3311.811
71776,12504.109,3382.453
71777,12474.6829,3936.2199
71778,12472.5875,3067.2988
71779,12464.6272,3378.4111
71780,12505.0785,3409.825
71781,12495.9456,2571.1613
71782,12491.7859,3951.4108
71783,12464.9158,2608.9691
71784,12481.1742,3743.5118
71785,12469.591,3133.8363
71786,12501.637,3978.6624
71787,12489.6164,3485.8102
71788,12458.5008,2623.7946
71789,12450.7995,3657.6812
71790,12454.4202,2703.5265
71791,12490.8761,3385.9264
71792,12495.9297,2915.9063
71793,12448.0626,3137.9433
71794,12482.8139,3578.3749
71795,12461.6252,2700.9781
71796,12448.6969,3063.1826
71797,12503.9005,3904.0162
71798,12491.9502,3416.7928
71799,12448.3668,3521.4748
71800,12474.7713,3984.5372
71801,12492.8567,4046.2732
71802,12501.7714,3572.3625
71803,12472.4648,2590.3689
71804,12484.6998,4088.5726
71805,12442.7416,4059.2895
71806,12497.5191,3000.9039
71807,12490.1647,4002.9273
71808,12472.4601,3238.7574
71809,12500.0217,3240.4949
71810,12438.5493,2757.4646
71811,12453.7893,3431.2475
71812,12465.1987,3400.1787
71813,12446.5285,3103.4419
71814,12476.1951,3843.4368
71815,12475.3739,3042.9619
71816,12470.2828,3141.7113
71817,12480.1817,2648.6187
71818,12450.5736,3634.5241
71819,12482.928,2546.886
71820,12479.6037,2609.8068
71821,12451.7095,3052.8611
71822,12448.4047,3138.8167
71823,12474.1351,3793.5843
71824,12452.0687,3404.4534
71825,12464.784,3574.1032
71826,12471.8813,3908.7446
71827,12434.9219,4054.9011
71828,12449.2835,2736.5591
71829,12442.4396,3261.2449
71830,12434.2968,3457.4977
71831,12478.2696,2561.4813
71832,12456.8135,2724.193
71833,12435.2715,4005.7658
71834,12456.057,2685.0302
71835,12465.6068,3522.1804
71836,12428.3671,2544.189
71837,12457.6275,3643.2265
71838,12445.6171,4085.4028
71839,12427.3666,3723.1605
71840,12431.2881,3759.0098
71841,12434.7463,4067.6116
71842,12446.3845,3565.6767
71843,12427.6688,3582.9678
71844,12471.3413,2937.8982
71845,12448.473,3184.4966
71846,12425.7918,3510.0328
71847,12422.4524,3943.1419
71848,12429.9695,3340.2263
71849,12423.4956,3629.2788
71850,12449.4892,3823.1962
71851,12457.4398,2674.7373
71852,12448.682,3641.8954
71853,12427.8229,3444.9802
71854,12463.3688,2867.4772
71855,12446.9474,3213.5251
71856,12458.3547,4076.3691
71857,12434.0951,3778.0971
71858,12444.7301,4065.4983
71859,12440.884,3607.3007
71860,12440.4052,4045.5431
71861,12435.2409,4049.9251
71862,12433.5717,3278.8945
71863,12468.394,4018.4037
71864,12475.5697,3756.0332
71865,12434.5369,2718.9252
71866,12432.1157,3155.5591
71867,12464.1384,3058.6815
71868,12418.7043,3679.4201
71869,12425.614,3635.4317
71870,12467.6771,2638.1133
71871,12413.1557,2923.0665
71872,12430.7985,2545.6106
71873,12417.7778,3550.5051
71874,12470.9819,3076.72
71875,12466.1283,3831.4267
71876,12466.7357,3698.3007
71877,12452.6538,2921.1069
71878,12457.1847,2609.5785
71879,12410.326,3840.7117
71880,12408.3574,3947.0974
71881,12414.2098,3473.5598
71882,12427.7334,3698.7378
71883,12409.5018,3224.0698
71884,12427.3309,2942.5684
71885,12463.3376,3077.717
71886,12453.0507,2612.8649
71887,12454.0046,3755.0788
71888,12462.0844,3318.9035
71889,12414.1215,4025.8537
71890,12451.205,3316.5206
71891,12416.4106,2616.4471
71892,12447.8559,2597.0243
71893,12429.2268,2640.2418
71894,12426.2872,3950.4775
71895,12403.0512,3700.2996
71896,12449.5179,3044.5304
71897,12434.2644,3352.8631
71898,12462.2981,3124.6946
71899,12446.393,3805.376
71900,12446.2349,2909.8328
71901,12449.7149,3199.9341
71902,12419.7195,3828.8861
71903,12422.5876,3746.61
71904,12442.9655,2805.1715
71905,12408.4058,4055.9682
71906,12442.5032,3935.6103
71907,12456.9991,3799.1451
71908,12428.0143,3861.2371
71909,12447.0669,3587.6182
71910,12419.542,3225.3433
71911,12402.5974,2969.8449
71912,12408.2736,3834.9331
71913,12436.7169,2564.9662
71914,12419.9635,3076.9675
71915,12421.7771,3865.658
71916,12437.3193,2971.2404
71917,12438.9833,3913.8102
71918,12406.9045,3788.2222
71919,12418.8096,3448.7591
71920,12409.9142,4031.7737
71921,12403.7944,2659.4348
71922,12402.4894,3303.1118
71923,12425.9555,2898.9499
71924,12406.8262,4002.8184
71925,12413.8926,4018.8568
71926,12441.5187,4031.2384
71927,12452.7895,2789.0218
71928,12401.1286,3574.3349
71929,12443.8564,2793.2624
71930,12440.9209,3284.4256
71931,12443.3164,2590.8127
71932,12395.6045,3404.6706
71933,12436.4597,3990.1944
71934,12446.2265,3854.857
71935,12432.1693,3654.5651
71936,12402.41,2940.2518
71937,12392.2819,4062.5487
71938,12398.2028,3151.3469
71939,12419.0906,3910.5889
71940,12427.6246,2702.2141
71941,12440.3444,3628.0248
71942,12447.9635,3132.5668
71943,12417.5359,3658.3982
71944,12422.799,3970.2838
71945,12433.507,3142.5851
71946,12397.6945,3161.1278
71947,12390.551,2588.3993
71948,12431.0138,2554.3097
71949,12437.5687,2684.6984
71950,12400.0716,3004.8399
71951,12386.7715,2580.4098
71952,12392.846,2765.0295
71953,12440.2715,2640.516
71954,12425.9822,2785.1455
71955,12406.7415,3847.9797
71956,12426.6787,3671.4165
71957,12398.9992,2951.7402
71958,12438.7344,3337.2716
71959,12395.2816,3076.3772
71960,12385.2323,3956.4209
71961,12433.1927,3495.0588
71962,12398.4127,4073.7064
71963,12383.0581,3732.2317
71964,12414.6943,3851.5171
71965,12401.4795,3440.9158
71966,12418.0053,2988.3512
71967,12422.9731,2959.1576
71968,12379.877,3123.3377
71969,12387.7247,3451.1101
71970,12388.7495,3605.3106
71971,12412.1514,2888.7569
71972,12385.9536,3512.2163
71973,12405.9245,3319.912
71974,12385.6083,3434.8428
71975,12392.3252,3660.0904
71976,12409.104,3935.798
71977,12406.6371,3306.9485
71978,12397.0427,3230.6702
71979,12384.0844,3720.8008
71980,12401.164,3786.2605
71981,12416.6436,2555.5895
71982,12420.9631,3934.2938
71983,12374.1913,3977.2227
71984,12417.6711,3927.13
71985,12431.8408,3948.8311
71986,12406.2253,2748.1153
71987,12376.0451,3795.018
71988,12379.9051,2987.7805
71989,12415.0344,3052.9709
71990,12383.3092,3292.8087
71991,12420.1201,3651.1602
71992,12386.8282,3721.2883
71993,12395.1006,4065.6895
71994,12417.5293,3981.9147
71995,12426.1146,3481.1598
71996,12421.3913,3131.1247
71997,12402.2345,2537.6575
71998,12400.2675,2725.0047
71999,12412.8238,3545.0655
72000,12407.947,4052.4486
72001,12391.5915,3304.3338
72002,12416.404,3243.659
72003,12402.3306,3738.5484
72004,12398.7426,3004.8537
72005,12389.751,3479.6324
72006,12412.6348,3382.9236
72007,12407.9756,3152.07
72008,12422.8349,2985.277
72009,12384.6986,2987.491
72010,12390.8128,3985.5773
72011,12387.1955,3842.9604
72012,12405.7795,2814.3666
72013,12400.6292,2735.82
72014,12387.0915,3775.6562
72015,12380.2169,3693.6164
72016,12379.5085,2701.8252
72017,12383.606,3043.2108
72018,12384.0141,3210.4019
72019,12420.8931,3823.6303
72020,12372.4453,3528.9391
72021,12404.6462,3845.1803
72022,12371.5741,2798.2072
72023,12376.2603,3699.2087
72024,12410.0087,3032.0583
72025,12388.2128,3540.4172
72026,12375.9236,3142.3345
72027,12401.0108,2592.3121
72028,12416.9579,3998.6495
72029,12373.1861,3787.9218
72030,12390.4177,4036.2916
72031,12375.5101,2874.4385
72032,12394.626,3650.3974
72033,12417.1379,3667.3216
72034,12400.0642,4006.039
72035,12391.5516,3165.1371
72036,12365.3049,3685.4239
72037,12405.8948,2973.552
72038,12374.3085,2690.1318
72039,12420.539,3265.4326
72040,12394.9362,3789.4196
72041,12368.7219,3668.9075
72042,12377.0997,3769.1402
72043,12419.4962,2784.8627
72044,12409.3788,3479.1846
72045,12384.1899,2735.2765
72046,12408.1307,3005.8694
72047,12368.4782,3223.4734
72048,12388.0498,3561.574
72049,12383.9461,3524.7663
72050,12379.8953,3523.0451
72051,12378.8607,3808.9975
72052,12380.406,3205.2787
72053,12395.1597,2799.9681
72054,12379.3167,3230.9381
72055,12420.0151,4032.4618
72056,12383.7019,3103.9449
72057,12387.2544,2523.8174
72058,12407.1632,3083.1696
72059,12413.5254,2789.0969
72060,12376.7233,3678.3893
72061,12409.4146,3832.5967
72062,12380.376,3486.6119
72063,12373.1191,3543.5206
72064,12412.0722,2867.4224
72065,12367.3207,2559.1123
72066,12388.9018,4000.2973
72067,12359.1255,3328.5184
72068,12401.8757,3616.1738
72069,12407.6022,3513.9418
72070,12366.9522,3545.3386
72071,12379.9363,3664.3603
72072,12410.0002,3090.528
72073,12374.6224,2944.4545
72074,12376.0136,3663.266
72075,12403.2336,2792.6529
72076,12371.0381,3210.3234
72077,12371.8722,3838.3717
72078,12362.0833,3552.3207
72079,12355.379,3602.6982
72080,12409.7214,2651.1519
72081,12379.5095,3603.4029
72082,12396.8828,3048.8846
72083,12360.6927,3433.9351
72084,12378.018,2617.532
72085,12414.5276,3685.872
72086,12369.0706,4001.6818
72087,12402.0617,2929.4585
72088,12409.6821,3983.0727
72089,12381.4352,3969.9094
72090,12396.7391,2940.3094
72091,12403.6674,2743.3957
72092,12359.6886,3529.3679
72093,12366.4533,3603.4697
72094,12390.9385,2909.2585
72095,12407.7521,2955.3593
72096,12388.5008,2640.7197
72097,12382.5985,2770.2405
72098,12353.4076,3861.7475
72099,12393.3832,3047.0303
72100,12379.46,2765.7873
72101,12366.9463,3882.2834
72102,12407.1282,3843.3102
72103,12356.9947,2737.3312
72104,12413.1861,4019.1611
72105,12399.2128,2607.0009
72106,12377.114,3088.274
72107,12397.3848,2967.5908
72108,12393.8774,3498.3201
72109,12380.413,3781.3765
72110,12362.1245,3365.7446
72111,12374.123,3616.3739
72112,12354.1219,2942.0941
72113,12411.303,2705.44
72114,12380.137,3361.9092
72115,12368.3008,3108.2057
72116,12397.475,2538.0164
72117,12394.0639,3472.173
72118,12391.3564,3680.8227
72119,12354.6579,2649.8952
72120,12366.4079,3721.9346
72121,12390.1651,2979.8687
72122,12392.1183,2545.2617
72123,12357.6158,2550.1658
72124,12366.3246,3654.7079
72125,12401.4518,3543.2343
72126,12350.5972,3584.3085
72127,12390.0642,3249.686
72128,12390.2454,2771.0891
72129,12362.8049,3113.5035
72130,12407.8267,4033.2048
72131,12367.4503,3629.4509
72132,12364.8081,3741.1932
72133,12407.8966,2635.4991
72134,12360.7989,3621.4776
72135,12355.6399,2626.9917
72136,12356.8272,3039.2301
72137,12402.1814,4007.5542
72138,12354.2998,4048.1511
72139,12384.5171,3747.1968
72140,12392.6022,3373.7948
72141,12355.1898,3716.3133
72142,12367.9501,3497.2433
72143,12351.6957,3288.1964
72144,12356.3687,3566.1955
72145,12389.3749,3302.3803
72146,12363.5567,3893.1404
72147,12381.5264,2809.8751
72148,12361.9455,3864.2123
72149,12377.5811,3440.8635
72150,12406.6791,3718.0777
72151,12363.2925,3568.6507
72152,12356.4257,4025.6609
72153,12348.5927,3013.5314
72154,12409.462,2812.3991
72155,12373.8432,2602.342
72156,12404.5016,3824.9428
72157,12362.8643,3577.5242
72158,12353.6168,3792.5861
72159,12385.1321,3335.377
72160,12351.2368,3638.2242
72161,12400.7768,3986.6743
72162,12349.0587,3382.4219
72163,12381.5664,2600.1506
72164,12364.4686,2643.5617
72165,12403.8508,2933.143
72166,12378.6085,3458.2293
72167,12370.0387,3157.2357
72168,12402.3435,3625.6772
72169,12372.6928,2966.1953
72170,12351.1653,4005.0214
72171,12400.7674,3246.505
72172,12357.9382,3258.7693
72173,12364.5653,2529.3412
72174,12364.8227,3797.1409
72175,12377.5683,3896.8852
72176,12386.7638,3911.8656
72177,12362.8007,3502.357
72178,12364.1686,3852.4926
72179,12349.9804,3183.5895
72180,12400.1406,3312.6896
72181,12401.7696,2789.128
72182,12362.1377,3012.8105
72183,12371.2426,3881.4608
72184,12386.5242,3305.0478
72185,12364.5107,3413.7537
72186,12380.3587,2989.2394
72187,12375.6151,2904.65
72188,12363.0537,3040.3135
72189,12356.5961,3730.8289
72190,12347.7453,4013.2902
72191,12368.6012,3456.4389
72192,12395.3704,3925.1449
72193,12380.2209,3550.7311
72194,12396.414,3628.1176
72195,12400.6649,3252.6402
72196,12375.9437,3985.5697
72197,12367.7961,3611.037
72198,12364.0092,4031.2776
72199,12365.1736,3477.087
72200,12376.2642,3451.8448
72201,12392.4727,2935.2587
72202,12379.1688,2533.3791
72203,12380.4831,2751.5822
72204,12392.6079,2755.3108
72205,12374.7193,3403.2033
72206,12380.4283,3931.8542
72207,12406.0529,2998.8067
72208,12380.9551,4029.123
72209,12391.3317,3910.0334
72210,12371.2551,3124.4886
72211,12358.9,3356.162
72212,12356.8039,3146.4109
72213,12366.9903,3671.7927
72214,12389.9193,2587.6746
72215,12388.6278,3643.0498
72216,12393.5376,3573.9895
72217,12396.2216,3648.2402
72218,12362.6116,3217.7064
72219,12361.8555,3251.4373
72220,12371.7665,3312.7209
72221,12370.201,3165.454
72222,12373.6654,3675.8898
72223,12379.6366,3109.3819
72224,12349.895,3169.1281
72225,12375.9092,3552.3165
72226,12387.0208,3714.3009
72227,12367.8717,3884.5597
72228,12399.7077,3926.6986
72229,12387.8837,3470.643
72230,12359.7967,3160.6524
72231,12368.8219,2731.4357
72232,12408.9888,3577.0349
72233,12354.8482,3856.4945
72234,12361.7505,3467.4165
72235,12354.0528,3490.0341
72236,12362.0749,3621.1975
72237,12383.1124,2870.3314
72238,12387.2978,3644.2958
72239,12368.3329,3911.2507
72240,12371.7297,3265.0233
72241,12361.5831,2923.2926
72242,12379.4238,3326.9434
72243,12386.103,3371.1685
72244,12381.2116,3658.0384
72245,12349.794,2664.096
72246,12350.1189,3522.9545
72247,12373.6177,3474.9468
72248,12350.0173,4019.5431
72249,12358.2854,3403.5854
72250,12384.6437,2752.4029
72251,12366.2826,3537.6789
72252,12352.9768,4033.1023
72253,12365.7829,3544.0548
72254,12367.0157,3663.7824
72255,12352.6382,3809.9159
72256,12389.0316,2870.967
72257,12410.3062,2745.3222
72258,12391.2646,3212.6375
72259,12349.8811,3496.9546
72260,12398.7017,3569.5811
72261,12357.873,2955.4093
72262,12383.347,3989.3463
72263,12351.3526,3239.1294
72264,12354.9117,2611.2745
72265,12366.6164,2942.2204
72266,12385.7797,3541.2461
72267,12407.1741,3030.395
72268,12373.1698,2784.8665
72269,12349.3138,2567.0587
72270,12378.7526,2621.6433
72271,12356.1897,3013.145
72272,12371.2548,3568.5326
72273,12373.7627,2778.6973
72274,12354.7633,3970.0384
72275,12352.565,3453.2848
72276,12397.5751,2746.3405
72277,12356.7954,2675.1752
72278,12408.8276,3812.048
72279,12359.9027,3977.6174
72280,12350.3564,3634.9046
72281,12401.5382,3892.4391
72282,12405.7504,3728.4594
72283,12352.6259,3000.333
72284,12391.731,3392.0601
72285,12386.3728,3997.254
72286,12401.911,4051.2846
72287,12404.3824,2619.4872
72288,12354.1074,3416.6226
72289,12384.6999,3587.042
72290,12360.8703,3998.2104
72291,12373.925,2635.8978
72292,12353.5478,2919.5252
72293,12382.9039,3568.7373
72294,12374.1693,2553.6511
72295,12357.3303,2575.1396
72296,12400.6202,2841.2121
72297,12354.3429,2937.4834
72298,12361.6519,3035.8395
72299,12352.1031,2807.883
72300,12396.5077,2841.9333
72301,12362.2046,4061.4675
72302,12369.7951,3355.2997
72303,12374.9951,2705.9685
72304,12407.2413,3238.9039
72305,12353.9962,3591.2882
72306,12400.4918,4062.4383
72307,12402.3217,2877.206
72308,12407.4132,2551.2847
72309,12401.2207,3578.4696
72310,12375.5552,4009.8373
72311,12405.8391,3268.1121
72312,12409.0166,3630.3213
72313,12395.6681,3452.9315
72314,12379.3441,3423.3919
72315,12373.6211,3531.4064
72316,12362.4104,3546.9977
72317,12409.1665,3382.2644
72318,12372.8276,2513.4203
72319,12391.6114,2522.0831
72320,12384.905,3153.5259
72321,12386.5778,2582.4845
72322,12409.7644,2675.8159
72323,12371.2202,3157.0312
72324,12385.1842,3734.7016
72325,12355.7996,3624.145
72326,12358.3985,3961.0543
72327,12414.0264,3554.751
72328,12415.273,3941.3955
72329,12370.428,2636.102
72330,12379.4381,2661.4527
72331,12355.5029,2803.3125
72332,12412.9827,2677.589
72333,12369.0004,3272.4174
72334,12406.4819,3707.6755
72335,12377.1151,3223.9292
72336,12370.8417,3075.7843
72337,12367.1929,3440.8678
72338,12401.5458,4043.3453
72339,12380.5981,2937.0602
72340,12399.8739,2777.8377
72341,12413.6586,3353.826
72342,12378.472,3456.9592
72343,12405.2328,3027.8775
72344,12388.416,2918.0212
72345,12387.4493,3736.9501
72346,12372.5344,3547.8377
72347,12357.195,2724.4312
72348,12403.9869,3413.159
72349,12380.3369,3239.6175
72350,12372.9373,3288.8267
72351,12371.4899,3463.3677
72352,12357.967,3251.2581
72353,12383.4929,2799.6677
72354,12411.6504,3044.5455
72355,12404.9359,2700.4812
72356,12374.1275,3972.1572
72357,12371.594,3257.067
72358,12372.2257,3847.9682
72359,12363.8282,2783.9138
72360,12411.9359,2687.5532
72361,12383.78,3793.4919
72362,12369.3213,3162.9266
72363,12367.8809,2722.0006
72364,12415.015,3219.2706
72365,12371.1513,2867.4247
72366,12374.4732,3979.1505
72367,12408.8923,2814.6616
72368,12389.1006,3329.1008
72369,12378.5344,3561.6687
72370,12420.1704,3591.483
72371,12403.7373,3896.9435
72372,12381.3168,3205.8541
72373,12411.2773,3189.0823
72374,12419.4745,3966.1227
72375,12392.5392,3387.2948
72376,12403.8804,2806.8284
72377,12390.962,2937.1597
72378,12417.8257,3472.4529
72379,12417.796,3110.7542
72380,12375.7071,3165.0862
72381,12404.2906,2906.9291
72382,12406.709,4009.773
72383,12404.936,3046.81
72384,12369.59,4064.9768
72385,12409.0246,3346.247
72386,12367.5838,2615.5262
72387,12374.9278,3846.0215
72388,12412.2825,2767.6717
72389,12394.6324,3777.3888
72390,12382.7726,3408.4197
72391,12388.397,3918.8021
72392,12380.8659,2844.3049
72393,12407.2806,2617.6536
72394,12402.0711,3997.8455
72395,12372.9722,3091.0049
72396,12424.3189,3785.086
72397,12409.5352,3818.7973
72398,12415.4849,3479.8753
72399,12372.5362,3810.8779
72400,12400.5084,2680.4043
72401,12387.8358,3530.2497
72402,12394.8215,2632.2629
72403,12404.8691,3630.1987
72404,12384.1237,3503.6451
72405,12372.9917,3263.0326
72406,12385.9293,3477.6448
72407,12418.7925,3113.2463
72408,12367.8009,3215.948
72409,12402.4992,3175.9511
72410,12369.8092,4030.1581
72411,12396.2488,3692.8624
72412,12397.6849,2898.445
72413,12415.0753,3590.5924
72414,12378.4293,3023.3734
72415,12416.1079,3469.4827
72416,12419.8894,3065.5235
72417,12369.0394,2955.6419
72418,12399.8813,3413.6002
72419,12403.072,2639.0288
72420,12404.5741,3712.8714
72421,12383.3666,3638.8597
72422,12428.9455,3328.9719
72423,12396.8252,3626.529
72424,12420.8933,2625.9519
72425,12373.4999,3191.7165
72426,12380.623,4022.321
72427,12405.2979,3791.2169
72428,12427.4372,3514.0437
72429,12390.8295,2872.2853
72430,12384.9006,2540.2352
72431,12418.7418,3335.3625
72432,12396.9132,2709.3112
72433,12413.4488,3625.5975
72434,12428.4849,3673.4148
72435,12374.6571,3861.7056
72436,12405.229,3065.2114
72437,12372.0336,3634.7524
72438,12391.8864,2996.9213
72439,12412.2486,2563.7138
72440,12431.0082,3597.5467
72441,12376.9794,2538.9284
72442,12412.4342,4008.8967
72443,12394.818,2899.7032
72444,12380.6715,3979.6878
72445,12432.896,3463.7082
72446,12402.2933,3977.424
72447,12434.3483,3833.178
72448,12429.719,2556.1487
72449,12378.4789,2770.5065
72450,12375.8189,3254.0555
72451,12386.489,2599.7421
72452,12380.0399,3194.8552
72453,12432.8658,3643.6263
72454,12428.033,2994.221
72455,12435.3574,3987.0092
72456,12416.362,2671.2
72457,12378.1215,3225.1027
72458,12381.8105,2572.9798
72459,12382.4102,3873.9515
72460,12404.8751,2649.1657
72461,12397.04,3294.8585
72462,12437.3333,3319.7304
72463,12431.5213,3596.4407
72464,12401.1193,4009.6384
72465,12394.0419,2614.0059
72466,12416.845,3460.1983
72467,12388.0413,3523.974
72468,12407.5212,4023.1678
72469,12398.87,2847.8177
72470,12427.2737,2625.0187
72471,12420.8653,3562.9909
72472,12379.4755,2894.7039
72473,12382.4001,3692.6688
72474,12381.8838,2569.5405
72475,12439.6085,3737.9259
72476,12431.3013,3678.679
72477,12418.1622,2786.4644
72478,12398.0715,3310.338
72479,12414.7646,3921.5544
72480,12436.7999,3929.6621
72481,12436.5706,3509.6533
72482,12390.0804,2827.3342
72483,12392.4331,4012.0551
72484,12410.8425,3197.7919
72485,12437.8152,3007.2575
72486,12441.4799,2549.9253
72487,12399.2414,3097.8474
72488,12423.2022,3170.2711
72489,12414.7795,2566.994
72490,12430.6673,3160.0616
72491,12423.1214,4055.5959
72492,12422.8048,3809.521
72493,12422.6196,3152.823
72494,12385.0982,3452.1692
72495,12384.0388,3991.5871
72496,12426.8169,2864.8147
72497,12402.1761,2941.6502
72498,12400.5385,2804.424
72499,12432.5459,3844.5386
72500,12397.7549,3340.6023
72501,12408.5415,3003.4314
72502,12397.8481,3622.2147
72503,12421.0553,4041.3949
72504,12421.6403,3331.8256
72505,12398.9,3973.8573
72506,12390.9062,3558.9126
72507,12403.099,3357.1397
72508,12390.4496,2532.7595
72509,12440.1564,3503.2963
72510,12423.0271,3238.5972
72511,12443.7882,3708.9408
72512,12429.3861,3958.5818
72513,12390.3616,3012.273
72514,12388.2843,3783.9509
72515,12425.6,3922.6207
72516,12425.0285,3591.8964
72517,12389.3021,3615.9438
72518,12397.855,3176.5831
72519,12449.1954,3793.1116
72520,12434.2898,2705.3689
72521,12401.1151,3188.5362
72522,12445.0413,3916.171
72523,12398.0927,3521.8782
72524,12389.9331,3466.9555
72525,12420.5585,3877.5023
72526,12410.6426,2838.478
72527,12430.4788,3700.8894
72528,12423.3604,3472.4054
72529,12442.0931,2933.4739
72530,12441.5646,2989.8512
72531,12441.8259,2712.6439
72532,12393.634,3086.4101
72533,12414.7003,3207.1228
72534,12422.7973,3690.94
72535,12409.381,3172.2469
72536,12449.0838,3727.0375
72537,12448.1299,2614.8968
72538,12440.9921,3254.4772
72539,12435.4221,3838.6013
72540,12444.9396,2713.3967
72541,12404.255,3713.7319
72542,12438.5049,3694.1964
72543,12413.002,4079.8033
72544,12442.8924,3668.9751
72545,12429.4902,3850.5411
72546,12431.282,3112.0789
72547,12413.9061,3811.1588
72548,12408.5271,3892.0735
72549,12417.3704,2829.584
72550,12419.8619,3379.2643
72551,12412.3538,3163.3279
72552,12410.5519,2857.4823
72553,12426.9242,3440.074
72554,12396.3986,3281.8796
72555,12454.9719,3948.9498
72556,12445.6076,3800.6614
72557,12429.2117,3518.0467
72558,12418.1858,4034.3565
72559,12444.4569,3349.72
72560,12440.2527,3730.8417
72561,12442.4058,3887.3906
72562,12446.8805,4080.8114
72563,12438.4258,3631.0148
72564,12442.8199,3159.121
72565,12441.1536,3033.3499
72566,12418.8576,2969.3642
72567,12399.9935,3240.7533
72568,12449.9369,3548.5968
72569,12408.5366,3483.7613
72570,12428.6521,3445.8678
72571,12425.5684,3354.0631
72572,12420.2849,2924.4676
72573,12427.4584,3649.006
72574,12422.9324,2963.8729
72575,12435.1147,3421.3014
72576,12407.7923,3572.8931
72577,12403.9735,3489.4935
72578,12435.1215,3194.7138
72579,12448.4494,3041.4248
72580,12463.352,3656.659
72581,12458.0175,3689.3917
72582,12440.0506,3800.3781
72583,12438.7476,2774.7268
72584,12444.7805,3203.0152
72585,12437.2502,3420.7108
72586,12455.9309,3726.0102
72587,12450.1007,3566.6683
72588,12462.9617,3530.8802
72589,12404.1997,3027.477
72590,12417.4604,2923.1482
72591,12407.4239,2995.0539
72592,12465.7353,3348.3748
72593,12460.294,3601.9645
72594,12433.5033,3738.9721
72595,12423.8174,2543.6913
72596,12420.4054,2922.7306
72597,12451.8339,2608.6622
72598,12464.7033,2728.0577
72599,12452.8117,2759.9126
72600,12437.7783,3099.9923
72601,12441.436,3967.9312
72602,12451.1476,3787.3129
72603,12445.4224,2941.6354
72604,12412.251,3663.0626
72605,12425.0588,3526.3659
72606,12414.2595,3013.0208
72607,12430.4944,3663.965
72608,12425.9446,3373.8097
72609,12419.8287,3861.5091
72610,12436.8703,3260.0065
72611,12418.6766,2738.5402
72612,12415.8002,3010.4565
72613,12445.972,2899.6189
72614,12427.9077,2645.7824
72615,12427.0342,2912.3395
72616,12467.9338,3654.9551
72617,12454.4779,2917.3095
72618,12453.3087,3916.1016
72619,12435.0224,3107.9342
72620,12416.0479,3914.1013
72621,12435.5347,4018.3818
72622,12464.4657,2753.7148
72623,12449.6093,3391.2688
72624,12457.8848,3584.9326
72625,12416.1061,3023.182
72626,12455.9009,2644.922
72627,12426.3247,2826.2493
72628,12456.2871,2576.4817
72629,12441.262,3688.6034
72630,12452.5236,2838.5669
72631,12419.611,3035.7633
72632,12439.6367,3198.1164
72633,12441.0951,3509.8066
72634,12446.0098,3169.8376
72635,12464.9806,3885.7409
72636,12469.5731,3841.7807
72637,12429.2493,3145.5702
72638,12467.445,3786.4762
72639,12427.149,3124.2525
72640,12477.6984,2542.9193
72641,12477.9275,3944.509
72642,12474.5975,3207.9498
72643,12447.0625,2641.8287
72644,12449.697,2954.2584
72645,12444.9255,2939.4914
72646,12454.4469,3809.1951
72647,12477.0457,3537.6596
72648,12472.4378,2670.3724
72649,12477.0537,2796.9378
72650,12451.9776,2965.7819
72651,12431.0283,3747.4873
72652,12459.1113,3447.8485
72653,12438.734,4004.0634
72654,12422.1006,3429.9217
72655,12452.2909,2555.3307
72656,12454.7647,2887.0705
72657,12439.656,2779.7938
72658,12462.6643,3784.0989
72659,12434.2653,3366.9489
72660,12427.9387,3659.192
72661,12474.0207,3239.615
72662,12442.4452,3280.3689
72663,12454.704,3449.2287
72664,12474.0852,2836.4942
72665,12453.9661,3875.6724
72666,12459.8743,2689.9188
72667,12479.7578,3983.7562
72668,12428.896,2889.3283
72669,12435.7358,3025.9567
72670,12480.8612,3444.4886
72671,12446.9895,3401.9824
72672,12438.4458,2698.0314
72673,12473.856,2810.2521
72674,12440.8221,3324.2781
72675,12465.1513,2738.9222
72676,12441.6096,4009.1466
72677,12485.0339,3564.4621
72678,12429.9467,2636.3799
72679,12476.2845,2776.4415
72680,12463.5542,3144.8036
72681,12487.3528,2966.9987
72682,12441.0667,3576.313
72683,12452.4701,3262.4289
72684,12488.582,3271.9412
72685,12453.1165,3314.5565
72686,12486.542,3279.0046
72687,12474.0289,3256.79
72688,12446.8236,3533.802
72689,12446.934,4029.8218
72690,12482.1672,3700.0599
72691,12467.4848,2730.6007
72692,12455.3011,4040.8149
72693,12435.534,2664.7782
72694,12484.9761,3159.3269
72695,12471.4795,3403.2562
72696,12455.9526,3830.5477
72697,12486.3826,3447.9747
72698,12482.2994,2955.0802
72699,12439.6496,3842.7521
72700,12444.5173,3622.4577
72701,12471.2891,3103.1739
72702,12475.386,2976.1006
72703,12481.0015,4034.4692
72704,12486.4084,3453.68
72705,12468.7489,3861.729
72706,12454.2891,2934.5539
72707,12482.3913,3556.6575
72708,12471.1456,2911.0544
72709,12452.7811,2888.4284
72710,12436.9769,2748.546
72711,12455.4108,2655.1718
72712,12472.9126,3463.1642
72713,12453.7347,3944.3212
72714,12482.037,3841.7543
72715,12466.6789,3088.5983
72716,12486.058,3345.8174
72717,12481.2354,3230.1047
72718,12442.4706,3872.6906
72719,12463.6701,3464.6933
72720,12484.6574,3324.8628
72721,12448.574,3778.2075
72722,12456.1028,3141.9603
72723,12440.4153,3495.3762
72724,12497.7487,2979.1494
72725,12444.1089,2670.0054
72726,12468.2956,3576.8241
72727,12484.7869,2694.7633
72728,12449.2765,2952.843
72729,12455.3601,3733.7651
72730,12482.0915,3788.9554
72731,12469.374,2820.1158
72732,12495.4803,2576.194
72733,12480.1589,2823.7005
72734,12475.7293,3114.9938
72735,12443.6559,3778.6431
72736,12464.9566,3538.5602
72737,12488.2052,2900.6291
72738,12443.3726,3840.5553
72739,12498.9725,2570.5992
72740,12466.5048,3132.8611
72741,12452.6734,3480.583
72742,12490.3935,2545.3611
72743,12445.625,3690.2639
72744,12493.2229,3541.8331
72745,12493.0595,3058.525
72746,12478.9278,2717.3888
72747,12489.3014,3111.713
72748,12479.9634,3373.5763
72749,12462.2643,2844.1946
72750,12461.6417,3822.9238
72751,12455.5703,2536.6695
72752,12443.8789,2946.7321
72753,12446.491,3771.0308
72754,12475.4054,2922.8214
72755,12482.1321,3970.2588
72756,12494.5849,2834.7803
72757,12469.6016,3632.2052
72758,12498.1354,2772.1366
72759,12446.1043,3456.2584
72760,12465.2821,4066.8994
72761,12487.8474,4047.5556
72762,12491.9651,3665.9759
72763,12474.0885,3600.2433
72764,12461.4605,3368.3847
72765,12472.6762,3161.6137
72766,12466.349,2745.3988
72767,12505.3212,2922.7305
72768,12489.6895,3407.7428
72769,12504.6064,3379.1484
72770,12463.1629,3873.8361
72771,12490.423,3853.8106
72772,12472.5994,3300.1077
72773,12477.8502,3665.1802
72774,12480.9819,3692.2456
72775,12456.0845,2611.9204
72776,12464.3821,3722.5011
72777,12505.6332,3331.4605
72778,12452.8595,3912.7836
72779,12488.5277,3666.1596
72780,12475.5769,3798.4494
72781,12459.0771,2997.4758
72782,12482.4373,2733.257
72783,12483.8692,2722.6456
72784,12508.4241,3545.0612
72785,12504.145,4066.1402
72786,12495.2255,4012.5061
72787,12493.0976,3976.8676
72788,12491.8651,3882.1556
72789,12467.6465,3292.5368
72790,12479.938,2716.9583
72791,12500.4506,3789.3844
72792,12491.2135,3381.431
72793,12485.7723,2791.583
72794,12496.9737,3341.0029
72795,12468.8816,3893.3129
72796,12455.9613,3605.2596
72797,12479.4349,3745.8234
72798,12490.1568,3622.1187
72799,12513.9619,2870.4515
72800,12467.3316,2800.9294
72801,12460.6495,3534.6774
72802,12493.8402,2668.5172
72803,12486.9527,3060.8406
72804,12468.3742,2582.7257
72805,12466.2815,3185.3386
72806,12460.7002,3842.6359
72807,12465.4897,3956.4197
72808,12516.6007,3140.7765
72809,12494.4884,3380.3357
72810,12473.7623,2793.991
72811,12490.4504,2681.6856
72812,12460.6705,2633.3602
72813,12494.7395,2740.8986
72814,12460.6245,2905.0476
72815,12482.7948,3673.2946
72816,12509.8083,3532.4965
72817,12498.9963,3982.8451
72818,12486.6041,3592.247
72819,12492.7038,2905.3632
72820,12515.5424,3433.1887
72821,12503.1945,2732.319
72822,12483.889,2861.6456
72823,12506.4935,3884.9721
72824,12494.4577,2754.3138
72825,12467.1852,3677.918
72826,12492.3285,3091.4077
72827,12469.5688,2587.9744
72828,12514.2329,2774.063
72829,12503.2617,3630.3037
72830,12521.5479,3399.7697
72831,12519.0389,3319.9133
72832,12518.6313,2828.2732
72833,12462.7438,3847.3821
72834,12507.0513,3521.5825
72835,12483.5602,3737.7247
72836,12491.4315,2716.8683
72837,12497.8998,3828.2633
72838,12515.5544,3653.8635
72839,12496.4128,2684.5142
72840,12478.6101,3115.124
72841,12516.4102,3364.7951
72842,12478.3172,3777.3301
72843,12485.6305,2767.326
72844,12491.4766,3506.4922
72845,12515.2049,3997.6479
72846,12465.955,2936.0437
72847,12508.4326,2971.3179
72848,12484.6623,2778.5172
72849,12471.0651,3607.1933
72850,12508.2391,3227.0172
72851,12512.1958,3652.1276
72852,12487.2473,3348.2538
72853,12523.3001,3959.4972
72854,12468.3186,3711.7374
72855,12516.097,3002.1814
72856,12521.9301,2954.4099
72857,12475.2799,3203.6011
72858,12499.1938,3218.7423
72859,12487.3951,3661.3201
72860,12469.182,4028.0336
72861,12506.861,3130.8926
72862,12496.153,4085.4324
72863,12524.2052,3100.3489
72864,12512.0637,3771.6319
72865,12519.2114,2678.8868
72866,12507.7929,3706.695
72867,12527.8344,3619.3768
72868,12489.7686,3398.2351
72869,12508.9557,3030.9273
72870,12488.749,2606.865
72871,12482.4688,3703.5601
72872,12497.3844,2643.4707
72873,12489.7404,3499.4501
72874,12500.3519,3692.0286
72875,12510.3918,3805.0463
72876,12516.4198,3792.8532
72877,12523.2134,2822.1702
72878,12507.885,3339.117
72879,12482.9883,2660.1745
72880,12503.9704,3571.7639
72881,12474.8363,3667.9235
72882,12501.1787,3992.2706
72883,12500.6859,2975.0547
72884,12491.882,4102.0102
72885,12518.3368,3884.8373
72886,12476.511,4012.4701
72887,12533.7872,3935.066
72888,12531.6961,3488.3489
72889,12504.8257,3094.5722
72890,12511.0099,3369.8131
72891,12476.8908,3220.5885
72892,12488.8266,3781.942
72893,12512.2774,3156.6013
72894,12503.5989,3048.3384
72895,12515.4556,3565.6301
72896,12486.4635,3175.6353
72897,12533.6448,3772.6616
72898,12528.399,3991.1451
72899,12501.6983,2988.5443
72900,12482.9847,3988.5973
72901,12532.5796,4081.1522
72902,12491.8518,3174.9942
72903,12482.0996,2765.6868
72904,12539.598,3002.5076
72905,12511.6408,3758.0226
72906,12499.9012,3698.0675
72907,12510.8586,3648.6544
72908,12501.3041,3068.6562
72909,12540.0081,3358.5944
72910,12492.6788,3335.4542
72911,12517.1876,3885.6671
72912,12524.9474,3213.2201
72913,12480.7363,4042.1494
72914,12535.2775,3649.579
72915,12481.0532,3383.1126
72916,12498.3465,4060.3065
72917,12500.8694,2843.0559
72918,12495.4904,3539.5501
72919,12488.8539,3686.4148
72920,12501.3866,2674.4691
72921,12506.9434,2852.1639
72922,12493.6471,2741.4859
72923,12536.4493,3640.5198
72924,12539.8917,2558.4991
72925,12519.5648,3814.2874
72926,12486.7198,3929.4509
72927,12514.9694,3077.3086
72928,12483.4557,2809.7645
72929,12517.5103,2746.7574
72930,12500.2618,3806.289
72931,12529.7274,2887.9499
72932,12499.8908,3832.175
72933,12492.4292,3928.0754
72934,12516.1124,2554.2949
72935,12506.246,3586.1752
72936,12528.4527,2873.4852
72937,12524.1105,3702.3811
72938,12505.4596,3348.2312
72939,12495.505,2677.2024
72940,12507.0636,2853.1851
72941,12521.5268,3764.8549
72942,12540.7468,2801.2985
72943,12516.3774,3583.0632
72944,12522.3736,3163.9499
72945,12533.7541,2937.2274
72946,12532.828,2643.3026
72947,12508.6405,4081.962
72948,12523.1717,2564.127
72949,12533.8726,2860.6469
72950,12498.3807,3301.8749
72951,12517.2736,3396.6377
72952,12495.4693,4022.6374
72953,12526.8411,2703.4657
72954,12542.834,2558.4691
72955,12538.585,3842.9309
72956,12541.4854,3545.5031
72957,12506.5453,2572.7287
72958,12531.7464,2903.2665
72959,12510.2629,3203.0947
72960,12532.2057,3677.6258
72961,12548.6325,3588.4344
72962,12545.5417,3487.9525
72963,12495.3125,3348.6661
72964,12496.2613,2815.8775
72965,12494.75,3834.4633
72966,12513.2481,2779.5389
72967,12493.7824,2878.6517
72968,12548.567,3518.0864
72969,12532.6909,3677.4591
72970,12521.4224,3317.0594
72971,12543.6504,3139.2821
72972,12519.1026,3879.6649
72973,12520.5405,2980.8777
72974,12544.1857,2555.1181
72975,12510.6874,3406.6355
72976,12538.4833,3069.4678
72977,12503.8829,3645.5316
72978,12496.9337,4058.0783
72979,12546.2526,4100.8332
72980,12528.6955,3069.3037
72981,12501.7909,2800.7576
72982,12534.1629,3452.0674
72983,12497.9065,2787.528
72984,12542.8368,3083.144
72985,12516.371,2632.9281
72986,12520.837,3475.7623
72987,12493.0128,2597.8769
72988,12543.3243,4052.9422
72989,12539.4922,3046.8995
72990,12553.5301,3787.8147
72991,12518.0758,3273.0405
72992,12525.4072,4003.5379
72993,12551.2658,3800.8234
72994,12526.6463,2677.7963
72995,12508.7564,3816.1554
72996,12497.1712,3762.3003
72997,12528.7169,3058.2334
72998,12497.4875,3806.5085
72999,12528.7386,3368.662
73000,12534.3602,3079.9424
73001,12519.2234,2739.9487
73002,12523.7763,3389.3458
73003,12501.8799,2748.1541
73004,12528.5405,3652.1869
73005,12518.7585,2800.2613
73006,12536.4893,3395.7735
73007,12495.6552,3976.0616
73008,12526.0559,3056.1716
73009,12513.5166,3885.9821
73010,12524.8283,2903.5718
73011,12540.3405,3730.3392
73012,12553.9745,3868.4063
73013,12519.3931,3993.3351
73014,12534.4597,3770.5838
73015,12532.7001,2637.1192
73016,12532.5238,3542.0224
73017,12505.0428,3405.8235
73018,12496.058,4062.8344
73019,12505.1701,3718.285
73020,12526.3256,3829.8582
73021,12515.6556,3794.6727
73022,12543.7356,2587.306
73023,12527.7056,2647.9096
73024,12510.449,3197.7676
73025,12556.4748,4115.1875
73026,12510.6868,2571.1954
73027,12500.7397,3526.7424
73028,12541.9787,3402.2123
73029,12522.5815,2796.4031
73030,12559.1589,3329.8656
73031,12517.2635,3597.6902
73032,12511.0022,2691.0335
73033,12526.8045,3408.3756
73034,12500.4882,3859.6693
73035,12501.3972,2843.2417
73036,12518.7737,3086.5891
73037,12528.7474,3031.8379
73038,12521.9258,3836.7712
73039,12533.9943,3120.4649
73040,12549.3777,3935.8502
73041,12525.6643,3337.6741
73042,12541.7526,2729.6596
73043,12522.1315,3392.0245
73044,12512.2785,2997.9603
73045,12541.9221,3641.1211
73046,12530.7679,2717.2573
73047,12559.9468,2657.2132
73048,12532.0106,3321.5677
73049,12508.853,3481.4654
73050,12552.3143,3092.4216
73051,12516.3852,2788.5051
73052,12509.6605,3206.1397
73053,12536.841,3582.6759
73054,12544.3321,2634.2001
73055,12550.194,3447.1198
73056,12526.6351,3090.9627
73057,12556.1231,4065.5259
73058,12531.7997,2616.0047
73059,12553.3459,3515.1062
73060,12531.5612,2731.4052
73061,12506.7779,3385.146
73062,12536.5545,2999.489
73063,12542.7408,4055.4452
73064,12517.5458,4064.2389
73065,12509.947,3975.3441
73066,12535.0917,3017.1976
73067,12560.4256,3658.1493
73068,12564.304,3827.8413
73069,12560.1891,3908.3538
73070,12509.2616,3483.2042
73071,12563.8681,3719.4872
73072,12553.0527,2756.813
73073,12526.6213,3660.9696
73074,12555.1605,2646.4253
73075,12541.5261,3583.8842
73076,12545.6826,3153.0266
73077,12542.5599,3442.9004
73078,12552.4455,3881.5389
73079,12560.2285,4025.7326
73080,12536.4802,3474.4173
73081,12505.9703,2953.1332
73082,12507.92,3371.8107
73083,12516.7175,3844.9821
73084,12543.7615,2879.1417
73085,12519.8757,3302.881
73086,12534.2553,3078.7699
73087,12552.242,2786.8158
73088,12545.6785,2725.3293
73089,12538.6187,3626.2561
73090,12561.1615,3037.2902
73091,12519.9479,3775.5316
73092,12537.1855,2935.715
73093,12551.4424,2910.8246
73094,12532.0452,4081.2753
73095,12525.5857,3975.3983
73096,12566.812,2679.2217
73097,12564.6901,3260.9532
73098,12524.9201,3599.9112
73099,12536.2176,3408.7642
73100,12557.1267,2736.1765
73101,12512.0277,2650.0201
73102,12546.2714,3850.6501
73103,12548.1634,3626.3134
73104,12520.9666,2983.5461
73105,12510.2331,3981.4298
73106,12553.9656,2986.8217
73107,12519.045,3983.8048
73108,12515.0412,3320.8874
73109,12508.2081,2778.5317
73110,12567.4429,3775.3655
73111,12557.3435,3884.7981
73112,12539.7712,3644.502
73113,12506.8945,3468.1495
73114,12544.0951,2643.7431
73115,12521.3457,3468.1098
73116,12508.0428,3700.6309
73117,12510.8799,3464.8861
73118,12560.3754,3486.5686
73119,12535.2887,4109.8692
73120,12553.4757,2665.8871
73121,12518.258,3095.7647
73122,12558.9422,3704.9548
73123,12537.2393,3776.8968
73124,12522.0765,3370.6414
73125,12569.428,3843.1659
73126,12544.0332,3767.0587
73127,12558.7991,4113.8288
73128,12544.548,3686.9244
73129,12561.9271,3742.9536
73130,12565.6178,2849.6744
73131,12565.7929,3187.5993
73132,12538.8429,3127.6507
73133,12569.637,3074.6193
73134,12531.6665,2671.9817
73135,12567.9276,3052.457
73136,12535.5827,3388.4875
73137,12510.6729,3920.5842
73138,12516.1091,3045.1851
73139,12528.8065,4048.006
73140,12529.7478,4104.6996
73141,12543.3877,2784.3944
73142,12564.2787,3361.4558
73143,12555.0188,2649.3907
73144,12532.5511,3205.488
73145,12546.9012,3484.3966
73146,12571.1296,3526.3765
73147,12562.4361,3496.9953
73148,12556.5582,2788.4755
73149,12558.9966,3774.4781
73150,12522.0879,3318.7124
73151,12545.2184,3494.894
73152,12537.0692,2755.3601
73153,12512.5406,4051.8318
73154,12546.7508,2906.873
73155,12571.3263,3454.1444
73156,12570.495,3837.5257
73157,12559.1216,3691.0045
73158,12533.421,2651.7874
73159,12512.2054,3132.69
73160,12529.1051,2977.1371
73161,12566.6915,3074.6703
73162,12566.3088,2985.7413
73163,12525.8643,2875.7927
73164,12537.8962,3060.5283
73165,12558.6181,3552.513
73166,12532.1657,3211.7977
73167,12520.2419,3863.7505
73168,12527.3229,3136.5656
73169,12547.222,2629.0046
73170,12564.3033,3673.8101
73171,12534.6823,2927.5435
73172,12531.5337,3602.9116
73173,12555.7501,2979.9881
73174,12551.9466,2877.0662
73175,12524.1682,3116.7271
73176,12556.34,3358.7026
73177,12521.4262,3345.5813
73178,12514.584,3701.9782
73179,12564.061,3977.3337
73180,12521.1617,2906.8908
73181,12534.688,3309.1778
73182,12570.3525,3116.588
73183,12553.8098,3431.4204
73184,12563.8658,3229.7016
73185,12523.9431,3299.8073
73186,12520.7327,4062.5281
73187,12549.9581,3911.5499
73188,12549.3654,3707.1474
73189,12523.786,2916.3781
73190,12572.8697,3635.6349
73191,12568.2342,3435.3097
73192,12549.7133,3431.3471
73193,12569.1795,2654.4489
73194,12572.687,3787.078
73195,12533.9762,2979.7055
73196,12518.5285,3646.1821
73197,12571.9765,3325.7421
73198,12566.3901,3560.5367
73199,12556.4141,2965.0315
73200,12527.4912,2799.4332
73201,12564.7588,3684.9178
73202,12520.4682,3236.5371
73203,12552.1772,2702.8481
73204,12522.0441,3308.6311
73205,12526.8791,3303.3282
73206,12543.9585,3895.7773
73207,12535.8426,2691.5174
73208,12550.5025,4102.7697
73209,12550.7143,2680.4585
73210,12528.5439,4010.7108
73211,12556.532,3476.5489
73212,12551.8002,3372.8746
73213,12553.9415,3869.3818
73214,12524.5625,2997.4652
73215,12569.1549,3419.3323
73216,12528.9184,2617.4499
73217,12532.3358,3641.6966
73218,12554.0022,3089.3822
73219,12544.649,3623.2168
73220,12549.4509,3213.1379
73221,12538.4817,3079.1998
73222,12549.9603,3847.6104
73223,12570.3616,3162.5095
73224,12530.0968,3483.3118
73225,12563.3019,3221.8095
73226,12543.6983,3681.8489
73227,12562.7406,3724.9484
73228,12544.839,2795.7332
73229,12559.6881,3810.4936
73230,12524.4771,3264.5279
73231,12552.2889,3116.5125
73232,12539.7701,3931.7066
73233,12533.5979,2871.0299
73234,12535.4692,2719.1342
73235,12547.1813,2814.7408
73236,12528.0858,3811.7678
73237,12525.4635,3799.1293
73238,12572.2411,2615.3691
73239,12573.1453,2811.6004
73240,12553.5429,3287.1592
73241,12558.238,3576.9244
73242,12517.8411,4100.3792
73243,12546.161,3211.0159
73244,12563.7081,2924.2643
73245,12531.9169,3545.6865
73246,12542.9102,2709.3312
73247,12568.3873,3212.105
73248,12522.0844,2580.4887
73249,12558.5603,3219.9883
73250,12556.3171,2879.6848
73251,12527.1443,2561.0577
73252,12553.36,4124.007
73253,12574.2976,3350.6868
73254,12517.8403,3463.9804
73255,12557.5124,4039.8923
73256,12532.5684,2840.03
73257,12533.4572,3891.7183
73258,12527.8432,2550.6198
73259,12528.6957,3995.7399
73260,12527.335,3205.4793
73261,12571.021,3516.1213
73262,12550.7799,3566.2361
73263,12539.1036,3354.4796
73264,12539.2428,2835.2414
73265,12571.0441,3205.1682
73266,12539.3337,3851.6956
73267,12562.0061,3036.4696
73268,12569.5918,3246.8276
73269,12576.0814,3479.5919
73270,12548.2139,4104.0376
73271,12572.8245,3800.6692
73272,12533.1671,3954.591
73273,12518.893,2885.4444
73274,12571.0925,4086.5506
73275,12532.3393,3950.4937
73276,12549.0255,3079.7387
73277,12545.273,2771.0074
73278,12547.9637,3776.4951
73279,12529.7032,3511.444
73280,12562.9913,3399.4074
73281,12567.7861,3494.6942
73282,12527.242,3736.8977
73283,12562.8475,2685.0198
73284,12514.5299,3442.3698
73285,12566.5265,2880.4962
73286,12524.0392,2993.6138
73287,12549.0338,2837.0083
73288,12574.8127,2649.5278
73289,12560.8458,2820.7374
73290,12557.2264,3688.7448
73291,12540.7143,3297.3226
73292,12570.1929,3216.7624
73293,12518.9912,3442.9317
73294,12568.4435,2892.8865
73295,12535.5017,3796.5867
73296,12555.4375,2649.9925
73297,12546.3438,4097.5659
73298,12553.5391,3830.008
73299,12516.3001,3939.2282
73300,12527.3639,3521.4641
73301,12521.7645,2589.6477
73302,12544.4723,3923.5349
73303,12521.7187,3071.9647
73304,12547.8168,3407.077
73305,12531.5081,3018.5516
73306,12513.9197,3009.9335
73307,12531.7302,3454.4408
73308,12523.265,3957.2255
73309,12529.7829,4078.8344
73310,12565.7877,2612.3934
73311,12556.0245,3194.6409
73312,12563.9406,3075.338
73313,12557.2625,2691.5087
73314,12547.3667,2939.0456
73315,12560.4521,3081.2026
73316,12543.1223,4085.0148
73317,12556.8205,3726.6285
73318,12519.9333,4029.85
73319,12560.4284,4123.6614
73320,12559.2999,2579.973
73321,12546.9812,4010.2251
73322,12521.6438,3360.2067
73323,12546.6926,3263.3303
73324,12564.2847,3935.0126
73325,12557.3751,3261.2542
73326,12531.53,3144.5896
73327,12522.1852,3073.3343
73328,12532.0507,3468.8038
73329,12561.8111,2584.124
73330,12574.6929,3358.821
73331,12556.3656,4068.9207
73332,12542.4699,2666.7087
73333,12556.0587,3835.4324
73334,12526.4587,3784.5586
73335,12537.8391,3049.8706
73336,12543.6466,3803.1259
73337,12563.0903,3895.3388
73338,12558.9661,2891.4463
73339,12515.7867,2805.5621
73340,12514.123,2977.1418
73341,12547.7164,2722.6449
73342,12525.9208,3948.998
73343,12511.7782,3377.1453
73344,12522.851,3932.0527
73345,12527.6591,2689.6761
73346,12525.2874,3676.0315
73347,12540.2571,2665.6605
73348,12539.1604,3528.8396
73349,12512.2655,3971.9668
73350,12558.9399,3678.0776
73351,12566.0791,2953.6879
73352,12552.3998,3225.3702
73353,12522.4814,4029.2569
73354,12550.3325,3207.8366
73355,12535.5706,4066.425
73356,12562.5053,3754.3169
73357,12563.2693,2934.8199
73358,12519.0557,3195.3788
73359,12524.4569,2961.1379
73360,12560.1512,3279.9608
73361,12555.9828,3296.2577
73362,12524.1261,3308.6133
73363,12568.7724,2713.3781
73364,12523.1359,3778.0064
73365,12568.3974,3212.0998
73366,12570.7327,3056.5817
73367,12565.7117,3393.3488
73368,12553.8382,2882.931
73369,12566.53,4073.2049
73370,12516.8211,3993.4072
73371,12542.4375,3840.0659
73372,12531.875,3973.6835
73373,12539.4721,3073.9674
73374,12538.0305,2602.5569
73375,12550.3034,3817.3759
73376,12513.0534,3124.3049
73377,12528.8575,3248.3842
73378,12535.137,2588.5238
73379,12528.8669,3242.0432
73380,12545.7589,2821.0646
73381,12537.9188,3420.7879
73382,12560.6557,3874.5507
73383,12540.6453,2619.7889
73384,12545.5971,2578.5166
73385,12561.3957,3754.0377
73386,12514.6366,4112.8177
73387,12530.7102,2607.1422
73388,12519.3723,2993.4823
73389,12534.2872,3139.2292
73390,12562.3034,3276.0039
73391,12539.5775,2952.115
73392,12542.0007,2882.0063
73393,12548.4888,3690.2011
73394,12528.4753,3437.3703
73395,12534.6754,2890.4289
73396,12569.6494,2606.9104
73397,12563.0499,3515.8317
73398,12551.8572,3860.9999
73399,12526.812,3762.8043
73400,12534.7162,3795.4276
73401,12570.0379,3342.4667
73402,12544.1142,2639.6855
73403,12565.3084,3415.3074
73404,12539.1923,3791.0471
73405,12514.1891,3128.6328
73406,12508.4094,2844.2837
73407,12530.7974,3553.508
73408,12519.0215,3802.3445
73409,12517.2491,3356.66
73410,12513.0696,3980.6076
73411,12560.7668,3438.1008
73412,12560.8356,2817.8913
73413,12543.8558,4053.2654
73414,12534.3218,2692.7483
73415,12512.5995,3387.0575
73416,12564.4403,3345.8259
73417,12538.2898,4044.475
73418,12510.7599,3289.8509
73419,12563.0825,4067.3289
73420,12533.682,3163.7452
73421,12550.6221,3429.0477
73422,12530.5802,3100.3301
73423,12539.1369,2899.3969
73424,12552.5762,3183.5339
73425,12537.7014,3808.9738
73426,12545.5743,3467.908
73427,12517.5451,3832.5676
73428,12556.4222,3570.6854
73429,12545.8049,2684.6925
73430,12518.212,3143.3375
73431,12547.3579,4028.5099
73432,12541.7061,3470.5538
73433,12556.5435,3130.459
73434,12541.1516,4085.1804
73435,12515.7604,3041.1135
73436,12524.3663,3803.1877
73437,12559.3306,3702.874
73438,12506.5581,3288.5103
73439,12527.5157,3756.8805
73440,12507.9074,3479.8039
73441,12551.1241,3041.6164
73442,12526.2811,4065.2119
73443,12541.752,3025.3204
73444,12548.5962,3743.0421
73445,12549.8612,3589.89
73446,12558.5736,3720.5384
73447,12556.0925,3916.4203
73448,12508.5298,3854.2792
73449,12518.9102,3042.3314
73450,12557.6648,3884.2546
73451,12542.0589,4091.0016
73452,12541.9862,4086.2317
73453,12564.4112,3448.7195
73454,12512.6457,3762.2836
73455,12526.4557,3368.579
73456,12535.2333,3145.7805
73457,12503.9654,2778.2528
73458,12517.1401,3442.329
73459,12525.6568,3844.0865
73460,12517.5518,3130.5654
73461,12510.3537,2820.4313
73462,12550.2267,3190.6024
73463,12509.2318,3408.6676
73464,12533.8619,2715.4559
73465,12533.2924,3757.7176
73466,12540.1651,2548.2812
73467,12506.6722,2834.8433
73468,12509.0542,4107.4209
73469,12547.2156,2712.8994
73470,12519.4255,3467.1955
73471,12532.9664,3783.6894
73472,12525.8473,3107.5544
73473,12560.8129,3843.4907
73474,12526.7451,3683.8588
73475,12504.2943,3326.1723
73476,12561.0231,2556.0602
73477,12505.0783,3336.2604
73478,12544.0451,3856.7254
73479,12515.5319,4024.4354
73480,12558.6905,3148.613
73481,12523.8411,3671.8776
73482,12551.9291,3985.1624
73483,12507.9479,2889.4158
73484,12524.0047,3598.0393
73485,12545.8826,3151.1551
73486,12517.2002,2837.5389
73487,12554.7458,4045.115
73488,12522.3638,2771.7371
73489,12524.8999,3977.413
73490,12533.2326,3201.3295
73491,12536.4281,3417.5361
73492,12537.7565,2834.0312
73493,12531.335,2826.5069
73494,12546.6471,3628.9746
73495,12552.5974,3950.545
73496,12538.8322,3671.9228
73497,12555.9992,3212.3516
73498,12528.0754,3169.8164
73499,12526.0864,3269.5019
73500,12506.8166,2816.2797
73501,12530.0013,2860.0104
73502,12532.38,3190.5662
73503,12526.7703,4020.1169
73504,12529.7711,3437.7636
73505,12523.9526,3520.6194
73506,12522.7807,3436.2423
73507,12534.7184,3539.4247
73508,12511.6268,4076.2912
73509,12520.0061,4070.5949
73510,12495.4047,3598.3607
73511,12529.0154,3040.9107
73512,12530.5998,3019.3828
73513,12513.7856,3542.5685
73514,12524.3295,2984.288
73515,12496.3346,2895.216
73516,12555.6475,3014.6797
73517,12551.4578,3446.5333
73518,12549.5131,2767.5048
73519,12503.7458,4082.4998
73520,12515.2491,3449.1038
73521,12549.3008,2766.3519
73522,12524.3355,2870.7222
73523,12511.4141,3152.6314
73524,12544.0302,3016.1392
73525,12512.5718,2857.5264
73526,12520.8197,4008.3789
73527,12499.971,3138.4957
73528,12496.1046,3189.7697
73529,12509.391,3666.8988
73530,12513.5288,3768.5897
73531,12519.8462,4071.6237
73532,12506.1896,2653.3883
73533,12526.1272,3917.8049
73534,12528.3559,3280.4165
73535,12514.652,3122.6697
73536,12508.3631,2885.6934
73537,12514.1052,3361.192
73538,12511.9956,2803.1194
73539,12551.3803,2729.0869
73540,12541.1859,4011.6859
73541,12549.0695,2787.7025
73542,12535.6342,3053.1283
73543,12549.0536,3978.6993
73544,12530.5724,3028.3923
73545,12533.4862,3403.9639
73546,12547.0359,2890.2518
73547,12503.7197,4076.7296
73548,12529.6549,2928.517
73549,12545.3965,3623.993
73550,12531.021,3350.8348
73551,12534.4195,3200.2936
73552,12539.9126,2952.6897
73553,12548.6142,3798.3072
73554,12526.8475,3335.8959
73555,12494.0045,3867.4761
73556,12517.8169,2891.5288
73557,12490.1033,3648.3081
73558,12493.1427,2599.6962
73559,12511.9062,3739.8409
73560,12537.2926,2799.4494
73561,12526.5317,4026.4208
73562,12522.6562,3592.3309
73563,12541.048,4014.0137
73564,12492.7886,3294.8688
73565,12524.5411,3204.0272
73566,12534.2911,3583.6069
73567,12498.0707,3115.8346
73568,12516.9738,3837.7853
73569,12528.1684,3882.061
73570,12543.0852,3504.4021
73571,12491.0066,3779.6736
73572,12538.6626,3582.4273
73573,12518.559,2857.0228
73574,12518.0917,2725.873
73575,12521.1757,3042.0458
73576,12538.9012,2696.9384
73577,12503.5793,3291.3216
73578,12523.3912,3817.902
73579,12534.9259,3618.6773
73580,12518.7585,2571.4253
73581,12525.4786,3564.5906
73582,12520.0259,3830.4544
73583,12520.7334,3082.8228
73584,12527.3912,3259.9953
73585,12528.5798,3794.893
73586,12514.2373,3724.4178
73587,12508.7534,3647.2783
73588,12525.0045,2557.8573
73589,12522.7739,4016.5463
73590,12481.4048,3505.635
73591,12494.2431,2950.7216
73592,12530.2173,3119.1344
73593,12511.9725,2988.5868
73594,12522.1102,3372.2035
73595,12535.8764,2766.2082
73596,12512.2521,2541.6496
73597,12484.24,3981.1538
73598,12504.6906,3155.9342
73599,12520.0041,4077.7008
73600,12527.1852,4043.0575
73601,12521.4852,3668.7549
73602,12488.5846,3198.4941
73603,12517.1577,3038.0253
73604,12479.8838,3624.858
73605,12512.441,3670.6888
73606,12494.8091,2812.5612
73607,12532.6605,3538.6921
73608,12477.3083,3239.2822
73609,12494.1679,3435.9807
73610,12476.884,3505.4303
73611,12500.9608,2894.5134
73612,12481.1447,2900.8468
73613,12492.1619,3251.4141
73614,12509.5167,3741.6863
73615,12501.8203,3149.3309
73616,12523.5779,3109.5043
73617,12508.5713,2698.4491
73618,12481.8533,2935.2269
73619,12509.256,3025.0148
73620,12528.8993,2902.4205
73621,12527.427,3621.8145
73622,12507.851,2701.0221
73623,12477.2976,2910.8999
73624,12473.5608,2592.4884
73625,12488.4097,2758.6524
73626,12509.6136,3441.8386
73627,12490.0007,4070.4773
73628,12490.5173,3558.3791
73629,12493.8538,4101.731
73630,12533.2623,3783.4664
73631,12526.4711,3944.0299
73632,12483.6601,3941.5948
73633,12515.2952,3416.4879
73634,12487.1697,3085.7677
73635,12513.2973,3483.2272
73636,12512.9308,2678.214
73637,12482.9073,4061.7105
73638,12483.8811,4001.0772
73639,12479.5676,3662.4439
73640,12484.7932,3224.9808
73641,12514.7311,2671.7934
73642,12506.5792,3937.3236
73643,12514.1971,3339.0469
73644,12493.2177,2848.1089
73645,12489.7025,3354.2659
73646,12477.9675,3461.3873
73647,12529.5644,3723.8272
73648,12504.0045,3407.1415
73649,12501.1895,2834.4229
73650,12508.2554,2822.7188
73651,12503.3347,2719.1994
73652,12491.4722,3535.7429
73653,12469.3706,2648.2047
73654,12479.2381,3798.5051
73655,12504.9515,3476.3968
73656,12499.7376,3708.268
73657,12490.7223,2973.1124
73658,12520.6859,3114.1504
73659,12506.541,3060.9374
73660,12496.8891,2637.4179
73661,12468.1393,3171.338
73662,12468.9901,2801.6337
73663,12476.9898,2909.2931
73664,12489.9541,3575.2644
73665,12493.8988,3501.1355
73666,12502.8237,2917.1287
73667,12518.7562,3584.4794
73668,12492.3624,3637.6173
73669,12494.2031,3831.0377
73670,12500.7462,2889.8329
73671,12490.6454,2964.5798
73672,12520.9239,3440.2336
73673,12487.0705,3284.8153
73674,12463.5835,2751.1529
73675,12499.9838,3640.3239
73676,12476.4814,3868.1252
73677,12465.6757,3592.8514
73678,12515.7677,3733.1221
73679,12511.8291,2679.2189
73680,12493.9993,3232.3619
73681,12493.7461,3159.6324
73682,12509.2998,3568.8524
73683,12484.4496,2994.4459
73684,12474.9963,3701.6222
73685,12501.1818,2541.5926
73686,12460.4955,3604.5599
73687,12461.8078,3122.1356
73688,12476.0866,3145.0328
73689,12467.2219,2890.88
73690,12471.0547,3335.8928
73691,12492.4479,2939.8687
73692,12508.8944,3845.6548
73693,12456.1734,3339.971
73694,12491.4665,3025.7278
73695,12463.8528,2801.7128
73696,12487.6986,3225.9762
73697,12454.7112,3784.4634
73698,12512.5261,4041.4465
73699,12472.7263,3934.837
73700,12506.7478,3615.8491
73701,12493.9759,2735.4492
73702,12486.6901,3378.4168
73703,12497.0995,3278.3635
73704,12481.2923,3413.4885
73705,12471.0101,3998.9926
73706,12495.077,3093.5018
73707,12466.0534,2704.8634
73708,12496.8055,3127.2752
73709,12491.2034,2984.1762
73710,12506.0188,3646.5839
73711,12500.6448,3668.2946
73712,12507.6585,4052.326
73713,12499.531,2903.8691
73714,12488.1593,3135.5108
73715,12484.921,4031.2418
73716,12458.036,2727.5292
73717,12461.9531,3467.7384
73718,12504.2427,3672.7901
73719,12471.1913,3414.0725
73720,12461.1034,2569.7391
73721,12500.3671,3096.3935
73722,12501.7544,3848.096
73723,12482.9424,2995.4533
73724,12503.9976,2719.8136
73725,12484.9698,2619.0577
73726,12497.4862,3139.7608
73727,12468.3229,3196.6412
73728,12480.9624,3797.5574
73729,12506.7362,2827.5283
73730,12460.4917,3569.8399
73731,12490.2175,4007.4062
73732,12476.7691,3478.4266
73733,12486.7298,3562.1066
73734,12501.4208,3063.5895
73735,12494.7725,3630.9507
73736,12454.2048,3235.8085
73737,12448.1819,3383.7114
73738,12470.5058,3394.4123
73739,12469.8746,3830.2416
73740,12478.5667,2706.12
73741,12483.4305,3105.4967
73742,12449.951,3536.6626
73743,12441.9038,3978.667
73744,12488.8792,3817.1898
73745,12484.689,2579.4654
73746,12447.7045,3687.2595
73747,12439.7602,3578.2937
73748,12473.5142,3603.762
73749,12459.1971,3025.7907
73750,12440.8741,4024.6135
73751,12446.0176,3663.0751
73752,12477.8852,2882.6717
73753,12440.6324,3403.076
73754,12452.3365,3119.0015
73755,12480.9719,3428.2552
73756,12466.3466,2867.3553
73757,12494.825,3404.4094
73758,12436.4108,3265.0839
73759,12474.8672,2763.9704
73760,12446.3465,3375.3866
73761,12453.7761,2693.9617
73762,12472.7115,4067.4322
73763,12477.1092,3126.7794
73764,12480.0194,3471.7113
73765,12439.1232,3079.5547
73766,12448.858,3713.7351
73767,12463.7059,2540.4734
73768,12457.3715,3459.6274
73769,12442.5675,2685.6237
73770,12458.2649,3953.5931
73771,12488.886,2638.3937
73772,12455.6325,2553.7396
73773,12453.4154,3802.7822
73774,12440.2286,2783.606
73775,12457.7932,3310.6769
73776,12462.0395,2664.4288
73777,12453.3164,2841.4744
73778,12474.0396,3352.52
73779,12461.1485,3061.4627
73780,12463.8978,3356.1901
73781,12484.7747,3819.8919
73782,12478.2666,3668.0724
73783,12470.6149,2909.0069
73784,12458.8465,2990.3681
73785,12486.5739,2944.7989
73786,12486.3498,3950.669
73787,12445.1278,3031.2102
73788,12433.2769,3507.179
73789,12442.8,3865.5078
73790,12453.234,3399.7941
73791,12445.7157,2570.5542
73792,12457.9935,3614.9649
73793,12445.4124,3448.7351
73794,12462.9595,4092.4149
73795,12478.7255,2852.8621
73796,12460.9993,2726.6464
73797,12455.3055,3715.5046
73798,12427.4298,2802.6015
73799,12480.4077,3374.6844
73800,12428.8327,3849.8656
73801,12476.2958,3212.6152
73802,12471.202,3648.3032
73803,12438.1975,3473.3906
73804,12423.1429,3605.0088
73805,12461.7575,4011.3679
73806,12448.6664,2777.2114
73807,12427.7742,3030.7029
73808,12464.3604,3870.0844
73809,12461.3625,3328.9321
73810,12440.106,2590.9215
73811,12472.8731,3654.7935
73812,12455.541,3486.2405
73813,12435.7919,2604.2359
73814,12437.5275,2680.4793
73815,12449.2011,3900.353
73816,12436.2008,3690.4579
73817,12455.6661,2814.1077
73818,12456.0121,4052.5589
73819,12418.7187,3726.2013
73820,12450.8923,3687.5356
73821,12470.8455,3877.5577
73822,12426.8806,2704.4986
73823,12425.2527,4055.6592
73824,12451.5815,2613.5377
73825,12433.7291,3919.2227
73826,12466.0533,3713.6313
73827,12423.8332,3375.327
73828,12432.5011,3871.0905
73829,12424.3856,3860.8854
73830,12452.8561,3010.5973
73831,12445.2059,3703.0945
73832,12436.9702,3303.4176
73833,12440.1144,3944.8455
73834,12434.8619,3795.3563
73835,12443.4244,3645.9381
73836,12463.16,3981.4198
73837,12468.3286,2607.9629
73838,12456.7329,3940.5498
73839,12407.539,3978.8457
73840,12454.1757,3584.1373
73841,12417.8313,3729.3257
73842,12426.0366,3369.4974
73843,12414.7953,3337.562
73844,12443.4277,2708.5315
73845,12458.421,3168.6572
73846,12403.4269,3600.2553
73847,12430.1705,2938.4404
73848,12416.9076,4008.1526
73849,12459.2796,3382.5316
73850,12427.6303,3736.3538
73851,12454.827,2970.1521
73852,12439.8871,3759.4335
73853,12413.5649,3601.9508
73854,12412.5344,3175.044
73855,12421.7092,3530.4214
73856,12420.7058,3966.9361
73857,12401.2301,2682.962
73858,12404.7064,3577.6572
73859,12411.3032,2807.756
73860,12429.2798,4039.7294
73861,12412.0263,3811.8979
73862,12425.148,2746.0104
73863,12442.4906,2796.0349
73864,12403.9671,4034.2087
73865,12408.7463,3152.5903
73866,12425.1839,3520.892
73867,12413.0951,3022.8494
73868,12405.769,2689.6891
73869,12421.3685,4005.0114
73870,12413.1561,3385.0161
73871,12428.6607,3642.299
73872,12424.38,3518.6229
73873,12439.1851,3729.5407
73874,12444.4213,3080.651
73875,12402.8826,3047.5549
73876,12442.7282,3735.0973
73877,12416.9818,3978.007
73878,12422.5504,3679.994
73879,12426.1555,3905.0662
73880,12411.2657,3079.8046
73881,12389.3474,2605.0477
73882,12417.4543,3933.0028
73883,12440.1681,3143.5678
73884,12417.823,3430.6479
73885,12444.3254,2620.2881
73886,12417.8358,3315.5015
73887,12402.2984,2532.6054
73888,12400.3758,3496.3699
73889,12409.5511,3217.6378
73890,12397.6735,3564.7347
73891,12396.0776,2540.3053
73892,12413.4604,3183.05
73893,12427.7792,3029.5726
73894,12434.6946,3041.9666
73895,12398.648,3239.55
73896,12430.973,3342.2135
73897,12410.1652,2904.3894
73898,12395.7121,2701.1139
73899,12391.6228,3600.934
73900,12415.7851,4068.8444
73901,12403.1124,2602.1662
73902,12439.9722,2935.4032
73903,12392.0014,2889.8902
73904,12387.9403,3197.7717
73905,12422.5679,3953.1587
73906,12407.8641,3057.7818
73907,12409.736,3442.5287
73908,12424.8934,3907.4245
73909,12393.3612,3441.2644
73910,12399.6717,2602.103
73911,12411.591,3552.2259
73912,12435.1682,2801.1674
73913,12410.9631,2522.3924
73914,12417.4945,4023.9643
73915,12412.1004,3381.8611
73916,12381.4491,3596.0408
73917,12382.3749,3870.709
73918,12405.0851,2669.9642
73919,12433.1517,2927.6568
73920,12372.6232,2713.6248
73921,12421.3102,3471.3721
73922,12380.6213,4013.9643
73923,12372.7942,3535.2604
73924,12386.0899,3924.9866
73925,12379.7898,3539.7862
73926,12391.6376,2607.5152
73927,12409.8438,3698.1695
73928,12382.3792,2567.4369
73929,12407.7686,3164.9351
73930,12420.1781,2751.9371
73931,12420.9106,2588.3646
73932,12426.6661,2770.4761
73933,12402.9657,3936.4469
73934,12375.5323,3394.7293
73935,12365.2148,3969.3503
73936,12418.8634,3961.6975
73937,12420.1995,3530.4483
73938,12385.2312,3867.6403
73939,12390.8597,2997.1898
73940,12380.7054,3039.2715
73941,12400.3055,2549.9621
73942,12379.7698,3718.6721
73943,12385.6939,3766.636
73944,12377.6908,2739.8043
73945,12419.4534,3497.2206
73946,12367.8313,3333.9646
73947,12415.6351,3036.9175
73948,12414.7095,3819.8441
73949,12390.5251,2999.8513
73950,12413.4129,3288.2675
73951,12411.7014,4039.3698
73952,12396.9285,3870.0491
73953,12383.0326,3054.0213
73954,12410.1675,3397.8692
73955,12391.8698,4003.289
73956,12412.1557,2653.0083
73957,12404.0201,4068.078
73958,12384.8354,3453.1904
73959,12400.9183,3886.4588
73960,12368.83,3974.0933
73961,12354.3496,3832.9097
73962,12386.6746,3120.8272
73963,12383.8197,3609.3472
73964,12369.3727,3309.9413
73965,12387.5519,2891.254
73966,12408.456,3174.5062
73967,12410.8885,3694.5679
73968,12402.7554,2630.2164
73969,12371.9964,3871.3565
73970,12354.0218,3119.2705
73971,12358.9637,2884.5726
73972,12386.3436,2662.1072
73973,12369.5568,2922.3808
73974,12390.8572,3817.8334
73975,12399.6741,2966.9376
73976,12393.826,3812.0685
73977,12392.583,3906.1378
73978,12386.5587,2849.8019
73979,12368.1525,2995.3039
73980,12375.5075,3556.748
73981,12354.6768,3177.0377
73982,12385.5448,3521.4261
73983,12368.6434,3308.4746
73984,12371.2577,3976.4261
73985,12401.82,2526.722
73986,12363.3915,3385.8425
73987,12343.6844,4039.4368
73988,12351.7768,2982.846
73989,12350.9289,3713.9893
73990,12360.333,3814.4006
73991,12342.3257,3922.8736
73992,12342.0016,3758.4427
73993,12372.7281,3815.7338
73994,12360.7267,3809.2034
73995,12352.1273,3366.2447
73996,12387.7744,3966.0293
73997,12393.5751,3904.1535
73998,12350.4774,3555.2822
73999,12341.5963,3441.7306
74000,12366.3451,3790.3389
74001,12345.3554,3402.9262
74002,12360.0848,3346.3891
74003,12356.9258,3945.1701
74004,12369.0365,4037.7531
74005,12383.5409,3870.8917
74006,12384.7714,2859.1091
74007,12339.4358,3620.5507
74008,12351.8978,3682.0904
74009,12368.0432,2806.8507
74010,12370.0314,3732.2376
74011,12355.4759,3646.6623
74012,12334.8997,3541.9
74013,12350.0074,3389.8336
74014,12347.1662,3945.7365
74015,12361.7041,3076.8854
74016,12336.852,3561.0556
74017,12348.4444,3688.8412
74018,12335.9217,3966.2111
74019,12359.8895,3943.3274
74020,12357.6333,3783.9744
74021,12372.7942,3937.0043
74022,12383.3871,3416.6617
74023,12364.9276,3202.8181
74024,12367.9273,2524.2613
74025,12362.7334,3135.2708
74026,12357.2296,3175.1518
74027,12369.9133,3186.302
74028,12329.2956,3422.7208
74029,12322.1563,2611.9786
74030,12336.3622,3158.8546
74031,12369.538,3908.4072
74032,12368.8892,3255.6014
74033,12356.2184,3775.9305
74034,12318.5684,2555.7927
74035,12324.8304,3961.7702
74036,12315.8354,3179.1886
74037,12321.257,2610.4376
74038,12357.4156,2899.4041
74039,12365.8781,2685.2098
74040,12366.6284,2968.193
74041,12349.8545,3348.3092
74042,12366.9095,3539.6767
74043,12331.4529,3686.0675
74044,12365.2945,3556.2817
74045,12345.961,3576.8896
74046,12339.8034,2674.1226
74047,12367.0282,2999.2249
74048,12335.5957,3013.6774
74049,12362.3932,3944.4539
74050,12321.7189,3630.5814
74051,12362.4459,3182.8857
74052,12328.7585,3406.1139
74053,12365.2505,3719.1679
74054,12342.4527,2891.3758
74055,12319.2601,3890.4417
74056,12328.9538,2695.9867
74057,12329.5269,3446.8379
74058,12351.8556,3795.3212
74059,12307.5712,2725.1805
74060,12332.5785,3853.5818
74061,12307.5622,2849.4736
74062,12315.3811,2517.8464
74063,12311.6011,3085.8615
74064,12308.4883,3456.9071
74065,12309.3601,3887.39
74066,12339.4043,4020.9539
74067,12309.1595,3231.925
74068,12344.171,3062.4233
74069,12332.4688,3810.3054
74070,12317.9392,3281.5344
74071,12318.9187,3195.4509
74072,12326.4995,3615.7563
74073,12335.4575,3999.7514
74074,12328.9956,3242.3114
74075,12313.7231,3569.0993
74076,12350.4183,4041.7694
74077,12351.242,3954.348
74078,12314.4999,3094.5448
74079,12338.9222,3973.0607
74080,12328.9509,3266.044
74081,12314.2636,4012.7525
74082,12299.4638,3911.6303
74083,12292.858,3269.7732
74084,12296.5137,3676.0753
74085,12314.0277,2852.5017
74086,12326.1986,3353.9126
74087,12302.1146,3686.5204
74088,12342.5235,4040.0705
74089,12293.5368,3102.9052
74090,12324.6862,3974.1349
74091,12328.7705,3940.3195
74092,12313.3273,2697.7922
74093,12340.0025,3006.5341
74094,12326.695,3470.1033
74095,12334.2241,3110.1792
74096,12343.4203,3150.3309
74097,12326.4586,2718.3038
74098,12313.3588,4034.8867
74099,12294.5171,2963.633
74100,12323.5277,2577.8039
74101,12309.1367,3585.3697
74102,12330.2997,3216.1604
74103,12314.0815,4042.8255
74104,12338.9425,2863.2761
74105,12291.7665,3949.8785
74106,12317.8552,3345.2296
74107,12290.2727,2732.0533
74108,12280.7812,2966.7178
74109,12287.3804,3330.1259
74110,12288.7265,3909.1153
74111,12278.6904,2980.1029
74112,12292.3539,2791.0226
74113,12308.0009,3372.7168
74114,12315.7808,3091.2219
74115,12325.0359,3348.5409
74116,12307.307,4037.1838
74117,12279.0995,2630.8718
74118,12295.9544,3028.0521
74119,12302.8207,2680.8974
74120,12296.6812,2570.53
74121,12290.6313,3287.7434
74122,12324.2406,2951.7877
74123,12287.2152,3797.7597
74124,12271.4721,3675.1166
74125,12306.1801,3479.2151
74126,12274.2002,3899.1615
74127,12271.0215,3456.0972
74128,12304.5301,3252.374
74129,12295.9666,3376.2117
74130,12319.5577,2997.1726
74131,12305.9772,3008.7493
74132,12304.1963,3750.951
74133,12304.562,2733.3885
74134,12294.3272,3731.8824
74135,12317.2336,3370.4091
74136,12316.7932,3032.9493
74137,12299.3941,2553.8627
74138,12300.1862,3823.285
74139,12321.5706,3365.9059
74140,12268.7969,2886.5033
74141,12310.6413,3707.299
74142,12293.5974,2626.8815
74143,12313.2192,2649.394
74144,12263.6102,3046.0022
74145,12294.2336,3941.2326
74146,12314.9603,3656.4713
74147,12311.8345,3003.8227
74148,12265.2584,2585.851
74149,12306.994,3703.6064
74150,12298.7427,3753.933
74151,12262.1998,3941.5881
74152,12302.0144,3478.2523
74153,12257.3304,3222.9944
74154,12282.096,3350.4469
74155,12290.5222,3081.7544
74156,12307.7094,3758.4769
74157,12265.1519,3395.2947
74158,12303.1152,2763.5912
74159,12250.7679,3119.09
74160,12278.3126,2754.6349
74161,12277.3006,2654.7577
74162,12284.1961,2902.6304
74163,12263.8707,3648.5937
74164,12298.4279,3945.4316
74165,12300.7351,3934.4056
74166,12266.8716,3901.1173
74167,12251.9154,2528.3137
74168,12302.3444,2888.3548
74169,12295.2971,3407.158
74170,12302.8852,3378.1262
74171,12268.8174,2603.8992
74172,12244.8188,3448.6602
74173,12258.5263,2608.1849
74174,12292.5902,3699.7942
74175,12251.5615,3966.0304
74176,12264.7864,3780.6108
74177,12294.3126,3306.3506
74178,12268.4843,2920.4386
74179,12244.0925,3888.2312
74180,12243.6563,3470.1648
74181,12266.6298,3867.395
74182,12287.6341,2589.3189
74183,12258.0128,3810.4216
74184,12267.7319,3736.4754
74185,12243.6005,2503.2301
74186,12291.1833,2824.5919
74187,12245.579,4013.7688
74188,12273.9057,3244.0003
74189,12265.0721,3665.7076
74190,12250.2805,3339.2717
74191,12237.1601,3039.8493
74192,12260.2508,3422.9802
74193,12275.6363,3889.7575
74194,12246.3362,3521.3744
74195,12268.2136,2777.4819
74196,12286.9415,2998.9853
74197,12242.0802,3178.6877
74198,12262.0062,2828.1065
74199,12289.4657,3312.926
74200,12281.2023,3754.0792
74201,12231.3086,3872.9025
74202,12248.0773,3744.206
74203,12247.5002,3178.3285
74204,12244.6025,3660.0805
74205,12275.1692,3053.7857
74206,12278.8818,2532.937
74207,12252.6584,3047.2561
74208,12237.1457,2690.8674
74209,12273.1252,3865.0459
74210,12242.7807,3252.3127
74211,12250.5917,2742.4261
74212,12269.9174,3515.5717
74213,12252.5415,3206.1504
74214,12277.6559,3690.5908
74215,12273.6528,3713.2159
74216,12266.9079,2611.1137
74217,12224.3047,3486.0727
74218,12261.3274,3399.1538
74219,12227.9364,2533.1733
74220,12245.1227,3460.2284
74221,12228.2384,3461.1653
74222,12219.4013,3541.4368
74223,12220.4728,3416.6192
74224,12260.7143,2705.914
74225,12220.5113,3399.7281
74226,12247.0952,3617.2117
74227,12218.8688,2772.407
74228,12262.1661,2674.261
74229,12221.6908,3114.8099
74230,12261.4671,2865.2538
74231,12240.8776,3815.3329
74232,12247.0454,3527.6407
74233,12240.9242,3543.4829
74234,12250.398,3915.4322
74235,12265.7839,3266.1162
74236,12229.6642,3258.6811
74237,12250.7281,2635.7797
74238,12243.2978,3884.6151
74239,12252.9085,3887.2702
74240,12239.7867,2875.0011
74241,12224.8482,2815.7398
74242,12258.6148,2501.5153
74243,12255.427,3241.7182
74244,12215.4992,3426.9692
74245,12232.5724,2789.1339
74246,12244.6646,3381.0863
74247,12215.8789,3444.8006
74248,12234.8893,2568.3919
74249,12243.1221,3009.7141
74250,12203.4944,2613.6909
74251,12254.5759,2931.4432
74252,12229.939,3836.4103
74253,12209.1186,3987.5302
74254,12209.7873,3338.9573
74255,12197.3805,2735.6952
74256,12247.164,2839.6866
74257,12254.3908,2826.4092
74258,12227.8461,3096.0096
74259,12246.9838,3710.4243
74260,12254.913,2756.7029
74261,12250.7789,2707.2883
74262,12224.0182,2684.7349
74263,12237.9123,3429.1139
74264,12234.4423,3709.4359
74265,12235.6023,3798.4224
74266,12240.7313,3351.5574
74267,12243.7055,3574.4967
74268,12223.1158,3940.5486
74269,12243.8784,2882.0325
74270,12244.1841,3711.8621
74271,12188.1892,3949.0846
74272,12200.8731,3574.8566
74273,12244.3295,2820.5244
74274,12229.779,3398.9951
74275,12196.5164,3525.1812
74276,12240.7931,3619.7427
74277,12195.5024,2839.9229
74278,12222.1348,3252.8339
74279,12208.3324,3494.0672
74280,12229.0835,3778.6308
74281,12236.1668,3316.569
74282,12217.9627,3878.3723
74283,12206.7341,3701.1924
74284,12199.806,3262.3151
74285,12221.1781,3853.8802
74286,12236.0591,3789.243
74287,12218.3164,2968.8762
74288,12200.9321,2966.5053
74289,12222.614,2861.8137
74290,12237.7938,3381.3814
74291,12210.5098,3907.848
74292,12218.09,2906.9593
74293,12198.3783,3198.3997
74294,12188.9683,3368.9938
74295,12202.804,3375.4739
74296,12227.0727,3805.6291
74297,12202.8071,2937.6365
74298,12223.1779,3747.5759
74299,12189.4988,3486.2182
74300,12190.5127,3919.886
74301,12183.9936,2590.978
74302,12209.7824,3063.2487
74303,12229.6143,3106.2273
74304,12174.6482,3487.1858
74305,12220.0386,3789.3726
74306,12216.5763,3792.1997
74307,12185.4853,3794.5854
74308,12169.6335,3283.9411
74309,12184.1799,2550.4681
74310,12225.6453,3839.3875
74311,12187.6624,2527.406
74312,12215.1821,3494.3425
74313,12182.5301,3558.7621
74314,12178.6009,3546.6855
74315,12166.644,2653.279
74316,12208.4455,2998.3667
74317,12184.8545,3584.8974
74318,12212.2692,3415.0109
74319,12218.1587,2661.7862
74320,12161.6833,3665.0116
74321,12216.6719,2572.3774
74322,12167.0984,3636.0781
74323,12181.593,3256.6206
74324,12202.7064,3949.9288
74325,12212.2849,3162.9262
74326,12171.4881,3863.9975
74327,12195.0516,2616.7617
74328,12210.0627,3308.922
74329,12176.7829,3953.8015
74330,12189.0417,3964.7037
74331,12189.3171,2550.6041
74332,12164.2427,3407.5228
74333,12202.4184,3124.2379
74334,12174.8123,2781.7357
74335,12203.7378,2668.7907
74336,12205.4699,2977.0271
74337,12177.8991,3532.5683
74338,12197.8153,3180.5075
74339,12180.6316,3160.7238
74340,12165.6106,3737.6278
74341,12165.6439,3996.7104
74342,12151.9965,3191.2082
74343,12149.6494,3566.7983
74344,12178.5724,3854.0543
74345,12153.7667,3843.8756
74346,12167.4734,3800.5598
74347,12148.8913,3944.5893
74348,12184.2324,3232.6659
74349,12198.9915,2662.8047
74350,12167.1516,3902.6161
74351,12182.3999,3914.6885
74352,12169.4355,3723.6446
74353,12173.7845,3107.4673
74354,12199.9766,3619.5036
74355,12155.6869,3346.0977
74356,12171.9597,3165.0609
74357,12182.2716,2853.5329
74358,12168.3409,2476.4891
74359,12171.832,2604.8801
74360,12170.4661,3238.7987
74361,12182.5729,2751.6404
74362,12183.5976,3094.1135
74363,12170.1746,3343.5242
74364,12188.6968,3909.1747
74365,12159.6974,3439.4912
74366,12166.0583,3712.6849
74367,12179.136,2578.346
74368,12150.7852,3476.2137
74369,12149.8,3778.8782
74370,12189.9495,3028.0708
74371,12154.2808,2524.0301
74372,12132.7003,3751.6119
74373,12183.3508,3939.1703
74374,12171.9045,2588.037
74375,12130.5991,2538.6618
74376,12129.1177,3751.3051
74377,12134.4461,2892.115
74378,12168.6955,3692.3591
74379,12177.6596,2527.1308
74380,12184.414,3219.2633
74381,12136.3902,2470.1424
74382,12146.6969,3902.5447
74383,12153.5118,3235.9725
74384,12150.9699,3171.7766
74385,12179.3241,3685.9916
74386,12169.6625,3674.3376
74387,12143.6478,3456.2331
74388,12162.8646,3819.6362
74389,12131.1834,2907.6556
74390,12152.4038,3420.9083
74391,12164.0941,2991.8921
74392,12134.3537,3070.3048
74393,12162.0228,2801.6775
74394,12145.0966,2754.5024
74395,12127.6577,2649.3492
74396,12157.8509,3568.0096
74397,12169.6939,3680.2245
74398,12138.2822,3820.1708
74399,12153.707,3595.9803
74400,12130.3342,2978.4123
74401,12164.4051,2669.3228
74402,12167.5147,3781.9986
74403,12165.1615,3173.7061
74404,12145.7303,3260.1565
74405,12171.5055,2763.489
74406,12159.1696,3463.4494
74407,12164.2035,2977.4234
74408,12117.0832,3660.8057
74409,12109.0064,2684.3027
74410,12164.8199,3320.6447
74411,12166.9017,3688.7817
74412,12122.064,2900.7868
74413,12120.1088,3744.002
74414,12165.8265,3459.9365
74415,12165.6634,2936.1047
74416,12136.2328,3694.8748
74417,12143.2191,3828.2538
74418,12160.9381,3535.606
74419,12125.0824,3627.567
74420,12152.2208,3755.2671
74421,12112.6364,3755.0537
74422,12162.0496,3056.7419
74423,12156.3768,3321.5929
74424,12106.6647,3916.5354
74425,12141.1435,3398.0212
74426,12143.0666,2524.5091
74427,12151.6474,3354.4286
74428,12101.5029,2649.1273
74429,12105.6205,3113.5111
74430,12119.1488,3975.9954
74431,12118.8894,2568.3189
74432,12098.1686,3561.8743
74433,12116.9521,3979.7111
74434,12154.4965,3130.9255
74435,12132.9059,2572.6282
74436,12132.1075,2876.1256
74437,12115.1824,3446.7934
74438,12111.863,3343.5928
74439,12107.6606,2871.5085
74440,12123.2051,2767.7395
74441,12121.1855,2977.9092
74442,12103.1547,3723.8452
74443,12111.1987,3282.1694
74444,12127.9105,3707.7957
74445,12107.276,3870.9036
74446,12093.6142,3918.9159
74447,12116.557,3479.5693
74448,12091.1152,3787.9994
74449,12134.9397,3794.2871
74450,12113.8796,3305.8231
74451,12137.5191,3334.0128
74452,12091.1019,2563.9169
74453,12102.2361,3738.0415
74454,12112.7971,2999.1258
74455,12108.616,3527.4718
74456,12122.707,3563.2914
74457,12118.1834,3102.9502
74458,12107.276,3634.802
74459,12088.8802,3872.755
74460,12117.4618,2778.5158
74461,12095.2515,2906.0524
74462,12119.7669,3922.3322
74463,12100.6411,3953.7281
74464,12103.7413,3820.5055
74465,12126.8189,2969.4241
74466,12135.1219,2632.6618
74467,12078.526,3684.5471
74468,12089.9713,3424.5693
74469,12084.9583,3955.6267
74470,12084.3666,2889.9957
74471,12126.0281,2541.5893
74472,12129.4335,3740.0399
74473,12088.0039,3417.7918
74474,12113.1483,2703.0644
74475,12120.3269,2978.5253
74476,12106.6767,2519.2464
74477,12091.1379,3519.2341
74478,12099.3306,3003.6096
74479,12074.5006,3183.1997
74480,12098.4693,3043.2922
74481,12127.958,2960.2605
74482,12121.0908,3005.2846
74483,12099.6387,3185.5855
74484,12105.5987,2985.7547
74485,12073.9791,3852.6769
74486,12102.6781,2893.532
74487,12097.5603,3009.343
74488,12122.4875,3287.9015
74489,12114.9076,3312.5777
74490,12071.3616,3040.0211
74491,12120.7836,3641.2941
74492,12074.1856,3299.6622
74493,12100.7015,3952.7696
74494,12114.4682,3082.0967
74495,12107.2012,3320.2078
74496,12119.6004,2857.8054
74497,12066.2749,3700.4081
74498,12114.9508,3452.6456
74499,12058.7144,2958.3714
74500,12071.9343,3199.5312
74501,12115.8854,3357.2192
74502,12083.5054,3086.5463
74503,12113.0725,3002.8131
74504,12086.0469,3901.8105
74505,12080.7279,3246.6316
74506,12114.0179,2864.3037
74507,12064.8987,2656.1587
74508,12106.8816,2936.4959
74509,12086.3092,3910.3319
74510,12112.3472,3325.9061
74511,12063.9634,3484.1052
74512,12065.9823,2561.2067
74513,12052.6101,2636.8404
74514,12071.412,2828.7537
74515,12068.4434,2944.4012
74516,12071.586,3648.975
74517,12071.0316,3327.2073
74518,12057.3893,3724.6431
74519,12048.8442,2750.3571
74520,12105.4705,3018.6932
74521,12103.5052,3824.2898
74522,12065.0849,3620.5323
74523,12102.6482,3339.0481
74524,12055.4151,2958.4024
74525,12103.8927,3613.9372
74526,12091.1028,3303.913
74527,12053.832,3428.9652
74528,12071.67,3887.5401
74529,12070.9998,3431.8544
74530,12069.1088,3654.6741
74531,12101.4333,3445.0206
74532,12097.2524,3260.3746
74533,12045.8159,3816.1313
74534,12051.5085,3455.3689
74535,12055.5163,3636.1077
74536,12057.9519,3394.4688
74537,12041.365,2661.5522
74538,12089.8504,2959.8182
74539,12048.5027,3590.0571
74540,12092.1397,3529.286
74541,12079.7195,3905.308
74542,12074.297,3828.7763
74543,12081.8131,3260.143
74544,12085.5184,3656.4745
74545,12085.0789,3763.1881
74546,12058.2435,2904.9084
74547,12085.6681,3447.9249
74548,12088.2122,2817.1155
74549,12070.8032,2769.0679
74550,12078.6619,3843.6622
74551,12090.6553,3410.0028
74552,12082.8924,2849.3034
74553,12041.067,3238.7429
74554,12081.0688,2461.9309
74555,12081.1042,3805.7928
74556,12049.9504,2878.9839
74557,12085.3559,2771.3999
74558,12066.9947,2831.8445
74559,12037.4873,3810.7116
74560,12068.5234,3028.6461
74561,12029.0015,2530.9623
74562,12077.7688,2823.4498
74563,12082.7892,2595.2665
74564,12031.4223,2490.3419
74565,12044.9248,3099.6923
74566,12050.9939,3327.6117
74567,12060.6371,3932.7818
74568,12029.952,3937.9889
74569,12032.3459,3848.7864
74570,12028.1919,2539.6077
74571,12038.8481,3807.7134
74572,12049.8704,3820.3065
74573,12030.8108,2755.1484
74574,12033.5433,3030.849
74575,12065.8121,3472.3326
74576,12021.6027,3708.1029
74577,12055.7311,3714.5919
74578,12020.419,2689.0736
74579,12029.1715,3266.8491
74580,12060.7585,3148.6767
74581,12048.2527,3055.9341
74582,12020.3799,3712.0804
74583,12061.8891,3399.7708
74584,12037.4742,3762.0914
74585,12066.0066,3771.439
74586,12037.3712,2952.1959
74587,12020.1882,2800.8402
74588,12056.8649,3657.9626
74589,12064.0239,3145.0422
74590,12058.4845,3623.8956
74591,12030.8862,3640.133
74592,12027.2613,2842.4044
74593,12034.6998,3624.2887
74594,12036.5335,3228.828
74595,12012.825,3096.5565
74596,12062.2982,3255.7963
74597,12022.3788,3640.0459
74598,12006.2952,2505.5054
74599,12033.6217,3731.4904
74600,12063.3784,3269.4281
74601,12013.9588,3706.5396
74602,12036.2659,2925.8534
74603,12020.225,2863.7922
74604,12048.1993,3728.5189
74605,12008.5673,3177.5905
74606,12052.4994,3665.8713
74607,12028.1759,3021.539
74608,12030.3024,3920.4949
74609,12010.2414,3471.6529
74610,12035.2853,3797.7093
74611,12052.6883,3094.0252
74612,12039.7953,2667.2009
74613,12001.6241,2850.5885
74614,12015.2424,3520.0376
74615,12002.1868,2579.5064
74616,12035.1936,3576.0521
74617,12051.9343,3547.716
74618,12038.2136,3531.2922
74619,12014.8625,3612.27
74620,12030.8081,3564.2237
74621,12050.7821,2610.3111
74622,12022.5596,3948.1372
74623,12017.956,3938.6013
74624,12041.1476,2712.8723
74625,12015.1282,3101.6724
74626,12031.1342,3660.5865
74627,12010.4059,3694.9827
74628,11998.8543,3002.8655
74629,12047.5619,3665.2508
74630,12013.3361,3006.0652
74631,12027.4693,3917.901
74632,12011.2852,3265.4799
74633,12043.6162,2579.4139
74634,12001.0268,2970.9441
74635,11999.9312,3653.1517
74636,12026.2622,3716.8364
74637,12035.5676,3871.228
74638,12038.4522,3060.5859
74639,12014.4822,3742.4701
74640,12015.9763,2769.1463
74641,12035.9172,3377.9621
74642,12004.7017,2833.3876
74643,12010.2465,3025.4879
74644,12006.0251,3827.7225
74645,12018.7913,2705.7412
74646,12024.5374,3733.0322
74647,12011.9522,3770.3395
74648,12020.0965,2715.5213
74649,12018.5067,3086.9366
74650,11995.0354,3119.2999
74651,12034.7933,2731.5742
74652,12027.3141,3874.6663
74653,12026.0378,3754.1982
74654,11979.8619,2727.9003
74655,12006.5018,2716.9829
74656,12009.3254,3066.7443
74657,11989.1899,2941.998
74658,12023.4557,3082.2755
74659,11998.9819,2916.2339
74660,12005.8663,3792.6325
74661,12020.2925,2547.5868
74662,12017.1511,3699.0081
74663,11975.2112,3815.393
74664,12013.6359,3080.3837
74665,11975.6413,3323.558
74666,12015.7067,3274.4473
74667,12005.4533,3289.174
74668,12013.7368,3793.3207
74669,12025.1532,3100.3199
74670,11974.157,2695.5423
74671,11979.1621,2921.4695
74672,12004.6987,2980.1305
74673,11968.3087,3316.6147
74674,12016.7946,3461.8482
74675,11971.1423,3025.8094
74676,11975.2714,2620.2736
74677,12006.2623,2552.7786
74678,12004.7846,3191.1147
74679,11979.8338,3171.2196
74680,11971.4666,3124.5858
74681,11984.7021,2594.8244
74682,11968.7567,3929.3392
74683,12020.8291,3511.9658
74684,11980.3232,3008.3228
74685,11964.6152,3199.4599
74686,12005.6069,3485.891
74687,11964.2919,3706.0816
74688,12005.144,2889.3348
74689,11972.1797,3114.6938
74690,12009.5553,3590.7246
74691,11983.1265,3363.19
74692,12011.8104,3770.6918
74693,11962.1457,3880.2424
74694,11991.5167,3119.1694
74695,11987.3066,2532.2228
74696,12012.7176,2961.8403
74697,11973.6302,3271.3393
74698,11963.9667,3796.4922
74699,12009.2111,2988.5759
74700,11973.3554,3075.1518
74701,11964.4211,3336.7346
74702,11978.9141,3530.0202
74703,12008.3041,2933.9622
74704,12000.6886,3641.6168
74705,11979.757,3050.1233
74706,11982.5677,2831.5378
74707,11959.7046,3579.2879
74708,11997.3079,2454.7978
74709,11965.9606,3806.8176
74710,11994.5371,3834.271
74711,12008.5899,2953.9868
74712,12002.1401,3111.6669
74713,11998.1192,3061.1986
74714,12006.3971,3384.7426
74715,11964.0056,3451.2396
74716,11980.4001,3542.88
74717,11988.7903,3565.0504
74718,11949.0744,3582.1184
74719,11992.0168,3012.4968
74720,11971.5384,2643.0148
74721,11990.282,3343.5656
74722,11991.1809,3932.6282
74723,11975.4952,2814.7705
74724,11991.9473,2726.686
74725,11994.3141,3060.111
74726,11958.8585,3004.5259
74727,11966.6929,3500.1469
74728,11997.908,3379.3965
74729,11990.4115,3648.7161
74730,11995.2994,3095.4604
74731,11952.0155,2529.6071
74732,11947.8538,3505.4871
74733,11956.7316,3585.3887
74734,11983.0441,2939.9435
74735,11956.3625,2878.6857
74736,11946.4758,3372.9219
74737,11945.0455,3807.0155
74738,11937.6671,2897.7969
74739,11938.077,3789.01
74740,11952.047,2834.9005
74741,11969.5758,2767.6621
74742,11957.9394,3408.1437
74743,11993.0847,3014.5459
74744,11960.4956,3383.9701
74745,11936.3748,3871.0346
74746,11991.3022,2902.4718
74747,11961.1765,3413.7111
74748,11941.9036,3557.9924
74749,11959.5399,2511.0841
74750,11932.3605,3421.9119
74751,11941.3214,2860.8287
74752,11951.1584,3893.6906
74753,11980.5411,2860.2985
74754,11946.8411,2706.7721
74755,11958.5551,3000.8934
74756,11987.8683,3475.429
74757,11933.4551,2642.8355
74758,11981.6094,3462.4868
74759,11965.7477,2572.7882
74760,11964.3549,3366.5874
74761,11982.6165,3505.6413
74762,11980.8408,3223.8644
74763,11981.8761,2802.6541
74764,11963.3002,3145.434
74765,11931.7648,3125.8921
74766,11980.9035,3453.4769
74767,11931.3035,2663.5669
74768,11951.3182,3471.5786
74769,11932.3313,3691.8626
74770,11949.8613,3522.4028
74771,11932.6032,2661.9853
74772,11950.7898,2558.1281
74773,11960.2694,2504.776
74774,11940.1645,3525.818
74775,11958.4048,3361.3966
74776,11964.6856,3472.9933
74777,11952.4676,2650.6566
74778,11958.5177,2866.6851
74779,11935.3229,2842.1131
74780,11926.3205,3757.9082
74781,11959.1648,2480.2147
74782,11930.6299,3451.1012
74783,11928.0493,2850.3953
74784,11926.1577,3733.9346
74785,11949.0937,2754.1518
74786,11973.8813,3934.773
74787,11929.9018,3672.5708
74788,11961.7602,3152.0486
74789,11941.5899,3378.297
74790,11969.2134,3718.4898
74791,11924.9146,3748.5344
74792,11972.4745,3196.0967
74793,11969.1959,3801.3057
74794,11939.1798,3805.3683
74795,11924.8064,2856.2397
74796,11919.1874,3890.815
74797,11936.1088,2630.5581
74798,11919.1875,2730.2209
74799,11960.976,3515.9249
74800,11942.8968,3002.279
74801,11948.472,3781.5068
74802,11931.815,3454.9831
74803,11945.4766,2472.4436
74804,11915.3835,3717.1664
74805,11924.6475,2865.833
74806,11921.7716,3321.385
74807,11938.8088,2842.0062
74808,11962.5327,3757.9553
74809,11938.7534,3414.7341
74810,11908.3556,3759.5229
74811,11949.063,3309.6422
74812,11906.8052,2983.4254
74813,11920.0427,3749.3543
74814,11930.2006,3909.2534
74815,11922.5031,2532.2015
74816,11953.335,3554.4023
74817,11954.681,3479.3209
74818,11935.9652,3630.6961
74819,11914.1542,3749.427
74820,11933.2507,3484.9976
74821,11922.0527,3679.3613
74822,11937.8901,3657.4498
74823,11915.4275,2807.9594
74824,11922.6565,3803.7253
74825,11927.942,3169.4891
74826,11941.9608,2956.6026
74827,11947.6751,3890.119
74828,11905.7915,3713.7744
74829,11927.3142,2488.8807
74830,11942.8118,3266.3268
74831,11934.3244,3810.6472
74832,11914.4806,3720.7641
74833,11934.424,3136.7634
74834,11897.2549,3449.1673
74835,11909.4859,2585.1895
74836,11940.1464,3060.113
74837,11898.4225,3470.3453
74838,11939.8248,2526.7707
74839,11903.6734,3157.6624
74840,11942.1578,3218.5692
74841,11944.1162,3575.4424
74842,11943.567,3809.4202
74843,11897.1417,2860.2333
74844,11947.3947,3063.9433
74845,11911.6547,3610.1311
74846,11945.1504,2891.6612
74847,11928.4814,3714.9184
74848,11917.6178,3017.3778
74849,11925.5742,3728.8647
74850,11896.0143,3767.9905
74851,11945.4622,3625.0135
74852,11925.0836,3511.9184
74853,11901.1514,2791.7603
74854,11894.6356,3449.2123
74855,11907.647,3463.0843
74856,11941.4785,2711.7988
74857,11889.5995,3901.4796
74858,11939.6843,2904.6203
74859,11905.1249,3594.6696
74860,11941.1741,3312.1124
74861,11918.643,2848.4064
74862,11909.6726,3291.3166
74863,11911.961,3446.1331
74864,11900.5024,3587.6996
74865,11926.8527,3770.1929
74866,11896.3491,3296.7009
74867,11922.0697,2599.5817
74868,11909.0236,3017.2708
74869,11894.3255,3279.6113
74870,11931.7011,2579.7353
74871,11899.5288,2595.4605
74872,11919.3011,3090.8577
74873,11895.3995,3372.4292
74874,11915.3193,3706.9866
74875,11919.5866,3668.2372
74876,11894.5687,2729.6123
74877,11911.9903,3105.4136
74878,11925.1198,3496.0434
74879,11928.0528,3417.9495
74880,11901.8294,2719.1264
74881,11920.8225,2913.2096
74882,11902.5747,3271.4243
74883,11912.6523,3305.7652
74884,11898.9121,3662.448
74885,11891.2306,3574.2048
74886,11905.2543,3633.3797
74887,11916.8218,3415.0616
74888,11884.2156,2554.7371
74889,11929.766,3178.5516
74890,11905.4107,2678.9299
74891,11932.9019,3888.1014
74892,11892.2645,3568.9397
74893,11910.6869,2745.3224
74894,11908.6637,2842.7849
74895,11916.8984,3016.1299
74896,11901.3674,2477.9727
74897,11895.6338,3509.6124
74898,11901.5076,2596.5884
74899,11898.3931,2944.3217
74900,11873.6431,2982.2252
74901,11919.0152,2788.7928
74902,11905.8927,3878.2945
74903,11913.0605,2932.0428
74904,11905.3977,3702.1215
74905,11903.5895,2466.4203
74906,11898.0662,2676.7784
74907,11898.8274,3110.042
74908,11871.2373,3465.6949
74909,11882.4823,2739.2931
74910,11914.7501,3046.2962
74911,11923.0277,2681.9439
74912,11879.459,3630.3092
74913,11890.496,3703.1824
74914,11898.4114,3371.8868
74915,11883.6466,3451.6982
74916,11880.1234,3209.1839
74917,11921.134,3914.0338
74918,11863.2589,3749.1028
74919,11886.8213,3544.9124
74920,11875.5347,3810.9752
74921,11912.361,3326.076
74922,11913.4401,3717.0783
74923,11878.6781,3370.1544
74924,11904.0564,3533.9209
74925,11867.5156,3259.6529
74926,11895.9534,2517.7666
74927,11908.1263,3668.8928
74928,11887.7756,2839.8638
74929,11893.5473,3828.127
74930,11887.9851,2940.3321
74931,11865.6338,2863.8149
74932,11898.2468,2456.8584
74933,11880.0548,3708.551
74934,11909.5018,3911.6592
74935,11863.1182,2823.9697
74936,11886.9715,3066.023
74937,11877.0982,2539.7922
74938,11874.1741,2637.2334
74939,11891.6811,3250.0013
74940,11876.2996,3144.2515
74941,11855.8781,3172.7914
74942,11870.9391,3051.3281
74943,11892.113,2696.1535
74944,11891.773,3023.8462
74945,11858.1196,3702.6812
74946,11859.6417,2535.8616
74947,11891.8963,3712.9015
74948,11858.0503,2861.6486
74949,11861.1054,2998.7634
74950,11859.0859,3063.4229
74951,11867.8569,2626.8493
74952,11852.6824,3098.0459
74953,11858.495,3619.208
74954,11876.0024,2487.8963
74955,11903.9343,2820.7569
74956,11900.2836,3702.2445
74957,11873.0784,3276.6753
74958,11859.1523,2481.4667
74959,11865.2329,3481.9753
74960,11849.6972,3268.4572
74961,11898.6341,3584.4822
74962,11862.536,2443.3966
74963,11856.1868,2631.1221
74964,11891.0562,3867.3316
74965,11876.9214,3025.9652
74966,11847.3037,3219.7527
74967,11901.7,3144.3299
74968,11869.8716,3092.7876
74969,11892.0563,3363.803
74970,11883.4043,2971.7627
74971,11872.6047,2544.3575
74972,11876.0896,2548.8945
74973,11864.4643,2442.5799
74974,11883.5561,2953.622
74975,11898.3685,2480.978
74976,11856.7332,3019.3404
74977,11852.9419,3517.1798
74978,11840.8899,2972.8752
74979,11858.9994,3409.2737
74980,11854.756,3872.8202
74981,11863.1712,2986.6085
74982,11890.2864,3605.6271
74983,11888.2988,3477.2682
74984,11878.2937,3276.2001
74985,11882.8476,2565.8498
74986,11895.151,2508.2394
74987,11843.0984,3798.9978
74988,11884.7692,3369.0045
74989,11838.8417,3696.4326
74990,11857.7143,3633.2965
74991,11845.9973,3172.0874
74992,11867.6201,3269.392
74993,11837.0234,2426.7963
74994,11893.6981,3045.1785
74995,11868.4508,3646.8432
74996,11878.5373,2848.4042
74997,11874.1993,3325.292
74998,11867.9744,3506.6157
74999,11874.0741,2737.4683
75000,11852.2333,2602.4225
75001,11846.7162,3763.3173
75002,11851.507,2779.7942
75003,11832.2535,3654.3909
75004,11889.8692,2742.4761
75005,11862.5645,3250.7404
75006,11833.1205,2820.4878
75007,11831.5662,2462.8863
75008,11852.6345,3081.1738
75009,11838.047,3155.4484
75010,11857.9281,3681.8657
75011,11851.4197,2514.0472
75012,11861.9246,2854.7005
75013,11843.9411,3768.8299
75014,11884.2275,2458.4088
75015,11872.5336,2445.3524
75016,11841.5311,3246.9072
75017,11880.4517,3613.0721
75018,11849.7222,2921.0306
75019,11864.5349,2573.7168
75020,11874.7787,3379.128
75021,11830.3866,2411.0237
75022,11835.7022,3474.5377
75023,11830.6012,3666.5891
75024,11857.2011,3506.4725
75025,11880.0431,2511.2521
75026,11839.449,3856.7371
75027,11867.4184,3638.8892
75028,11871.0263,3037.7615
75029,11840.0894,3460.6023
75030,11863.6455,3481.2379
75031,11824.0038,2831.4616
75032,11857.2274,2749.5646
75033,11854.9895,3746.0409
75034,11847.5781,2988.9958
75035,11834.0043,3608.2451
75036,11853.4081,2554.4684
75037,11825.6252,3697.1063
75038,11862.1653,2598.7038
75039,11875.9993,2664.294
75040,11874.0998,3531.0457
75041,11834.7982,2855.4925
75042,11843.1022,2872.2887
75043,11838.2458,2867.8978
75044,11844.814,3738.5627
75045,11842.5866,2629.6559
75046,11830.6251,3451.5988
75047,11873.295,3347.7146
75048,11857.872,2736.0403
75049,11831.1179,2641.4898
75050,11834.869,3321.996
75051,11826.0842,3786.9042
75052,11860.2052,3718.2663
75053,11844.3894,3540.5377
75054,11824.4082,3868.3201
75055,11814.327,3854.6471
75056,11824.6131,3760.764
75057,11848.4353,3500.4309
75058,11832.0261,2859.1109
75059,11815.2151,2495.6782
75060,11821.753,3516.5207
75061,11840.877,3408.7932
75062,11864.3871,2926.083
75063,11855.1194,3661.3182
75064,11814.9221,3033.2819
75065,11812.3794,2741.9133
75066,11859.6643,3077.8424
75067,11840.7448,3231.2016
75068,11812.1481,3813.2884
75069,11854.1495,3095.6434
75070,11813.652,3800.1137
75071,11817.9788,3075.2395
75072,11856.3564,3463.9631
75073,11846.3496,3283.7205
75074,11864.8161,2882.8619
75075,11823.5283,2567.552
75076,11858.1489,3751.5142
75077,11811.6879,2468.3355
75078,11823.7872,3518.5269
75079,11806.5235,3411.3927
75080,11821.3473,3355.0979
75081,11832.7617,3286.1721
75082,11822.3649,3392.0342
75083,11839.0262,2566.5837
75084,11816.6642,3681.7047
75085,11860.5518,3670.4893
75086,11847.6249,3068.1708
75087,11822.5904,3181.2263
75088,11823.9719,3639.5006
75089,11845.0147,2409.8336
75090,11811.3991,3227.2038
75091,11831.0166,2854.5729
75092,11818.9029,2412.9385
75093,11856.483,3842.503
75094,11804.6166,3006.2892
75095,11810.0564,2466.4343
75096,11853.2439,3411.5184
75097,11845.3274,2676.4227
75098,11827.02,3127.9173
75099,11855.772,2613.6233
75100,11833.7896,3040.3242
75101,11819.543,2770.2336
75102,11813.3335,3425.8816
75103,11823.4664,2648.4567
75104,11796.7739,2462.6142
75105,11851.7357,2795.5644
75106,11821.3169,3512.3786
75107,11815.5468,3305.0194
75108,11808.6708,2643.8363
75109,11813.4311,3815.5189
75110,11822.9778,3045.0538
75111,11807.5545,2602.9831
75112,11847.4724,2692.8745
75113,11815.6258,2865.524
75114,11801.5316,2531.1915
75115,11831.3671,3499.1006
75116,11827.6349,3742.3514
75117,11796.7141,2412.078
75118,11805.8861,3447.0036
75119,11809.3347,2413.5899
75120,11847.3127,3088.4736
75121,11828.7071,2606.2449
75122,11806.6067,3490.8763
75123,11827.8371,2550.3215
75124,11819.7365,3551.256
75125,11826.3256,3802.9696
75126,11788.0797,3526.6917
75127,11817.5334,3288.0711
75128,11809.4791,3551.097
75129,11834.2439,3427.3388
75130,11838.188,3145.8839
75131,11794.4387,3816.272
75132,11831.7369,2497.4316
75133,11789.108,2431.2159
75134,11826.5665,3523.8371
75135,11825.0884,3050.1294
75136,11824.3236,2639.9349
75137,11832.0469,3039.8289
75138,11809.5274,3151.9345
75139,11814.7766,3655.8229
75140,11837.1214,3774.0717
75141,11819.5224,2949.1516
75142,11816.4805,3350.8606
75143,11816.4332,3647.7342
75144,11798.1212,2775.0061
75145,11799.648,3324.9666
75146,11833.0668,2550.8524
75147,11810.9922,3334.4527
75148,11792.8226,3716.1913
75149,11784.7725,3686.2522
75150,11788.6028,2546.4107
75151,11787.6988,3705.2468
75152,11799.9353,3424.8061
75153,11783.6329,3092.4344
75154,11794.9549,3430.8074
75155,11810.4592,2874.7844
75156,11829.0609,3472.3844
75157,11786.0448,2745.4284
75158,11815.6713,3693.2321
75159,11832.6201,2936.0262
75160,11789.3406,3542.8747
75161,11817.2783,3607.8573
75162,11779.8976,3032.1407
75163,11806.8032,3162.6553
75164,11822.7205,3412.1786
75165,11814.8953,3691.557
75166,11822.3865,2784.7502
75167,11795.8623,3163.2419
75168,11785.5925,3248.0752
75169,11784.1616,3571.5963
75170,11819.0749,2902.5528
75171,11800.6501,3241.2309
75172,11821.534,3206.847
75173,11807.6045,2752.2565
75174,11791.9133,3463.2604
75175,11772.4856,3360.0797
75176,11813.4613,3115.8646
75177,11820.1076,3290.4937
75178,11771.6867,3827.3692
75179,11772.8017,2590.3796
75180,11802.2561,2814.4953
75181,11800.0816,3814.3291
75182,11792.9523,2593.9075
75183,11823.3412,3138.6543
75184,11804.0991,3819.3285
75185,11767.9757,3815.8334
75186,11805.7605,2875.8278
75187,11807.7157,3292.6789
75188,11799.442,3428.399
75189,11816.1768,2425.1241
75190,11821.6794,3860.814
75191,11767.7578,3117.1579
75192,11815.9414,2533.0713
75193,11797.1145,2681.2523
75194,11781.5407,2829.748
75195,11815.0152,3786.3131
75196,11810.5962,3729.6245
75197,11812.4838,3695.2759
75198,11797.2405,3766.6017
75199,11800.322,3533.027
75200,11816.5848,3669.148
75201,11799.0014,2880.9278
75202,11806.6696,3048.7842
75203,11803.2833,2537.0215
75204,11791.2086,3848.8422
75205,11779.7953,2993.426
75206,11760.9971,2911.6996
75207,11813.6089,2942.5181
75208,11797.0654,2659.3963
75209,11815.891,3402.2336
75210,11769.8685,2990.3268
75211,11785.4485,2879.3095
75212,11784.9716,3439.1832
75213,11796.2805,2735.3789
75214,11768.467,3743.3895
75215,11798.5842,3440.7374
75216,11809.3013,3778.8441
75217,11755.4711,3013.0398
75218,11778.379,3301.3833
75219,11767.0887,2456.8546
75220,11800.7017,2817.4181
75221,11781.3671,3805.1384
75222,11805.5232,3807.7132
75223,11770.4266,3785.6524
75224,11803.2406,3241.0973
75225,11760.6026,3143.5926
75226,11791.4952,2608.1529
75227,11780.5055,3528.7672
75228,11793.2237,3543.6718
75229,11791.0181,3278.1004
75230,11802.3759,2445.1732
75231,11757.3859,3254.2683
75232,11789.4253,2699.4628
75233,11750.5334,3054.9153
75234,11798.708,2842.623
75235,11800.3381,3032.6504
75236,11804.0841,3640.6406
75237,11796.9849,2913.9177
75238,11756.489,3746.1913
75239,11755.5761,3439.1742
75240,11780.1336,3530.4864
75241,11760.4297,3172.544
75242,11776.6888,3211.2003
75243,11747.5996,2985.0331
75244,11745.273,3087.7747
75245,11795.015,3081.6223
75246,11790.2315,2961.3578
75247,11763.8135,3356.889
75248,11801.2842,2911.6416
75249,11750.4247,3663.3139
75250,11771.8023,2976.5583
75251,11782.9559,3317.6385
75252,11796.9899,3755.0538
75253,11756.4051,3480.8539
75254,11769.5155,3491.5979
75255,11797.9138,3143.1957
75256,11762.8637,3205.2043
75257,11789.2013,2831.1888
75258,11755.3993,2999.6371
75259,11791.17,3760.4996
75260,11776.3564,2677.5184
75261,11744.1525,3252.0482
75262,11779.3264,3782.9882
75263,11753.3734,3035.0481
75264,11785.7162,3091.4239
75265,11773.7138,3309.4106
75266,11740.1234,2926.5628
75267,11739.5562,2536.5871
75268,11740.1766,2873.9219
75269,11763.394,3080.7776
75270,11741.8971,2645.5369
75271,11745.4877,3422.7154
75272,11740.3177,2568.5992
75273,11766.2247,3109.4183
75274,11789.0218,3145.4189
75275,11767.151,2903.265
75276,11743.6757,3220.697
75277,11756.9942,3140.0971
75278,11764.2009,3193.4155
75279,11768.6421,2554.0948
75280,11772.1968,3052.7346
75281,11788.2492,2975.8244
75282,11786.1942,2586.4992
75283,11731.6235,2753.7326
75284,11737.5392,3262.0068
75285,11764.6772,3432.6464
75286,11733.7973,3038.5828
75287,11766.4224,3165.4754
75288,11730.6028,2758.7576
75289,11765.1297,3808.9887
75290,11764.8456,3094.1088
75291,11742.8337,3077.6371
75292,11773.2779,2670.1569
75293,11768.025,3768.0232
75294,11765.0052,3199.4239
75295,11745.7848,3041.7168
75296,11764.6751,2562.863
75297,11765.0075,3407.7248
75298,11747.7658,3162.4894
75299,11769.0914,2683.5179
75300,11753.794,2777.03
75301,11766.0713,2488.6906
75302,11734.132,3335.7488
75303,11759.5673,2631.304
75304,11727.8704,3779.8944
75305,11732.5293,2393.1685
75306,11765.3346,3282.2455
75307,11775.7727,2755.3592
75308,11774.9188,2702.0467
75309,11766.7471,2423.8419
75310,11721.7572,3079.6297
75311,11757.8138,3696.213
75312,11742.2159,2637.665
75313,11753.9567,2705.323
75314,11771.8961,3479.819
75315,11769.3569,2662.9242
75316,11771.1659,2989.0382
75317,11757.3661,3576.9824
75318,11764.7103,3022.787
75319,11752.054,3083.277
75320,11722.9447,2929.5665
75321,11717.2159,2710.4715
75322,11717.7673,3127.3471
75323,11741.0211,3481.7728
75324,11725.6942,2773.1333
75325,11734.3389,2849.4596
75326,11743.1901,3380.2891
75327,11716.0975,2460.8988
75328,11735.1089,3576.9422
75329,11761.8025,3454.1855
75330,11727.4589,2417.358
75331,11736.4229,3634.0421
75332,11716.9733,3477.9188
75333,11718.2981,2601.6694
75334,11743.2804,3544.4923
75335,11751.7198,2838.405
75336,11765.5304,2998.0479
75337,11722.6531,3525.6854
75338,11729.9285,2807.0669
75339,11718.2048,2418.064
75340,11715.1037,2728.1419
75341,11730.8327,2958.2621
75342,11748.9042,2743.5776
75343,11763.6533,3431.8529
75344,11715.4875,2655.2332
75345,11710.7146,3520.3683
75346,11750.0786,3054.2005
75347,11726.0056,3580.4389
75348,11760.3996,2893.8456
75349,11721.6718,2705.1167
75350,11722.961,3226.0637
75351,11748.865,3236.9016
75352,11741.1289,3494.5168
75353,11725.8934,3791.1671
75354,11747.2337,3324.1452
75355,11715.9605,3239.3988
75356,11716.8879,3524.2502
75357,11734.9072,3208.2706
75358,11746.1128,2977.8444
75359,11725.1101,2600.9696
75360,11733.3928,2565.5826
75361,11712.9961,3572.6702
75362,11704.5539,3726.0162
75363,11735.832,2765.7124
75364,11744.6873,2786.8829
75365,11748.4046,3601.2567
75366,11740.2444,3814.4326
75367,11729.142,2738.0119
75368,11751.3591,2536.3834
75369,11735.6584,3821.7403
75370,11718.2549,3536.5701
75371,11702.7669,3611.3515
75372,11738.9927,2683.9635
75373,11726.1718,3042.916
75374,11741.6646,3142.0389
75375,11701.1336,3692.955
75376,11736.4957,3665.5018
75377,11714.2525,3661.5248
75378,11707.3664,3396.6443
75379,11716.8683,3137.5743
75380,11703.283,3377.6635
75381,11712.5578,2451.1445
75382,11733.0262,2430.2065
75383,11749.2907,2604.1863
75384,11740.9017,3099.0658
75385,11710.627,3067.3046
75386,11748.1798,3465.8744
75387,11713.7302,3734.4894
75388,11746.1866,3560.7573
75389,11711.1997,3163.1582
75390,11721.1419,3803.8014
75391,11730.4333,2792.1367
75392,11747.0858,2689.6076
75393,11733.0218,3846.8791
75394,11744.066,2469.8244
75395,11704.2,3783.3412
75396,11712.2251,3076.4066
75397,11699.7929,3567.5974
75398,11738.5239,3408.2644
75399,11733.2329,2603.8634
75400,11691.9058,3065.6202
75401,11717.4087,3413.3068
75402,11697.9346,3111.7362
75403,11696.3465,3612.0145
75404,11719.2542,3689.6133
75405,11715.7147,3800.5421
75406,11711.0484,2943.7608
75407,11725.5083,2741.9354
75408,11729.5262,2541.4743
75409,11687.8909,2886.7918
75410,11699.4505,3176.6093
75411,11719.759,2526.3186
75412,11733.0999,3341.5469
75413,11736.3725,3600.897
75414,11727.7678,2727.8933
75415,11698.3381,3408.847
75416,11704.2623,2477.4312
75417,11708.7037,3454.8197
75418,11703.0515,2623.6129
75419,11689.4643,2408.4198
75420,11682.1096,3319.867
75421,11684.7064,3550.2779
75422,11696.2982,3171.1486
75423,11689.0548,2875.5557
75424,11701.4968,3586.3111
75425,11730.2654,3307.15
75426,11718.9524,2752.9956
75427,11729.5256,3141.4506
75428,11684.0583,3697.2456
75429,11685.8986,2687.9358
75430,11726.2809,3486.2796
75431,11683.6395,3275.1778
75432,11707.3151,2491.3723
75433,11682.9621,3822.5926
75434,11673.7692,2468.6654
75435,11683.0319,2615.8654
75436,11725.1647,2933.9359
75437,11708.8288,2686.7856
75438,11705.9962,3439.8096
75439,11724.7547,3032.1027
75440,11682.1459,2443.4401
75441,11685.1919,3433.806
75442,11674.4675,3707.9576
75443,11684.9547,3796.6061
75444,11677.844,2688.5575
75445,11680.9825,3218.6035
75446,11721.4239,3696.4947
75447,11683.6074,3649.5744
75448,11668.9387,3026.3445
75449,11720.43,2454.2839
75450,11683.6788,2471.2631
75451,11698.6679,3430.5281
75452,11703.5573,2581.7289
75453,11674.8047,2567.8594
75454,11715.342,2950.6775
75455,11669.713,3405.3562
75456,11692.3173,3557.4696
75457,11705.7156,3114.8421
75458,11685.7908,3372.4653
75459,11680.1517,3337.5037
75460,11681.255,3626.3617
75461,11680.732,3495.2556
75462,11664.924,2599.7904
75463,11699.0904,3189.8117
75464,11700.5034,2513.3637
75465,11695.5786,3165.9581
75466,11685.3734,3373.709
75467,11710.8329,3728.3751
75468,11673.353,2464.598
75469,11679.8549,2556.3689
75470,11679.9935,3182.0911
75471,11686.4688,3034.8151
75472,11658.9974,3221.5632
75473,11657.1074,2818.2713
75474,11660.1334,3248.8309
75475,11657.2621,3746.8274
75476,11661.3899,2840.4059
75477,11705.81,3138.0092
75478,11674.441,3116.6175
75479,11700.4085,2448.6571
75480,11688.6161,3754.275
75481,11663.5983,2390.7489
75482,11684.0624,3210.2627
75483,11679.5137,3252.7671
75484,11678.4671,2746.8697
75485,11664.1695,2812.063
75486,11682.5251,3323.5581
75487,11674.4271,3398.5083
75488,11687.0214,3519.9977
75489,11703.5361,3411.0504
75490,11674.8221,3449.2519
75491,11678.024,3621.6698
75492,11658.4573,3009.2683
75493,11673.0281,3467.8348
75494,11665.8095,3648.5442
75495,11647.8019,3161.0114
75496,11652.7961,2538.613
75497,11658.049,2579.9955
75498,11666.0415,2796.7672
75499,11667.9712,3043.6364
75500,11652.4604,2946.3333
75501,11671.9741,3049.6777
75502,11683.0474,3512.8408
75503,11659.8615,3489.1053
75504,11686.5114,2800.6908
75505,11642.7323,3438.7143
75506,11663.7178,2889.6015
75507,11684.9066,3766.5141
75508,11663.1615,2424.8978
75509,11652.6429,2960.5246
75510,11675.661,3311.1542
75511,11696.4147,3767.9003
75512,11657.5239,2831.6325
75513,11676.7554,3660.2831
75514,11671.855,3417.1251
75515,11661.4569,3060.0578
75516,11659.4938,3053.0638
75517,11666.5138,2952.8326
75518,11664.5587,2510.5195
75519,11641.3606,3533.3781
75520,11649.0991,2869.6681
75521,11673.0654,2909.2699
75522,11636.472,2593.9558
75523,11667.6643,2945.0889
75524,11657.1458,3263.2462
75525,11653.0558,3293.2616
75526,11665.4822,2736.5972
75527,11652.6542,2612.0337
75528,11687.8349,2816.2698
75529,11650.3861,2570.8991
75530,11665.6167,3477.1114
75531,11648.6587,2870.796
75532,11636.6554,2848.8948
75533,11687.5524,3645.6329
75534,11652.3412,3132.87
75535,11640.2894,3328.77
75536,11670.677,3327.1084
75537,11644.1624,2620.4143
75538,11670.0037,2845.5736
75539,11677.3844,3609.338
75540,11678.9195,3188.9589
75541,11643.315,2488.1735
75542,11650.872,3723.7368
75543,11644.2991,3280.4144
75544,11626.9544,3602.3438
75545,11662.6697,3723.1862
75546,11629.2137,2850.0436
75547,11664.9649,2696.0279
75548,11674.6779,2726.2691
75549,11633.247,2926.7176
75550,11657.3716,2693.5397
75551,11642.6055,3508.2254
75552,11624.3907,3048.9027
75553,11678.2868,3821.6212
75554,11628.9576,2542.5869
75555,11663.3286,2417.5662
75556,11663.4802,3645.5998
75557,11622.9171,2635.4479
75558,11675.6003,3749.4396
75559,11649.9271,2781.5703
75560,11626.8417,2780.648
75561,11655.093,3385.9677
75562,11668.4033,3740.7277
75563,11655.7295,2839.4441
75564,11670.427,3438.978
75565,11660.4157,2633.4856
75566,11649.9246,2548.6954
75567,11650.3968,2611.7725
75568,11670.5537,3425.9933
75569,11628.8196,2609.2587
75570,11652.127,2603.5541
75571,11658.8783,2910.5706
75572,11657.6177,2698.844
75573,11650.9809,3732.6942
75574,11637.8304,3179.6302
75575,11630.346,3293.2111
75576,11658.4835,3696.5072
75577,11664.8976,3619.2771
75578,11643.1395,3679.5615
75579,11611.0813,3019.2462
75580,11661.8205,3388.5673
75581,11625.3879,3497.8741
75582,11636.7698,3266.8971
75583,11629.9752,2512.1745
75584,11620.9661,3691.0244
75585,11636.5447,2605.7373
75586,11611.2893,3242.1104
75587,11660.4836,2970.1602
75588,11616.3952,2487.4713
75589,11616.9325,2780.8175
75590,11617.7453,2624.0498
75591,11619.6654,3158.269
75592,11619.7244,3690.3757
75593,11616.0445,2516.5453
75594,11619.972,2704.6749
75595,11629.9634,2517.2707
75596,11626.1197,2793.5415
75597,11615.293,3013.6954
75598,11647.7502,3039.4297
75599,11637.9938,2849.553
75600,11612.2203,3017.1217
75601,11645.8104,2932.2365
75602,11629.552,2741.4422
75603,11629.1157,3365.3407
75604,11615.523,2529.0889
75605,11602.7853,3596.1082
75606,11647.2087,2978.308
75607,11647.5624,3663.3795
75608,11595.8377,3137.9521
75609,11617.8399,2893.6758
75610,11593.8347,3332.3015
75611,11595.6227,3137.9209
75612,11608.8783,3513.7362
75613,11613.6983,3796.0053
75614,11609.4595,3412.4673
75615,11605.4574,3249.4649
75616,11623.6582,3739.878
75617,11641.5699,2821.7657
75618,11616.1146,3791.1464
75619,11629.7225,2843.5367
75620,11600.3118,3330.2166
75621,11598.092,2889.0543
75622,11592.3299,2699.3802
75623,11633.3652,3253.3979
75624,11627.6641,3468.7976
75625,11596.1953,3086.279
75626,11608.7229,2467.1337
75627,11636.1711,2407.0705
75628,11607.9645,2739.6407
75629,11628.4766,3614.2592
75630,11586.9965,2416.2117
75631,11583.8322,3754.3459
75632,11600.6406,3106.9221
75633,11604.2197,3057.8679
75634,11587.027,3784.1637
75635,11617.2168,2441.1817
75636,11581.1818,2523.7566
75637,11609.4892,2880.4053
75638,11623.8385,3355.9138
75639,11583.9586,3472.4872
75640,11608.3846,3537.4727
75641,11626.3279,3523.7719
75642,11602.5908,2444.5848
75643,11579.574,3041.7221
75644,11616.98,3300.191
75645,11605.5114,3721.8734
75646,11608.1971,3228.6316
75647,11590.5475,3424.2401
75648,11596.3161,3283.7952
75649,11586.8684,3280.8702
75650,11596.06,3543.6189
75651,11613.4627,2998.4425
75652,11577.7776,3064.5901
75653,11601.4792,3197.0795
75654,11570.4263,2710.0725
75655,11611.6857,3673.8299
75656,11625.9981,3543.6755
75657,11604.5676,2472.7021
75658,11598.9291,3222.8247
75659,11579.4086,3756.4038
75660,11601.1816,2828.5606
75661,11581.1628,3628.4994
75662,11582.353,2859.7362
75663,11620.07,3390.0281
75664,11611.4977,3251.8165
75665,11573.903,3381.4712
75666,11592.8161,3705.5461
75667,11596.672,3286.6722
75668,11587.6145,2872.8542
75669,11617.9336,3391.8997
75670,11565.6769,3573.6315
75671,11618.4026,3650.2936
75672,11594.7964,3374.9731
75673,11565.1568,2500.9325
75674,11605.3129,3723.779
75675,11612.4901,3521.9051
75676,11606.9239,3040.425
75677,11570.9567,3497.0406
75678,11595.2576,3589.9433
75679,11609.1958,2882.8705
75680,11564.9115,3713.9746
75681,11612.8962,2877.1201
75682,11557.2058,2485.8046
75683,11602.3226,3233.2108
75684,11580.3929,3087.6818
75685,11559.0514,2420.9211
75686,11558.8678,2784.918
75687,11585.6376,2881.7036
75688,11570.7575,3658.2414
75689,11576.2144,3244.192
75690,11581.1636,2688.8489
75691,11586.574,3268.7644
75692,11589.0988,3309.2038
75693,11575.8805,3061.1847
75694,11585.5234,3741.8335
75695,11585.2025,3332.9408
75696,11557.6395,3371.2513
75697,11550.1831,3536.1683
75698,11602.8685,3494.1781
75699,11583.8357,3091.9608
75700,11551.4316,3550.3758
75701,11595.8895,3041.2193
75702,11597.5876,2450.3527
75703,11586.3232,3597.4605
75704,11549.4607,2999.6253
75705,11543.3484,3080.204
75706,11580.1284,3477.3648
75707,11548.8331,3138.531
75708,11558.1758,3285.5443
75709,11585.3003,3046.1317
75710,11591.2684,3612.7435
75711,11540.6338,2945.9391
75712,11545.3816,3738.6326
75713,11590.0173,2891.5961
75714,11542.0969,3719.0356
75715,11546.9651,2651.1364
75716,11572.4946,3746.258
75717,11548.1368,3156.8314
75718,11572.6524,2659.6891
75719,11579.4723,2612.9371
75720,11544.3001,3104.3629
75721,11536.8303,2705.2539
75722,11576.4493,2418.4106
75723,11555.735,3231.3785
75724,11585.1322,3642.7066
75725,11570.1251,2745.0158
75726,11555.135,2710.6277
75727,11551.5867,3083.1505
75728,11581.123,2962.6973
75729,11581.375,2861.7617
75730,11558.7604,2869.9001
75731,11561.0704,3475.557
75732,11555.5165,3684.0124
75733,11553.669,3533.7776
75734,11549.2827,2740.2428
75735,11545.1109,3496.0044
75736,11541.9114,2841.0673
75737,11573.2739,2480.5556
75738,11540.8489,3608.8625
75739,11526.0588,3564.0881
75740,11553.5218,3250.0685
75741,11560.0924,2553.6204
75742,11539.0553,3724.1156
75743,11526.8602,3684.6598
75744,11573.2752,3052.0187
75745,11572.6589,3075.5004
75746,11523.2189,3443.1352
75747,11523.7113,2504.8556
75748,11547.0372,3039.2987
75749,11521.6148,3656.9023
75750,11533.2211,3127.495
75751,11522.2851,3006.3107
75752,11534.0037,3051.0162
75753,11562.51,3104.8894
75754,11532.3437,2579.2689
75755,11526.5222,2634.24
75756,11553.5675,3740.9359
75757,11547.3184,2984.1476
75758,11530.529,2882.0835
75759,11526.7611,3133.3602
75760,11537.9096,3140.3155
75761,11548.2615,2537.1527
75762,11525.656,3621.6005
75763,11536.1829,3553.3444
75764,11548.7069,2373.1128
75765,11537.2103,2525.8437
75766,11535.752,3176.911
75767,11540.7997,2991.6905
75768,11547.743,3072.9811
75769,11544.3162,3076.6411
75770,11510.7498,2927.1909
75771,11548.1929,3029.2383
75772,11527.635,2981.3711
75773,11530.0429,3257.7995
75774,11549.9761,2788.1703
75775,11522.5469,2505.6767
75776,11527.7111,3023.6602
75777,11556.7156,2448.0219
75778,11524.3266,3315.164
75779,11503.7636,3350.0655
75780,11505.0558,3290.9981
75781,11521.1992,3757.9392
75782,11499.5146,3674.4059
75783,11554.1749,2391.7518
75784,11517.3411,2656.7175
75785,11531.2978,2551.5036
75786,11543.0078,3520.584
75787,11520.3967,3278.0512
75788,11549.2253,3161.0276
75789,11542.9389,2790.6653
75790,11539.2915,2807.1871
75791,11530.1677,3032.2751
75792,11529.1175,2698.6124
75793,11542.9326,3757.3531
75794,11497.5049,2753.1051
75795,11528.8436,2972.4121
75796,11521.7396,3070.9607
75797,11532.4037,2898.3556
75798,11515.9117,2881.961
75799,11539.9183,3505.927
75800,11537.7288,2925.0693
75801,11505.685,2762.535
75802,11508.9477,3344.5178
75803,11499.7194,3311.3666
75804,11489.3503,3578.4739
75805,11536.7291,3069.1719
75806,11499.8495,3027.574
75807,11503.4571,2365.3819
75808,11532.8657,2867.8274
75809,11526.6718,2929.2307
75810,11490.5918,3233.4997
75811,11536.9383,2813.2802
75812,11489.5534,3578.4816
75813,11492.5886,2718.2176
75814,11532.0518,3557.1417
75815,11488.9832,3148.6186
75816,11512.593,3235.4229
75817,11513.7214,3369.8719
75818,11490.0555,2877.3494
75819,11524.5399,3624.2164
75820,11512.9878,3701.7833
75821,11480.9253,3384.8047
75822,11503.6287,3597.2989
75823,11485.3923,2879.0467
75824,11499.5769,2976.7774
75825,11492.2842,2763.9959
75826,11506.0138,2895.7796
75827,11488.2815,2467.1453
75828,11509.7252,2438.3713
75829,11527.2644,2573.5978
75830,11498.9556,3062.37
75831,11505.7705,3468.7996
75832,11502.2974,3513.2009
75833,11502.4025,3722.8411
75834,11512.6365,3712.7872
75835,11510.8314,2418.916
75836,11468.2166,3224.0206
75837,11518.2418,3547.7778
75838,11482.6077,3650.9713
75839,11507.1924,2659.7609
75840,11474.4283,3634.9068
75841,11490.2527,3387.7474
75842,11519.2152,3778.3791
75843,11516.9927,2400.1733
75844,11516.5889,3769.7616
75845,11489.3954,3267.0242
75846,11496.6928,3663.0632
75847,11481.1712,2401.1692
75848,11490.6806,3044.4408
75849,11487.994,3030.1858
75850,11482.1991,3402.7405
75851,11463.6244,3031.3304
75852,11492.3934,3490.3166
75853,11470.4591,3226.5214
75854,11502.9418,2345.0499
75855,11469.0497,2449.7561
75856,11495.7663,3105.5196
75857,11500.3182,3691.9126
75858,11460.8729,2648.303
75859,11476.5028,2817.1477
75860,11489.9847,3031.663
75861,11503.9092,2362.6203
75862,11464.7282,3170.0838
75863,11470.5927,2350.7335
75864,11456.0545,2800.4384
75865,11503.8123,2944.7477
75866,11459.8025,3538.1947
75867,11480.27,2462.1356
75868,11480.2356,3429.4275
75869,11455.6121,3341.4832
75870,11470.3,3037.2103
75871,11457.7442,3641.4818
75872,11467.9455,3071.9516
75873,11470.7165,3312.8738
75874,11465.3505,3446.2447
75875,11468.4025,3100.2231
75876,11448.3279,2793.3139
75877,11456.9714,2490.4709
75878,11473.6515,2338.8594
75879,11473.4996,2387.6361
75880,11467.7765,3754.0702
75881,11481.4857,2874.2018
75882,11475.58,2853.1777
75883,11463.5825,2938.0922
75884,11454.2793,3095.4613
75885,11441.3561,3569.8251
75886,11483.496,2787.6971
75887,11477.2764,3663.7345
75888,11487.6014,2842.2039
75889,11476.5954,2758.9667
75890,11479.7244,2965.8303
75891,11489.5084,3309.2396
75892,11478.001,3498.3486
75893,11441.159,3540.66
75894,11488.7771,2948.8488
75895,11487.2498,3284.5071
75896,11450.0217,2781.1831
75897,11441.7275,3158.4666
75898,11463.079,2625.4186
75899,11481.8138,2497.9684
75900,11459.3259,2713.8565
75901,11483.5857,2452.4349
75902,11473.5906,2888.7017
75903,11447.2951,3401.853
75904,11451.7247,3717.059
75905,11451.5629,3374.1581
75906,11433.9703,3214.8457
75907,11447.2473,3495.453
75908,11453.9973,2414.8967
75909,11427.5544,3242.4461
75910,11449.6468,3504.0768
75911,11474.0606,3093.1634
75912,11470.7375,3097.3145
75913,11459.1506,3623.0179
75914,11436.8549,3313.0059
75915,11456.4527,2887.5315
75916,11469.941,2859.594
75917,11467.1137,3684.5997
75918,11431.9812,2450.8767
75919,11428.5124,3507.7478
75920,11451.1604,3466.0461
75921,11454.7832,2695.0463
75922,11453.5702,2363.7148
75923,11459.6777,2622.2565
75924,11448.8298,3694.3425
75925,11428.0695,2350.496
75926,11459.1806,2768.5102
75927,11413.255,2634.1535
75928,11439.2414,3638.1234
75929,11459.4324,3059.5727
75930,11414.5618,3173.0383
75931,11442.7463,2486.6133
75932,11435.6265,3677.5559
75933,11416.8133,3391.4944
75934,11463.482,2354.6298
75935,11406.798,2586.2439
75936,11406.4564,2972.9333
75937,11440.8937,3577.924
75938,11419.6405,3520.2761
75939,11404.6077,3630.5948
75940,11442.4573,3047.2748
75941,11425.9308,3075.4794
75942,11456.9737,2871.0877
75943,11431.8668,3081.3726
75944,11438.4205,3542.7238
75945,11433.545,2422.3611
75946,11409.3724,2549.8843
75947,11426.5655,2548.935
75948,11426.3286,2734.3011
75949,11417.6558,2822.8425
75950,11448.3452,2637.809
75951,11431.0441,2358.778
75952,11420.943,2405.3696
75953,11415.6888,2426.5161
75954,11410.7839,3732.1213
75955,11445.374,3358.53
75956,11401.8345,3472.597
75957,11414.4293,3566.3053
75958,11421.2946,2665.9786
75959,11413.2834,3326.6743
75960,11443.2723,2553.4583
75961,11437.2518,3170.1461
75962,11429.1617,2518.112
75963,11431.3868,3512.9518
75964,11425.5565,3601.2825
75965,11387.5532,3665.8373
75966,11406.8218,2333.2918
75967,11437.8203,3150.8999
75968,11392.0968,3411.9802
75969,11436.7125,2650.383
75970,11407.3164,3126.8554
75971,11426.879,3374.8615
75972,11436.6771,3529.2281
75973,11432.0697,3325.5186
75974,11382.5506,2880.5594
75975,11427.7307,3586.6268
75976,11393.2977,3655.1361
75977,11401.5714,2893.2012
75978,11380.7301,3411.7391
75979,11392.5646,3109.4998
75980,11388.4892,2845.751
75981,11384.4253,3732.3589
75982,11391.364,3466.2578
75983,11398.5904,2776.2772
75984,11399.1217,2768.2702
75985,11410.2935,2661.4467
75986,11421.4374,3012.3278
75987,11382.3631,2438.6577
75988,11415.2839,3272.6004
75989,11394.8247,3304.2313
75990,11395.6712,3005.1077
75991,11397.1889,2780.5813
75992,11423.245,3219.6477
75993,11378.8884,3632.4829
75994,11369.2905,2825.6628
75995,11403.996,3351.3523
75996,11416.2174,2642.6021
75997,11400.284,2780.6548
75998,11407.7413,2653.8511
75999,11397.6368,3494.2414
76000,11381.4115,3306.9107
76001,11380.9193,3200.9975
76002,11405.9867,3051.632
76003,11391.0822,2915.2042
76004,11386.7061,2388.2967
76005,11416.0072,2941.4463
76006,11409.7684,3668.0844
76007,11400.8101,3276.0874
76008,11398.5284,3447.6398
76009,11415.8949,3712.0134
76010,11363.5098,3319.5246
76011,11409.2141,3467.8507
76012,11409.3159,2727.7966
76013,11388.5662,2898.7387
76014,11397.9189,3349.344
76015,11371.0674,2988.4423
76016,11365.8332,3170.9464
76017,11403.7866,3194.1735
76018,11387.7953,3380.4113
76019,11399.0375,2365.755
76020,11384.2789,2837.4496
76021,11400.716,3365.3404
76022,11361.4707,3406.0604
76023,11401.6673,3575.9776
76024,11399.0587,2552.7636
76025,11404.8125,3025.3525
76026,11369.666,3309.8838
76027,11382.5527,3430.1097
76028,11348.0763,3697.9235
76029,11403.3308,2792.6038
76030,11368.9195,3481.6591
76031,11401.3611,3311.2127
76032,11389.601,2669.4491
76033,11377.2865,2732.785
76034,11366.4298,2345.4695
76035,11366.7982,3691.4027
76036,11361.2604,2463.8824
76037,11363.3649,3362.9181
76038,11363.6999,3344.4118
76039,11367.1149,2716.1669
76040,11350.6924,3343.3221
76041,11348.9279,2399.6115
76042,11355.5261,2609.6682
76043,11367.886,2923.0731
76044,11373.1339,3273.0241
76045,11371.8224,3048.6852
76046,11357.3811,2890.1916
76047,11337.4565,2348.9225
76048,11378.7704,2513.2099
76049,11337.8709,3710.2728
76050,11388.7043,3610.4551
76051,11366.4474,2309.9508
76052,11367.8559,2840.1093
76053,11337.5844,3600.114
76054,11368.5253,2575.9936
76055,11375.7934,3720.9356
76056,11364.9582,3653.4417
76057,11378.099,3420.4434
76058,11379.0365,3138.3317
76059,11340.6387,2440.9628
76060,11379.6837,3255.9461
76061,11350.1128,2533.7359
76062,11375.0764,2811.2106
76063,11360.4748,3158.3777
76064,11328.6334,2664.2311
76065,11366.5508,3650.1247
76066,11379.6578,3155.9357
76067,11345.0547,3506.1242
76068,11357.0693,2817.3732
76069,11368.8347,3373.5381
76070,11349.5537,2787.1712
76071,11355.5926,3663.7859
76072,11353.6959,3374.368
76073,11321.1504,3218.0124
76074,11345.3521,3330.7065
76075,11321.5832,3071.9374
76076,11336.6096,3134.7494
76077,11361.9546,3095.8678
76078,11357.521,3155.3408
76079,11337.5728,3521.5752
76080,11333.8738,3131.8985
76081,11348.1054,2664.2418
76082,11321.5601,2838.7743
76083,11368.7563,2721.1498
76084,11321.8278,3025.0251
76085,11312.4644,3015.0167
76086,11339.4207,3711.4006
76087,11365.3958,3120.5369
76088,11309.3791,2307.2143
76089,11310.5021,2946.5399
76090,11356.1539,3133.0277
76091,11339.6849,3458.2383
76092,11340.9072,2613.0232
76093,11340.6466,2386.3534
76094,11305.8951,2921.1588
76095,11304.9514,3470.2244
76096,11338.3277,3570.7046
76097,11347.5443,3350.661
76098,11313.8303,3603.9781
76099,11321.691,3158.6294
76100,11327.3556,2676.8529
76101,11308.5864,3670.7494
76102,11305.022,2363.8891
76103,11354.7093,3042.2654
76104,11313.084,3460.9728
76105,11311.7832,3270.0324
76106,11352.8177,3342.6604
76107,11296.7812,3639.4021
76108,11308.3189,3368.1595
76109,11295.7661,3223.1603
76110,11340.4109,3080.2471
76111,11338.294,2432.9754
76112,11312.8002,3516.0415
76113,11331.6956,2600.8367
76114,11296.91,2395.0922
76115,11315.2961,2933.6417
76116,11323.6942,3466.0034
76117,11324.9348,2476.4489
76118,11344.5148,3680.8916
76119,11332.412,3190.4679
76120,11337.5596,3289.6554
76121,11300.5121,3298.5292
76122,11299.2524,3294.6212
76123,11298.0827,2896.3948
76124,11338.6174,3137.3694
76125,11293.2083,2605.1467
76126,11336.214,3517.0864
76127,11305.3698,3012.9342
76128,11336.3978,3395.3581
76129,11315.0708,2778.2658
76130,11312.1973,2425.1382
76131,11303.7463,3529.5141
76132,11303.7977,3033.8145
76133,11322.0357,2872.435
76134,11302.3935,3628.2156
76135,11334.9004,3701.1376
76136,11316.2137,2317.7614
76137,11310.5239,3294.3479
76138,11278.6306,3448.9963
76139,11278.6421,2447.1728
76140,11311.2629,3133.8272
76141,11281.0833,2629.3407
76142,11283.8664,2732.9531
76143,11282.2742,3621.509
76144,11314.8847,3591.8387
76145,11293.5211,3630.91
76146,11282.9768,3291.9567
76147,11314.4888,3166.0405
76148,11271.3051,3107.1422
76149,11311.8734,2413.7817
76150,11280.6018,2876.0126
76151,11318.4091,3495.665
76152,11306.8461,2759.5639
76153,11318.0108,3019.7238
76154,11277.4711,3599.3682
76155,11308.3197,3618.0962
76156,11267.3546,3171.7412
76157,11269.6834,3380.1399
76158,11272.1233,3584.3059
76159,11293.8946,3082.0402
76160,11300.193,2855.8692
76161,11265.6608,2756.4828
76162,11311.3755,2708.0784
76163,11283.3216,2991.6605
76164,11287.6261,3096.0077
76165,11288.7281,2644.615
76166,11292.6355,3088.9178
76167,11294.8613,2817.3262
76168,11292.9331,3407.5712
76169,11313.096,3161.5812
76170,11270.0222,2357.5767
76171,11293.2012,3315.0525
76172,11311.5126,2512.8524
76173,11308.4245,3382.3338
76174,11283.1689,2697.7549
76175,11293.7926,3697.5118
76176,11302.419,3273.7871
76177,11274.1289,3509.5513
76178,11277.4995,2335.8719
76179,11294.9714,2901.3679
76180,11264.1964,2363.7705
76181,11285.8819,2643.8984
76182,11273.5453,3131.9669
76183,11292.8349,2918.4345
76184,11267.3526,2471.0193
76185,11260.2399,3427.394
76186,11287.5748,3397.3439
76187,11258.6934,2370.8896
76188,11270.6919,3582.0188
76189,11293.8342,3072.5491
76190,11269.8877,2410.5363
76191,11265.521,2652.608
76192,11254.2909,2741.4518
76193,11295.6162,3165.348
76194,11295.9806,2983.2656
76195,11261.5217,3397.5646
76196,11275.108,3216.5925
76197,11277.3725,2602.7797
76198,11259.2461,2832.79
76199,11285.8872,2619.9168
76200,11247.3322,3400.9393
76201,11247.3388,3150.6396
76202,11291.2018,3406.0233
76203,11255.1365,3449.1422
76204,11246.2874,2576.6348
76205,11241.3584,2588.8722
76206,11289.2738,3516.3107
76207,11263.1211,3557.3972
76208,11250.2199,3366.251
76209,11286.0165,2539.3923
76210,11260.2433,2967.8053
76211,11282.2014,2302.2424
76212,11272.8929,2998.8136
76213,11242.1611,2804.4072
76214,11252.6784,2831.4226
76215,11270.9626,3077.8531
76216,11240.4296,3013.7788
76217,11253.1155,3015.5305
76218,11248.15,3175.644
76219,11230.0943,2534.9922
76220,11230.3472,3448.9094
76221,11238.1458,3628.1447
76222,11229.9978,2694.7772
76223,11258.1533,3680.3193
76224,11247.6285,2615.2234
76225,11254.7571,2998.7489
76226,11245.9589,2543.5755
76227,11234.7883,3289.3925
76228,11234.4867,3578.8169
76229,11221.6425,2454.2619
76230,11242.5719,2562.5739
76231,11243.0012,2996.6542
76232,11226.6731,2940.796
76233,11233.4167,2336.2083
76234,11246.4385,3632.8756
76235,11270.0216,3357.3849
76236,11226.2368,2352.5536
76237,11257.0985,3341.2257
76238,11242.8253,2732.437
76239,11257.4472,3169.2534
76240,11254.9498,3592.0677
76241,11232.3393,2424.0496
76242,11236.5145,2498.8251
76243,11253.8178,2467.5788
76244,11263.3721,3619.261
76245,11228.7361,3685.2726
76246,11263.79,3236.8075
76247,11240.4195,2654.9674
76248,11246.4658,3081.797
76249,11220.783,3286.0217
76250,11256.7962,3148.6174
76251,11220.2288,3073.1441
76252,11217.2081,2975.2334
76253,11235.7214,3650.5445
76254,11210.098,3282.0143
76255,11234.1348,3082.6495
76256,11246.7888,2486.4028
76257,11204.8184,3170.1472
76258,11249.721,3052.7474
76259,11220.9253,3083.7642
76260,11230.1102,3075.7442
76261,11210.7013,3296.8037
76262,11206.4796,2810.7547
76263,11246.3443,3078.1616
76264,11198.4657,2339.523
76265,11249.6719,3630.5599
76266,11205.0211,3503.6809
76267,11221.1968,2361.015
76268,11231.2885,2984.01
76269,11211.5377,3594.8567
76270,11224.8212,3343.7366
76271,11201.8604,3531.7383
76272,11244.3633,3211.0709
76273,11236.3919,2844.2244
76274,11226.1296,2960.0174
76275,11238.9186,2815.9254
76276,11203.172,2486.4721
76277,11243.9665,3075.1917
76278,11215.3642,3180.1868
76279,11230.7055,2697.623
76280,11229.5248,3674.2925
76281,11197.8953,2819.887
76282,11216.8606,3483.1206
76283,11215.6779,2890.9384
76284,11190.3172,2370.0121
76285,11203.6888,2373.7098
76286,11238.6678,2471.3673
76287,11217.5239,3133.9509
76288,11222.3387,3241.6181
76289,11189.5514,3504.2816
76290,11207.2276,2778.1168
76291,11225.6239,2730.923
76292,11207.055,3501.2308
76293,11224.7056,2671.9059
76294,11190.2539,2780.3161
76295,11211.0005,2721.697
76296,11217.2457,2807.8798
76297,11200.2383,2990.0248
76298,11227.1627,2387.2941
76299,11210.5053,2845.7645
76300,11221.7859,3418.7628
76301,11174.593,3255.7715
76302,11226.3092,3470.832
76303,11215.2617,2704.0507
76304,11194.5581,2436.7974
76305,11201.8528,3387.2282
76306,11172.7593,2481.4659
76307,11209.0705,3065.2978
76308,11197.1294,2799.6159
76309,11170.0343,2780.8244
76310,11175.3889,2575.36
76311,11212.4885,2570.3617
76312,11174.7324,3439.4585
76313,11186.5898,2952.5855
76314,11200.0553,2760.1818
76315,11186.0035,2823.9353
76316,11208.6953,2591.5744
76317,11174.4898,2971.6621
76318,11182.8303,3483.1785
76319,11206.5754,2993.6133
76320,11197.3718,2409.7928
76321,11205.422,2996.7134
76322,11210.259,2940.4302
76323,11169.4467,3284.7455
76324,11212.0902,3558.034
76325,11189.8528,3219.2865
76326,11169.5072,3533.2525
76327,11161.6063,2419.3773
76328,11212.062,3396.6254
76329,11162.6696,2727.4925
76330,11182.8873,3569.7332
76331,11168.8442,2975.4025
76332,11172.9224,3422.4591
76333,11160.8668,2337.493
76334,11176.7569,3309.8803
76335,11177.9569,3211.9376
76336,11193.78,3386.2015
76337,11171.9449,3451.9893
76338,11173.95,2693.3814
76339,11151.5816,3428.693
76340,11204.3164,2518.4623
76341,11200.9783,3441.9406
76342,11175.2476,2407.1251
76343,11186.8696,3669.581
76344,11178.2221,2667.2084
76345,11148.8254,2284.1609
76346,11175.054,3169.7338
76347,11169.4054,2708.4343
76348,11177.0777,2943.1702
76349,11190.7891,2499.5765
76350,11161.8859,2719.8846
76351,11174.1669,2743.8474
76352,11178.3653,2403.9941
76353,11171.5583,2459.8246
76354,11141.7237,2329.5337
76355,11172.2234,3191.0705
76356,11178.5727,2664.5252
76357,11156.7517,2961.2691
76358,11170.4973,2891.1567
76359,11167.2773,2469.8956
76360,11181.2025,2453.4624
76361,11168.2704,3332.6449
76362,11154.0224,2879.4315
76363,11190.9939,3115.2142
76364,11148.9349,3655.4894
76365,11159.3805,2645.6475
76366,11188.4428,2694.1858
76367,11174.6646,3184.7932
76368,11161.4221,3271.3072
76369,11184.9189,3374.2376
76370,11143.0244,3040.2901
76371,11175.3544,3373.9174
76372,11148.3776,2523.5506
76373,11159.8982,3545.8709
76374,11141.6313,2805.1382
76375,11152.8696,2303.0204
76376,11171.0168,2376.2812
76377,11177.2465,2795.9656
76378,11129.1576,3375.7999
76379,11182.4613,2791.2492
76380,11141.5549,3235.1994
76381,11129.5914,3266.2058
76382,11131.0075,3473.0677
76383,11168.0797,2864.6688
76384,11161.9299,2915.3322
76385,11135.7145,3431.189
76386,11170.3974,3067.2164
76387,11136.6963,2823.5373
76388,11164.2071,2902.3058
76389,11121.1494,2496.8427
76390,11166.0871,3550.7466
76391,11171.1136,3641.2181
76392,11147.871,3075.1917
76393,11165.0717,3320.4464
76394,11145.6193,3030.468
76395,11167.9356,2413.5535
76396,11131.7979,2434.3181
76397,11150.5199,3292.4466
76398,11168.2655,2727.4567
76399,11153.5241,2800.7109
76400,11168.2039,2452.4495
76401,11166.5691,2566.478
76402,11148.3212,2683.1377
76403,11156.9404,2900.7823
76404,11121.2113,3508.6715
76405,11118.4345,2625.8273
76406,11151.1335,3186.6156
76407,11149.3654,2579.164
76408,11152.0719,2904.3163
76409,11122.5533,2764.1429
76410,11122.5208,2749.4404
76411,11114.457,2747.1263
76412,11113.6147,3018.8211
76413,11133.5111,3118.9115
76414,11121.5603,2516.0804
76415,11125.9168,3042.2668
76416,11113.7947,3389.2028
76417,11149.0825,2685.285
76418,11142.9672,3469.0597
76419,11155.5503,2386.6402
76420,11123.1045,2648.8542
76421,11137.8038,3584.8126
76422,11137.7241,2588.2705
76423,11136.7137,3417.4463
76424,11130.5509,3385.7051
76425,11152.1734,3628.95
76426,11112.8847,3004.8061
76427,11113.9469,3606.5855
76428,11102.2448,2803.675
76429,11149.7813,3510.1373
76430,11139.2379,2679.5397
76431,11139.2389,3111.4381
76432,11117.1075,2281.5077
76433,11124.6532,3090.1345
76434,11123.7487,2967.0166
76435,11143.1514,2448.3178
76436,11138.4378,2314.947
76437,11125.3709,3221.5918
76438,11137.0623,3417.037
76439,11140.8924,2270.624
76440,11127.1397,3433.1758
76441,11105.8359,2924.5485
76442,11123.8012,3574.9482
76443,11131.9763,2707.9111
76444,11140.1632,2391.0809
76445,11120.2338,3380.7067
76446,11090.6964,3558.8463
76447,11088.0175,2777.2105
76448,11089.115,2328.2339
76449,11113.7313,3250.3973
76450,11130.9831,2636.9607
76451,11134.7091,2293.0092
76452,11090.9576,2596.8604
76453,11100.63,3570.7062
76454,11092.8742,2498.7908
76455,11127.7099,2535.3398
76456,11122.0322,3603.1684
76457,11096.0922,2695.8817
76458,11104.0345,2493.5546
76459,11135.2564,2268.5614
76460,11127.744,3584.4785
76461,11089.3848,3581.6061
76462,11132.6821,3488.7542
76463,11119.0886,3101.3405
76464,11108.0457,3540.3837
76465,11131.3897,2302.5637
76466,11115.9288,2657.7855
76467,11121.7936,2525.1281
76468,11084.4739,2772.8093
76469,11124.9065,3276.9568
76470,11110.5662,3043.2552
76471,11099.282,3480.7856
76472,11104.2416,2856.5349
76473,11112.2004,2560.7843
76474,11081.0071,2978.5244
76475,11104.2467,3505.9741
76476,11088.9119,3153.2606
76477,11078.7944,3360.4069
76478,11076.1406,3166.1665
76479,11115.6446,3439.4376
76480,11108.8166,3081.9676
76481,11089.1247,3079.3838
76482,11099.8265,3292.8198
76483,11094.1296,2663.2436
76484,11116.5376,3144.229
76485,11066.6877,2631.1315
76486,11072.5236,2888.2735
76487,11077.3244,2663.8849
76488,11074.2308,3182.1355
76489,11110.703,3046.9542
76490,11090.6684,3312.1161
76491,11101.4979,2483.6437
76492,11092.1649,3265.8506
76493,11070.1454,2578.3594
76494,11089.5484,3111.5636
76495,11109.5033,3307.1509
76496,11070.2682,2282.0124
76497,11081.9712,2561.5593
76498,11084.0041,2446.6214
76499,11099.0086,3002.4886
76500,11087.0474,3545.8757
76501,11060.9739,3525.8094
76502,11058.4614,2672.8771
76503,11104.9249,2620.5084
76504,11086.6989,3301.1016
76505,11085.9216,2784.6767
76506,11097.6926,3449.7788
76507,11096.9471,3620.4372
76508,11085.5868,2857.5814
76509,11061.4285,3080.9435
76510,11060.5079,2755.4896
76511,11086.9587,3380.1094
76512,11097.2565,3130.797
76513,11074.8306,2781.7505
76514,11061.5165,2765.7519
76515,11069.7055,3255.2648
76516,11092.6848,3364.0125
76517,11062.5439,2553.9219
76518,11052.9591,3105.1282
76519,11092.7771,3089.12
76520,11098.8886,3520.8037
76521,11052.3248,2488.4242
76522,11097.8123,3581.0517
76523,11077.3806,2682.9347
76524,11070.9701,2797.332
76525,11070.7236,3273.6653
76526,11093.3308,2548.991
76527,11063.9978,3137.975
76528,11043.9216,3025.918
76529,11078.6612,3454.1563
76530,11066.2735,3422.7081
76531,11071.7029,2796.5936
76532,11085.1558,2438.652
76533,11088.1332,3262.7669
76534,11088.2343,2339.0158
76535,11081.8655,3510.0766
76536,11070.0091,2954.1913
76537,11049.9267,3604.4038
76538,11052.6034,3056.622
76539,11067.7559,2943.7351
76540,11074.2695,2949.0535
76541,11041.2116,3365.1113
76542,11047.1138,3076.3223
76543,11066.8409,2613.583
76544,11083.5505,2289.3571
76545,11087.122,2587.1113
76546,11037.3619,3218.9989
76547,11084.09,2542.7266
76548,11041.138,2977.9723
76549,11058.8995,2466.8014
76550,11077.5548,2771.5977
76551,11049.0247,2334.7986
76552,11063.5885,3558.4465
76553,11074.9588,3254.8519
76554,11072.0293,3226.1625
76555,11041.5626,3377.4459
76556,11068.2002,3155.6099
76557,11056.6763,2589.9698
76558,11037.8667,3327.636
76559,11038.8635,3256.0141
76560,11041.0478,2277.467
76561,11076.2976,3596.7482
76562,11053.6304,2431.7827
76563,11057.3329,3546.9833
76564,11030.8409,3206.3151
76565,11064.539,2437.5697
76566,11049.2135,2675.1258
76567,11045.4977,3281.9018
76568,11053.3542,3306.7959
76569,11059.052,3454.9626
76570,11056.6823,2844.0545
76571,11044.6069,2396.4154
76572,11054.8098,3525.9245
76573,11053.1622,2440.4193
76574,11028.3811,3343.8331
76575,11023.0502,3254.2327
76576,11019.852,2794.0031
76577,11034.1918,2693.387
76578,11034.298,2624.478
76579,11057.8245,2318.8428
76580,11025.6946,2845.7995
76581,11069.9573,2338.6132
76582,11039.421,3191.49
76583,11021.0482,3568.595
76584,11025.3193,3279.9468
76585,11035.9762,3468.3003
76586,11031.4913,2920.2656
76587,11056.1943,2245.8265
76588,11031.3867,3131.4314
76589,11051.5643,2482.3414
76590,11051.2387,3373.4726
76591,11058.3264,2316.4608
76592,11036.9969,2980.1182
76593,11009.3276,2372.0962
76594,11036.3961,2532.2906
76595,11054.093,2889.3046
76596,11060.2226,2503.166
76597,11042.3471,3375.1301
76598,11017.314,3542.9211
76599,11057.0518,2582.2459
76600,11016.281,3460.1962
76601,11028.3501,3611.0998
76602,11026.8898,2863.9155
76603,11032.792,3530.7357
76604,11004.7381,2982.7204
76605,11053.4435,3272.4834
76606,11038.1964,2872.9939
76607,11055.2644,2466.7024
76608,11034.3621,2321.4249
76609,11030.8044,2527.4538
76610,11042.91,2954.7965
76611,11023.9943,2670.9461
76612,11002.5881,2502.0706
76613,11003.4308,3144.1499
76614,11015.4323,2317.8486
76615,11009.8526,3067.7127
76616,10998.1421,2830.3061
76617,11017.0617,3295.1796
76618,11038.5961,2244.9219
76619,11012.6682,3284.0871
76620,11024.1769,3448.0984
76621,10996.2016,3140.0683
76622,10999.7678,2268.6054
76623,11019.6847,3046.2712
76624,11014.0992,2923.8159
76625,10993.9526,3505.8668
76626,11007.0448,2722.9208
76627,11006.9891,2429.0403
76628,11045.0952,2733.1263
76629,10996.3946,3030.6749
76630,11029.534,3584.9866
76631,10994.7644,3417.9605
76632,11010.6021,3054.047
76633,11007.1362,2314.2078
76634,11034.6651,3452.4775
76635,11041.5691,2548.2061
76636,11005.1425,3100.8326
76637,11007.5504,2248.29
76638,11014.7122,2316.076
76639,11013.3565,3554.0391
76640,11009.106,2505.0171
76641,11021.134,3333.0593
76642,10991.1527,3546.8557
76643,11016.7612,2943.3885
76644,11037.3374,2353.6506
76645,10993.5027,3290.7796
76646,10987.2382,2858.5793
76647,11028.2359,2268.3179
76648,11026.591,3493.1653
76649,10990.4085,2528.2822
76650,10993.5786,2553.6497
76651,11018.8688,3406.6163
76652,11014.6835,3035.8877
76653,10988.0965,3444.244
76654,11033.3545,3120.3779
76655,11021.0465,3206.6995
76656,11011.2092,3280.7453
76657,11022.7862,3495.4779
76658,10993.638,2706.0694
76659,11015.4376,3606.5191
76660,10991.1759,3215.8052
76661,10986.0772,2883.6544
76662,11005.5195,2591.7536
76663,11017.8802,3511.44
76664,11026.918,2802.3681
76665,11002.1319,2586.713
76666,10997.1011,3203.1898
76667,10993.1739,2793.8426
76668,11020.2998,2872.7061
76669,10994.0009,2473.8619
76670,11020.066,2683.3176
76671,10990.4055,2924.4847
76672,10979.1774,2781.8575
76673,10983.0009,3565.0155
76674,11000.4541,2993.9612
76675,10999.9759,2631.1359
76676,10984.1954,3087.5325
76677,11020.8007,3201.2622
76678,10974.1324,3428.9266
76679,10991.8405,3467.394
76680,10975.8987,2838.1956
76681,11010.9969,3579.289
76682,11000.2652,2612.2528
76683,10991.0987,3569.011
76684,11005.1677,2611.1082
76685,10990.6271,2435.4714
76686,11019.7208,3596.5302
76687,11007.6254,2913.38
76688,11010.3735,2483.3836
76689,10967.4572,3344.0681
76690,11005.046,3586.3027
76691,11016.3196,3339.9064
76692,10964.5675,2464.1343
76693,10985.1881,3396.5214
76694,11015.2933,2346.0723
76695,10988.9691,3319.6426
76696,11011.9413,2669.4255
76697,10978.8344,3378.6184
76698,10986.0852,3267.3618
76699,10964.8878,3399.5238
76700,10976.1818,3494.0923
76701,11012.9751,2411.8313
76702,10996.8453,2366.6292
76703,10960.2344,3512.798
76704,10971.6642,2661.4618
76705,10968.3902,3561.9098
76706,11005.9119,2256.9922
76707,11006.0484,2716.2858
76708,11006.2738,2938.647
76709,10982.1831,2711.7813
76710,10992.2152,3388.6387
76711,11005.0621,3456.6463
76712,10972.534,3385.0824
76713,10993.4736,2712.8868
76714,10964.7328,2313.7066
76715,10964.7862,2591.049
76716,10973.5622,3397.9912
76717,10979.2833,3310.154
76718,10969.393,2270.2276
76719,11003.3807,2626.6423
76720,11002.8707,2473.0711
76721,10972.2803,2304.4953
76722,10956.9691,2950.63
76723,11001.4675,3448.2911
76724,10995.0086,3169.9117
76725,10984.5394,3396.3819
76726,10953.4507,3574.7843
76727,10995.182,3273.5824
76728,10966.7082,2599.384
76729,10967.9639,3594.1081
76730,10980.4483,2939.0517
76731,10946.402,3230.6996
76732,10996.0973,2700.6585
76733,10945.8767,2319.35
76734,10999.342,3125.2139
76735,10954.666,2639.5424
76736,10988.8611,2764.4242
76737,10954.2367,2668.8971
76738,10948.0675,2913.2665
76739,10981.3561,3421.2111
76740,10977.3814,2536.2228
76741,10942.0162,3309.7162
76742,10944.3765,2250.3589
76743,10959.4137,3133.7292
76744,10941.7212,2665.2461
76745,10953.0593,3087.2893
76746,10957.6474,2742.9131
76747,10976.7955,3361.145
76748,10939.0007,2296.0247
76749,10974.2606,2479.9444
76750,10979.5828,3447.5998
76751,10953.2713,2808.0896
76752,10946.0048,2253.5611
76753,10976.7178,3163.1534
76754,10977.6011,3560.0122
76755,10944.0112,3144.6012
76756,10963.1104,2841.7813
76757,10973.1094,2563.5165
76758,10955.2587,3444.1912
76759,10986.826,2398.1859
76760,10984.6657,3200.3366
76761,10976.9971,2320.1208
76762,10973.3505,2231.4102
76763,10977.4803,2584.085
76764,10933.27,3474.5262
76765,10935.6717,2722.1725
76766,10955.1147,3226.9124
76767,10979.3178,3169.9292
76768,10962.2318,2250.0141
76769,10944.1577,2640.9263
76770,10963.6424,2981.6771
76771,10956.5205,2580.3378
76772,10964.5669,3110.2209
76773,10939.4716,2552.7815
76774,10947.0662,2767.9713
76775,10935.0504,2301.7475
76776,10946.6723,3269.9785
76777,10970.4203,3251.0057
76778,10935.1797,3096.0264
76779,10936.1295,2695.6347
76780,10966.3509,2553.5216
76781,10933.8309,2433.9372
76782,10952.7566,2546.6727
76783,10964.3722,3598.3063
76784,10971.2854,2742.2574
76785,10952.6833,3145.6843
76786,10931.216,2280.1186
76787,10943.296,2303.4257
76788,10969.7904,3379.5835
76789,10969.9522,3064.477
76790,10960.2709,2686.8475
76791,10939.4221,2445.0643
76792,10953.8695,2561.7991
76793,10939.0274,2470.981
76794,10970.804,3332.882
76795,10933.2396,3348.0011
76796,10934.9029,3504.0827
76797,10965.0775,2317.7117
76798,10941.6377,3244.9371
76799,10931.4366,2918.6613
76800,10970.7461,2909.9019
76801,10942.5282,3098.1313
76802,10941.1807,3469.6125
76803,10963.3068,2447.2078
76804,10965.8431,2788.0634
76805,10958.803,3275.3244
76806,10936.4888,3084.6903
76807,10931.1464,3140.9105
76808,10915.5238,3176.755
76809,10966.4293,3188.1044
76810,10918.3306,3055.4476
76811,10961.853,2374.9406
76812,10956.4398,2340.0984
76813,10939.2257,3238.121
76814,10961.5881,3099.2614
76815,10965.0756,2759.7367
76816,10915.2045,2916.8218
76817,10958.2266,3510.8485
76818,10950.3048,2343.956
76819,10927.5094,2466.9868
76820,10914.1433,2307.2783
76821,10936.9755,3141.6562
76822,10954.1394,2651.2606
76823,10943.0873,2702.5921
76824,10951.0697,2810.3368
76825,10927.7026,3266.8532
76826,10936.6007,3457.8078
76827,10924.3752,3561.942
76828,10922.8283,3180.8521
76829,10950.2739,3536.3743
76830,10946.5861,3301.9778
76831,10920.7736,3558.1128
76832,10956.0322,2282.5146
76833,10909.517,3453.0911
76834,10921.8435,2922.4789
76835,10939.0736,2971.5523
76836,10940.2723,3324.0309
76837,10929.9911,3141.1462
76838,10949.2966,2370.9598
76839,10912.9696,3257.2301
76840,10941.6471,2644.4889
76841,10921.5491,2603.2273
76842,10942.6409,2919.7325
76843,10953.4032,3334.7724
76844,10918.3272,3393.2043
76845,10923.7224,3505.8092
76846,10935.3723,2759.0308
76847,10950.8922,3102.8186
76848,10918.6114,2550.3215
76849,10917.6899,2810.3602
76850,10911.0608,3224.8285
76851,10946.2405,2235.1635
76852,10948.4573,2715.9214
76853,10947.4186,2642.5689
76854,10907.6791,2808.7702
76855,10919.2546,3164.6085
76856,10922.8294,3351.4419
76857,10951.9206,2770.1101
76858,10948.4328,3131.6137
76859,10905.1115,2388.6969
76860,10928.8244,2753.7296
76861,10919.2629,3312.8834
76862,10930.6483,2332.8439
76863,10937.7866,3395.6057
76864,10936.6566,3094.2417
76865,10916.5121,3486.4918
76866,10947.2066,2738.2513
76867,10925.0503,2936.8422
76868,10921.1263,3483.3198
76869,10902.2377,2680.0362
76870,10896.3549,2623.4346
76871,10898.3236,3325.4255
76872,10943.9513,2696.3973
76873,10946.8001,3204.3769
76874,10946.2471,3413.6605
76875,10945.5233,2947.9712
76876,10914.5568,3001.6838
76877,10905.1883,2493.1663
76878,10944.9393,2721.2021
76879,10899.3017,2504.1933
76880,10894.9767,2878.7001
76881,10900.1864,3069.9208
76882,10908.2227,2494.9153
76883,10940.8541,3022.9285
76884,10912.4849,3398.2833
76885,10913.9723,2835.5943
76886,10918.6135,2720.034
76887,10896.421,2669.7577
76888,10935.4995,3292.5576
76889,10900.4228,3084.2293
76890,10924.3846,3230.0464
76891,10937.4822,2346.2729
76892,10911.3544,2633.878
76893,10903.7045,2755.9524
76894,10891.1243,2639.4247
76895,10904.5939,2235.1757
76896,10900.8121,2700.67
76897,10937.507,3149.7477
76898,10933.4241,2924.8897
76899,10922.5775,2249.5424
76900,10903.8308,3074.199
76901,10927.2079,3397.8149
76902,10922.0739,3387.0223
76903,10920.886,3207.3169
76904,10919.8777,2218.4415
76905,10919.9098,3512.8499
76906,10909.0787,2866.3798
76907,10887.0655,2685.8432
76908,10920.876,3062.4986
76909,10923.0318,3529.4028
76910,10914.4222,3001.7631
76911,10894.2283,3374.5535
76912,10924.89,2418.9548
76913,10925.5484,3564.8765
76914,10890.958,2462.8995
76915,10910.2842,2498.1379
76916,10883.103,2328.9666
76917,10927.3013,3484.7913
76918,10892.0395,2927.3829
76919,10926.717,3508.2383
76920,10903.8458,2792.6041
76921,10888.5798,2648.6289
76922,10897.8091,2967.2242
76923,10911.9532,3035.1374
76924,10887.9707,3400.7339
76925,10931.0149,3491.3969
76926,10906.7844,2714.1611
76927,10921.3572,3063.0329
76928,10908.2139,3186.7075
76929,10883.1653,2481.6384
76930,10909.1299,2979.7791
76931,10888.7095,3097.5901
76932,10877.3439,2973.9395
76933,10913.9696,3374.6656
76934,10923.5384,2975.7426
76935,10888.9298,3182.0372
76936,10919.6732,2438.4734
76937,10874.8037,3487.708
76938,10891.468,3207.0007
76939,10876.7924,3562.3062
76940,10916.3142,2252.7371
76941,10901.0246,3578.0878
76942,10907.5236,2218.9237
76943,10918.2907,3400.6945
76944,10923.8315,2700.9892
76945,10883.9899,3546.1373
76946,10888.6599,3548.3849
76947,10913.1855,3315.1841
76948,10900.4893,3153.4455
76949,10887.3551,3299.1582
76950,10912.7802,3584.2868
76951,10880.4131,3572.826
76952,10922.3466,2696.9217
76953,10869.5121,2720.8606
76954,10919.4751,3543.5469
76955,10914.8232,2503.817
76956,10919.5384,3236.4072
76957,10873.4676,2414.1629
76958,10883.8201,2379.1259
76959,10887.5613,2505.3469
76960,10892.2528,2511.1443
76961,10877.5666,2443.0156
76962,10875.6367,2934.1511
76963,10868.4554,3448.7782
76964,10878.5276,3080.0235
76965,10870.4598,2431.4786
76966,10891.9168,2369.085
76967,10897.3539,2874.9218
76968,10884.819,3361.6325
76969,10896.6099,3184.6899
76970,10892.7601,3079.3391
76971,10900.5579,3576.5668
76972,10886.1417,2937.6461
76973,10904.1605,2360.7712
76974,10903.0964,2488.3075
76975,10914.441,2859.1499
76976,10885.0749,3337.9917
76977,10871.567,2998.5274
76978,10905.1684,2417.0093
76979,10875.2342,3195.0341
76980,10901.3523,2688.6558
76981,10906.1971,3202.9828
76982,10891.4924,3224.9634
76983,10896.372,3558.6503
76984,10907.8925,3178.8131
76985,10903.7648,2876.5478
76986,10875.0778,2520.4806
76987,10902.2811,3370.4539
76988,10892.5109,2784.143
76989,10902.1034,3293.2205
76990,10873.1155,3321.1914
76991,10878.2207,2212.8802
76992,10878.9293,3181.6485
76993,10859.6509,3257.1176
76994,10902.8144,2672.0233
76995,10869.9259,2653.6621
76996,10889.2173,3401.9391
76997,10900.8858,2993.609
76998,10875.6438,2643.1798
76999,10910.5487,3309.4943
77000,10910.6087,2715.0702
77001,10878.2288,3483.1703
77002,10866.1725,2957.2643
77003,10875.9623,3355.8505
77004,10903.326,2464.9323
77005,10892.6826,2732.2038
77006,10897.3703,2468.0455
77007,10872.2212,2908.2897
77008,10877.1598,3228.801
77009,10876.2947,3514.3982
77010,10894.9183,2570.566
77011,10883.9438,3096.6829
77012,10866.3484,3059.1118
77013,10877.1579,3450.1368
77014,10907.4907,3213.5771
77015,10882.6495,3390.5314
77016,10868.2438,3358.7796
77017,10871.5058,2958.7124
77018,10905.0996,3437.8583
77019,10873.9709,3330.9793
77020,10881.3906,3020.9681
77021,10892.3813,3324.6887
77022,10876.3656,2686.2444
77023,10885.2381,2705.2444
77024,10905.1827,3509.566
77025,10862.772,2618.7867
77026,10892.751,2305.2297
77027,10858.633,3515.9344
77028,10879.8427,3291.9383
77029,10898.5596,2504.7539
77030,10868.118,3141.9573
77031,10851.4498,2528.9547
77032,10893.288,3117.848
77033,10852.8771,2759.1126
77034,10862.4842,2763.6136
77035,10857.6501,2427.0513
77036,10890.3057,2447.4206
77037,10871.5704,3237.3944
77038,10855.0714,3316.4331
77039,10902.6997,2432.302
77040,10870.6999,3033.1435
77041,10889.5132,3084.4609
77042,10874.4441,2747.3163
77043,10862.5194,3310.6646
77044,10901.2147,2856.969
77045,10892.2697,3477.405
77046,10889.789,2417.7601
77047,10883.3713,3458.5679
77048,10850.9265,3511.4615
77049,10875.8284,2469.8064
77050,10870.4513,2955.536
77051,10893.6827,3077.4026
77052,10877.9641,3544.9168
77053,10892.1916,2963.4386
77054,10879.6366,3330.7157
77055,10868.6664,2608.15
77056,10883.5125,2980.3846
77057,10866.479,2777.4003
77058,10850.9575,2613.0238
77059,10868.0575,2709.0911
77060,10870.1414,3216.4874
77061,10891.5589,2424.7824
77062,10867.3025,2305.5236
77063,10881.5869,3218.1849
77064,10855.8651,3220.7405
77065,10889.0622,2543.3014
77066,10870.829,3084.8787
77067,10853.7635,2580.1212
77068,10879.733,2894.3154
77069,10891.7982,2863.9605
77070,10847.9601,2733.3024
77071,10892.6764,3496.513
77072,10848.9995,3022.6721
77073,10881.8112,3181.6623
77074,10875.7568,3160.5016
77075,10855.8253,2432.964
77076,10847.8585,3545.4473
77077,10855.9684,3072.1271
77078,10894.2493,3125.5428
77079,10873.3355,2751.2873
77080,10862.8386,2252.2546
77081,10893.9339,3283.6165
77082,10885.7786,2267.8588
77083,10894.5563,3251.3101
77084,10878.467,2665.4343
77085,10884.8859,2496.3041
77086,10878.2018,2672.6614
77087,10872.3742,3352.1565
77088,10862.9498,2742.2824
77089,10892.5309,3544.1595
77090,10886.7676,2278.6244
77091,10875.7383,3113.5128
77092,10846.1671,2511.3623
77093,10862.9737,2220.6872
77094,10864.4319,2684.4582
77095,10840.4852,2676.3061
77096,10848.1323,3246.3916
77097,10871.6375,2866.5638
77098,10874.5525,2346.1672
77099,10850.3969,3271.8956
77100,10854.2525,2713.5051
77101,10859.5382,2527.9717
77102,10863.4681,2434.2422
77103,10850.1914,2259.7638
77104,10842.8427,3317.206
77105,10850.1209,3375.1852
77106,10848.4471,2927.0549
77107,10891.867,2537.7471
77108,10867.8096,2545.855
77109,10872.4423,3514.9528
77110,10858.3272,2983.4052
77111,10852.989,2215.6887
77112,10866.4271,3013.3064
77113,10837.2279,2312.2816
77114,10854.2669,2973.3922
77115,10887.4248,2725.3558
77116,10867.0331,2490.3768
77117,10859.7716,2313.352
77118,10851.2817,3243.4733
77119,10859.3375,3162.1446
77120,10880.7682,2996.4006
77121,10838.626,3191.4281
77122,10871.7897,2281.9397
77123,10852.9972,2881.418
77124,10865.7023,3168.4533
77125,10863.1504,2678.5778
77126,10853.571,3205.5358
77127,10887.3741,3472.034
77128,10844.1621,3195.5333
77129,10838.4386,2423.1535
77130,10848.4701,2755.1227
77131,10871.7183,2217.6328
77132,10847.3402,2954.1372
77133,10879.3003,2805.713
77134,10865.0328,2948.8563
77135,10858.2875,3326.1383
77136,10872.7032,3372.6079
77137,10879.3161,2860.701
77138,10876.8995,2775.1237
77139,10837.0809,2698.8067
77140,10873.4943,3512.3701
77141,10882.5879,3148.2472
77142,10846.8216,3196.9182
77143,10877.7497,2890.9904
77144,10886.4086,2548.0554
77145,10851.9967,2923.7411
77146,10886.5355,3234.4571
77147,10849.7515,2830.9178
77148,10848.4558,2520.2794
77149,10884.9355,2830.5699
77150,10860.4942,2312.1371
77151,10880.4026,3401.1902
77152,10837.1314,2758.8666
77153,10849.0931,3116.9695
77154,10841.894,2957
77155,10884.3766,3523.2845
77156,10883.0521,3557.9163
77157,10877.2295,2870.2192
77158,10881.7752,2655.2483
77159,10873.4248,3115.2397
77160,10860.7107,2440.8595
77161,10834.6384,3191.9651
77162,10868.8139,2691.3494
77163,10846.2469,3331.2187
77164,10843.2651,2970.7922
77165,10868.8154,3371.4046
77166,10853.4026,3242.8086
77167,10855.8147,3396.0759
77168,10858.8487,2222.1644
77169,10840.2675,2822.4418
77170,10855.6686,3504.5025
77171,10877.6846,3359.0174
77172,10846.3501,2352.0374
77173,10883.5579,3533.7565
77174,10850.2303,3158.4823
77175,10838.5149,3457.9383
77176,10877.8055,3493.8081
77177,10883.7166,2234.7259
77178,10865.949,3091.7115
77179,10879.4267,2823.8485
77180,10840.4865,2712.8724
77181,10879.0657,2537.2041
77182,10844.6948,3485.9853
77183,10836.1346,2264.9744
77184,10831.5801,3508.2272
77185,10854.2141,3303.8246
77186,10865.8185,3498.9156
77187,10859.1242,2855.9888
77188,10869.4074,2600.9067
77189,10881.3148,2749.4056
77190,10843.1434,2994.9713
77191,10871.431,3497.9657
77192,10842.5076,2844.753
77193,10831.6271,3449.1019
77194,10848.2174,3238.8131
77195,10847.324,3253.8049
77196,10844.0054,3065.3492
77197,10859.5994,2781.5227
77198,10835.8816,3086.9974
77199,10876.351,2829.6604
77200,10882.0851,2691.2742
77201,10833.8785,2830.0282
77202,10850.188,3539.366
77203,10857.8667,3524.2944
77204,10833.8785,2398.8878
77205,10829.2531,3337.3557
77206,10860.0159,2856.6517
77207,10872.1607,2567.9946
77208,10844.4746,2840.9359
77209,10838.6096,3288.219
77210,10837.6909,2681.137
77211,10834.9527,3455.8048
77212,10827.9484,2534.9599
77213,10856.5727,2422.1892
77214,10828.9332,2307.7493
77215,10861.2028,2999.8678
77216,10828.9964,3181.0427
77217,10854.5478,2511.5909
77218,10840.581,3068.6065
77219,10852.3819,2213.6298
77220,10838.6621,2754.5824
77221,10830.4617,2249.4634
77222,10856.8626,3550.0773
77223,10835.5384,3271.5878
77224,10868.608,3021.6453
77225,10853.782,3362.6753
77226,10865.0734,2611.2098
77227,10832.004,2383.717
77228,10859.9008,3261.4404
77229,10861.3987,2847.4187
77230,10853.4739,2483.4527
77231,10869.2427,3415.9341
77232,10866.6502,3099.0439
77233,10839.2147,2775.0838
77234,10847.9369,3357.5328
77235,10857.3677,2307.0704
77236,10827.5844,2559.7445
77237,10836.0171,2703.3339
77238,10857.4157,3200.6706
77239,10846.7757,2969.4622
77240,10851.8697,2585.507
77241,10842.4762,3517.4079
77242,10873.6767,2968.7049
77243,10827.1208,2655.0307
77244,10865.9405,3126.4897
77245,10870.0043,3272.7251
77246,10872.4547,3347.2593
77247,10840.5514,2441.8076
77248,10852.2347,2652.8637
77249,10848.091,2564.4469
77250,10856.0404,2606.45
77251,10876.5684,2954.875
77252,10855.9964,2871.3468
77253,10849.3471,3046.8442
77254,10854.6337,3245.3655
77255,10835.2682,3411.7747
77256,10829.0948,3417.1582
77257,10853.5557,2460.6336
77258,10829.8906,3110.9963
77259,10827.1715,2427.2364
77260,10853.1122,2840.4162
77261,10879.7909,3294.9844
77262,10828.6766,3028.6978
77263,10861.2225,2981.9375
77264,10879.1813,3275.5607
77265,10847.7823,2767.6157
77266,10849.6712,3256.4353
77267,10851.3783,3430.6612
77268,10860.617,3241.8088
77269,10870.6393,2288.081
77270,10867.1065,3377.9154
77271,10838.5531,3394.9395
77272,10864.0287,3149.1422
77273,10867.9371,2466.7523
77274,10872.311,2714.9603
77275,10854.0285,3330.9612
77276,10831.645,3047.2718
77277,10831.0457,3329.0074
77278,10877.6563,2818.8586
77279,10833.3583,3207.1765
77280,10829.7961,3546.6068
77281,10865.9922,2429.0825
77282,10832.5619,2641.3808
77283,10852.6005,3193.9544
77284,10865.7392,2449.941
77285,10844.1813,3445.0172
77286,10834.0579,3480.3809
77287,10836.3036,2230.7015
77288,10855.4702,2724.5853
77289,10863.8794,3274.4232
77290,10833.5518,2815.303
77291,10879.0053,3179.3649
77292,10827.6524,3041.0126
77293,10860.0017,2440.5193
77294,10856.1193,2283.3339
77295,10865.8859,2610.722
77296,10855.7353,2612.9657
77297,10872.0805,2607.6824
77298,10880.2014,3264.4242
77299,10846.2016,3089.2293
77300,10850.5785,2745.7015
77301,10856.8936,3450.1052
77302,10842.0851,2933.7858
77303,10832.3341,3039.7762
77304,10834.7242,3418.35
77305,10864.4035,3461.2515
77306,10859.5205,3095.2222
77307,10854.9645,3230.8642
77308,10871.2944,2706.4904
77309,10858.5318,2772.5421
77310,10855.1136,2676.5038
77311,10846.7371,2427.0601
77312,10855.5125,2560.4134
77313,10830.5118,3540.2421
77314,10827.9841,3412.0156
77315,10850.4514,2585.8925
77316,10875.2772,2940.0734
77317,10851.4044,2620.134
77318,10864.9293,2602.9616
77319,10834.8925,2323.0971
77320,10828.128,3392.9917
77321,10833.4066,2407.2729
77322,10867.3018,3246.7186
77323,10856.0388,2707.0104
77324,10829.3923,3316.6664
77325,10878.6971,3516.8332
77326,10879.9286,2260.3094
77327,10835.2229,2646.0245
77328,10851.9472,2292.5155
77329,10848.7403,2958.7753
77330,10859.1677,3502.485
77331,10828.8197,3152.2953
77332,10869.4678,3285.2285
77333,10830.9925,2491.5304
77334,10835.9458,3265.8665
77335,10858.3077,3398.6056
77336,10833.8551,2208.5293
77337,10854.3811,2532.3121
77338,10872.3183,3490.9238
77339,10839.3294,2264.72
77340,10842.4648,3134.2849
77341,10831.8705,2854.3824
77342,10845.8242,2374.6021
77343,10871.5161,2463.7744
77344,10864.1849,3472.6221
77345,10845.4481,2404.3436
77346,10879.2328,2559.0721
77347,10850.1633,3407.5284
77348,10850.4927,3208.9338
77349,10851.7271,3364.8998
77350,10873.8208,2861.2459
77351,10873.0869,3543.3232
77352,10832.2412,3395.9387
77353,10859.8248,3129.7435
77354,10857.2588,3185.5303
77355,10848.4639,3517.1033
77356,10862.1899,2485.8212
77357,10842.913,3348.0063
77358,10861.7527,3133.6982
77359,10876.3799,3037.0628
77360,10873.7608,2856.3083
77361,10843.3965,3469.7364
77362,10836.2299,3473.0377
77363,10863.9047,2897.4679
77364,10861.6176,3296.3436
77365,10855.0373,2344.7428
77366,10832.6295,3161.0775
77367,10862.5608,2568.0237
77368,10857.7593,3286.4726
77369,10872.8024,3486.384
77370,10848.0453,3344.6005
77371,10852.5842,3365.368
77372,10839.0792,3189.1555
77373,10867.8604,2752.8051
77374,10849.8441,2623.554
77375,10850.9053,2670.5963
77376,10840.7324,3037.1079
77377,10855.147,2274.5951
77378,10864.3587,2607.775
77379,10857.1894,3434.3337
77380,10875.7547,2897.0863
77381,10870.2706,2580.2294
77382,10842.9919,2592.9016
77383,10885.2176,2302.9229
77384,10865.0856,2848.0434
77385,10876.5576,3049.681
77386,10868.1739,2272.4318
77387,10875.252,2920.7339
77388,10855.2566,3367.9583
77389,10849.0357,3274.5842
77390,10885.7961,3018.8509
77391,10888.3497,3376.5669
77392,10861.6199,3420.5765
77393,10844.6267,2238.8842
77394,10865.8896,3471.2972
77395,10863.3033,3535.2695
77396,10878.8212,3120.9858
77397,10881.8079,2764.5003
77398,10850.9479,3108.1281
77399,10856.905,3274.7958
77400,10863.9,3067.4587
77401,10849.2565,2951.8067
77402,10850.45,2808.7906
77403,10889.8984,3002.2377
77404,10858.8072,2741.278
77405,10857.7182,2713.2133
77406,10854.557,3224.5267
77407,10842.2495,2346.2964
77408,10889.3872,3146.6001
77409,10839.3049,2980.5062
77410,10885.4514,3141.0684
77411,10856.2461,2886.4804
77412,10853.2405,3016.1812
77413,10848.5058,2370.2745
77414,10838.4357,2611.8218
77415,10870.0979,3564.3087
77416,10859.6979,2303.8839
77417,10851.9946,2208.2701
77418,10869.2951,3558.4775
77419,10849.9067,2485.7346
77420,10877.1012,3089.6496
77421,10880.0873,2503.7866
77422,10845.0264,2452.9422
77423,10858.4442,3081.1854
77424,10848.922,2490.8296
77425,10869.738,3373.9658
77426,10843.9833,2401.0732
77427,10849.2484,3384.2894
77428,10865.6594,2308.8166
77429,10852.9118,2763.5782
77430,10853.9663,3236.9736
77431,10881.1919,3357.0428
77432,10843.0013,2821.7865
77433,10863.1607,2898.1981
77434,10857.3835,2810.9375
77435,10860.8102,3157.0315
77436,10885.0939,3015.2886
77437,10862.7942,3174.5841
77438,10855.59,2989.5796
77439,10846.2333,2836.0229
77440,10886.7117,2694.3876
77441,10861.5758,3450.0671
77442,10849.7342,2424.4009
77443,10851.4929,3244.6271
77444,10887.0355,2713.9299
77445,10867.9488,2798.5721
77446,10873.2147,3297.6404
77447,10873.029,2292.9968
77448,10897.5324,2404.9779
77449,10869.8788,3009.8528
77450,10851.2246,2408.689
77451,10879.2884,2365.4516
77452,10888.8601,2551.2489
77453,10866.6148,2262.5434
77454,10860.2747,2209.4318
77455,10886.3639,3066.0972
77456,10868.1389,2950.972
77457,10852.9888,3158.9244
77458,10887.4669,2550.8951
77459,10883.7798,2392.6962
77460,10873.8929,2875.4137
77461,10886.7021,3286.3609
77462,10862.5342,2453.4626
77463,10888.4054,3358.162
77464,10874.2999,3336.357
77465,10885.3715,2957.6805
77466,10849.1535,2394.1
77467,10884.1445,2430.1362
77468,10848.2971,3193.3895
77469,10895.2634,2853.9985
77470,10881.9483,2987.4781
77471,10857.8955,3163.3446
77472,10883.3878,3017.3752
77473,10860.3857,2521.9878
77474,10900.4084,2725.5938
77475,10868.7221,3166.0453
77476,10866.9414,3168.2887
77477,10876.5885,2703.1378
77478,10873.0253,3185.5956
77479,10850.391,2683.5722
77480,10868.111,2362.2177
77481,10886.3515,2267.3335
77482,10850.3415,2853.6469
77483,10850.272,3177.4225
77484,10876.3702,3484.4665
77485,10888.1061,2403.9127
77486,10854.3415,2673.18
77487,10885.1153,3164.2035
77488,10889.3676,2840.4114
77489,10901.1252,3043.7616
77490,10899.8055,3481.3917
77491,10852.7635,3110.7738
77492,10856.2758,3196.7515
77493,10858.8356,2556.0842
77494,10903.2543,3325.4004
77495,10883.4437,2731.8705
77496,10864.0208,2422.1603
77497,10869.5523,2650.5631
77498,10907.5312,3175.4991
77499,10872.8564,3319.9653
77500,10894.5156,3011.9742
77501,10882.3256,3431.4342
77502,10861.8413,2396.4443
77503,10898.5188,3400.6361
77504,10874.6665,2982.0468
77505,10902.302,3393.8879
77506,10887.2142,3560.1819
77507,10869.2532,3344.8052
77508,10858.838,2799.7158
77509,10905.0289,3055.2292
77510,10858.595,2361.5206
77511,10881.9398,3305.2916
77512,10880.3154,2821.4476
77513,10886.1136,2754.366
77514,10864.2553,3087.9568
77515,10859.6933,2258.2292
77516,10907.6769,2778.5187
77517,10904.8438,2931.4094
77518,10859.787,2335.5062
77519,10861.3566,2929.8809
77520,10874.0415,2693.5588
77521,10908.5218,2768.2702
77522,10882.651,2243.1486
77523,10881.4347,2832.5251
77524,10913.3956,2908.1845
77525,10897.6264,2363.2117
77526,10909.838,2987.0652
77527,10860.5755,2737.4733
77528,10913.5376,2304.2389
77529,10868.2334,3364.7662
77530,10906.9411,3048.9685
77531,10865.9184,3078.7108
77532,10891.3715,3041.9479
77533,10905.3566,3218.1941
77534,10877.3162,2440.5446
77535,10879.0779,2620.0611
77536,10869.1589,3241.3187
77537,10878.6039,2649.3364
77538,10895.8063,3056.8107
77539,10893.557,2927.1295
77540,10875.5566,3145.0396
77541,10898.667,2930.9398
77542,10909.0696,3350.569
77543,10913.4058,3365.9247
77544,10905.2085,2457.2905
77545,10865.0708,2510.2717
77546,10896.3696,2732.5887
77547,10880.6049,3365.2484
77548,10897.8664,3191.1654
77549,10877.5059,3210.0955
77550,10902.8387,2853.2538
77551,10868.7256,3511.8928
77552,10901.7503,3454.5919
77553,10916.0126,3451.1423
77554,10882.1232,3165.9293
77555,10877.782,2352.0692
77556,10868.5113,3285.3731
77557,10913.0634,2971.7438
77558,10899.0271,3343.2138
77559,10918.9921,2545.9591
77560,10880.3661,3145.844
77561,10869.9138,2990.0758
77562,10878.6297,2556.4097
77563,10901.5559,2663.6034
77564,10870.2557,3210.2002
77565,10876.4395,3056.7791
77566,10922.7257,2601.3892
77567,10874.4819,2833.7185
77568,10881.6325,3133.176
77569,10881.2531,2936.2554
77570,10887.2555,2794.1817
77571,10905.1823,2339.5958
77572,10914.7316,3538.4531
77573,10912.9825,2738.5516
77574,10903.8276,2449.6599
77575,10908.8382,3276.6908
77576,10904.445,2908.6119
77577,10913.826,2270.5975
77578,10914.2542,3064.2174
77579,10906.3242,2719.9408
77580,10895.824,3004.959
77581,10920.1169,2390.8459
77582,10905.4054,3245.7719
77583,10885.0767,3299.1593
77584,10909.6348,2846.3495
77585,10913.7859,2592.0313
77586,10897.4422,2956.9156
77587,10898.4668,3084.4264
77588,10890.0755,3494.5976
77589,10893.4873,2966.0065
77590,10890.1619,2519.202
77591,10912.2374,3247.321
77592,10908.6655,3417.7656
77593,10888.0019,3386.8349
77594,10879.7179,2274.0869
77595,10897.7792,2847.7965
77596,10900.3516,3403.384
77597,10925.6191,3426.5934
77598,10907.3033,2702.5122
77599,10931.6988,2609.2449
77600,10884.8208,2464.8489
77601,10928.2088,2959.2594
77602,10931.646,3570.7358
77603,10896.1544,2419.0679
77604,10914.923,3399.1737
77605,10891.7118,3262.134
77606,10911.0802,2887.1813
77607,10885.3216,3527.1568
77608,10906.68,3412.5058
77609,10886.1151,3147.7509
77610,10935.452,3275.2992
77611,10913.2993,3260.216
77612,10889.9891,3263.2834
77613,10930.1124,3520.184
77614,10899.988,3372.8643
77615,10890.9804,3126.4387
77616,10933.9146,3538.6661
77617,10916.7362,3454.3187
77618,10924.233,2690.082
77619,10909.2863,3242.0511
77620,10889.3405,3375.8699
77621,10909.8954,2569.5858
77622,10916.1971,2684.0244
77623,10915.5287,3574.6014
77624,10936.6245,2942.786
77625,10902.5552,3014.9072
77626,10930.9824,3545.7831
77627,10926.0736,2417.688
77628,10899.495,2305.9689
77629,10934.7858,2402.2938
77630,10940.1976,2969.0889
77631,10908.7823,3034.8693
77632,10916.5144,2475.3504
77633,10932.6818,2364.5541
77634,10902.1548,3137.7279
77635,10924.1495,3395.4101
77636,10935.106,3455.6603
77637,10914.5113,2526.6676
77638,10911.2719,3362.8928
77639,10907.8144,3393.5215
77640,10923.1664,2450.197
77641,10897.7136,3577.9254
77642,10904.4068,2391.4661
77643,10893.7918,3068.0767
77644,10916.8887,3587.6222
77645,10903.9697,2220.1055
77646,10946.384,2295.8216
77647,10910.7744,2452.2476
77648,10930.2011,2847.7719
77649,10940.832,3215.5806
77650,10912.4813,2308.131
77651,10936.7979,2974.7252
77652,10895.8929,3575.5086
77653,10896.586,2921.8043
77654,10900.4933,2866.0622
77655,10947.6785,2599.3616
77656,10911.4982,3154.6581
77657,10940.559,3020.3315
77658,10931.5765,3349.0263
77659,10920.3322,3192.3703
77660,10944.4158,3123.1731
77661,10943.2877,2861.0276
77662,10935.4174,3261.6202
77663,10903.1949,2914.4949
77664,10908.0551,3531.0911
77665,10947.1349,3406.9292
77666,10918.7287,2872.8711
77667,10927.4242,2814.9288
77668,10944.4517,3121.0943
77669,10932.5746,2890.6508
77670,10905.7944,2662.1031
77671,10901.5935,3102.1802
77672,10944.8727,2544.7424
77673,10918.5424,2784.0715
77674,10932.8978,2223.2684
77675,10937.4083,3410.5761
77676,10934.4021,2834.1885
77677,10937.9301,3166.5554
77678,10926.5267,2988.6802
77679,10903.413,3368.3954
77680,10957.4982,2829.4954
77681,10939.9958,3144.347
77682,10922.1238,2885.3502
77683,10914.8208,2447.4045
77684,10913.5473,2863.6016
77685,10931.086,3550.7225
77686,10946.4064,2562.0849
77687,10932.3761,3169.2848
77688,10955.8933,2265.693
77689,10935.3046,2600.0938
77690,10923.7219,2529.0867
77691,10954.6029,2935.5127
77692,10908.4938,2833.8989
77693,10923.3957,3339.7281
77694,10941.0435,2796.4629
77695,10908.1411,3314.6147
77696,10935.1918,2835.6267
77697,10933.557,3291.6709
77698,10939.4087,2970.8743
77699,10946.4702,3430.8281
77700,10910.4314,2844.7301
77701,10946.1337,2390.1213
77702,10916.2253,3542.8596
77703,10958.897,3202.6836
77704,10962.9796,3294.8244
77705,10963.3171,3485.0317
77706,10936.1416,2865.8054
77707,10938.1403,3556.5792
77708,10916.875,2413.8703
77709,10947.9631,3300.6736
77710,10957.661,3275.5809
77711,10936.692,2509.0014
77712,10966.1193,3119.3185
77713,10915.8023,3272.4252
77714,10917.5864,3255.1959
77715,10922.1055,2945.1507
77716,10926.7614,3292.5801
77717,10940.4923,2913.0846
77718,10941.0462,2383.2192
77719,10939.432,3261.5201
77720,10938.0516,3346.1356
77721,10923.8284,3222.6154
77722,10942.0522,2603.374
77723,10966.8563,2265.6211
77724,10939.994,2574.6493
77725,10935.775,2307.5838
77726,10972.2969,2929.865
77727,10924.9277,2726.1132
77728,10972.9293,2572.9694
77729,10957.8687,2713.115
77730,10934.7408,3102.1297
77731,10925.9749,2855.9336
77732,10957.0424,3283.304
77733,10962.2621,3395.9311
77734,10928.3314,3558.795
77735,10940.9335,3554.8821
77736,10922.4763,2277.1039
77737,10972.6851,3214.6685
77738,10951.7255,3056.2664
77739,10925.0955,3151.6399
77740,10944.3786,2850.6671
77741,10940.0974,3546.2235
77742,10965.4897,2686.4045
77743,10940.853,3116.7484
77744,10969.3309,3577.7131
77745,10942.8415,3210.5607
77746,10975.6384,2911.0843
77747,10954.7545,2399.2019
77748,10934.6581,3199.3879
77749,10946.0903,3209.6133
77750,10963.2016,2499.4119
77751,10944.2915,3528.4478
77752,10944.7055,2481.7626
77753,10937.5397,3062.4894
77754,10961.8819,2440.6303
77755,10955.2705,3388.7345
77756,10941.5378,3498.4226
77757,10941.7629,3583.0857
77758,10979.1361,2630.8688
77759,10933.6403,2358.9739
77760,10937.552,2945.0942
77761,10935.2559,3185.3992
77762,10964.3548,2289.7953
77763,10965.546,2910.5179
77764,10936.629,2751.1656
77765,10947.2552,3161.0104
77766,10931.2252,2447.9227
77767,10979.8294,3076.8568
77768,10931.5575,2827.2202
77769,10944.9514,3544.1578
77770,10963.9666,3340.5735
77771,10986.2428,3542.1673
77772,10967.0626,3193.7493
77773,10966.7284,3011.0446
77774,10951.4122,3016.7108
77775,10960.0391,2314.2695
77776,10975.4604,2560.8164
77777,10953.7522,3175.079
77778,10986.132,2796.3124
77779,10965.2772,2991.6419
77780,10986.5059,3428.9396
77781,10957.5179,3468.8167
77782,10974.8998,3204.3288
77783,10968.9706,2980.2919
77784,10949.4298,2789.5117
77785,10984.7435,3510.0807
77786,10942.8401,3507.3752
77787,10964.9728,2658.9305
77788,10963.0435,2976.4656
77789,10937.8072,2400.0488
77790,10944.9509,2265.8969
77791,10978.0631,2426.7995
77792,10948.2441,2458.591
77793,10974.1514,2613.0679
77794,10955.934,2588.2421
77795,10984.2663,2817.5475
77796,10966.8497,3504.6808
77797,10983.9721,2841.1504
77798,10984.8328,3598.2915
77799,10949.9385,3424.9033
77800,10953.041,2578.1567
77801,10980.9399,2626.8461
77802,10986.5415,3275.5777
77803,10956.4149,3159.9494
77804,10991.7455,2740.4333
77805,10948.0165,3495.185
77806,10996.4466,2846.2685
77807,10965.1548,3574.2805
77808,10980.0689,3192.3001
77809,10951.0881,2716.8813
77810,10951.5014,3214.7114
77811,10964.323,2931.4271
77812,10969.8592,2443.1597
77813,10995.4033,3173.9011
77814,10976.3738,2733.2585
77815,10975.6968,3560.4742
77816,10960.7117,2465.4551
77817,10988.7752,3044.8794
77818,10959.1479,2888.2516
77819,11000.5843,3355.5463
77820,10953.3846,2721.2314
77821,10993.0893,3437.7022
77822,10950.8488,3178.2461
77823,10991.3495,2724.5482
77824,10983.6415,2791.5919
77825,10955.547,2339.3019
77826,10968.2753,3581.589
77827,10972.4044,3352.3593
77828,10952.6353,3150.3672
77829,11002.8021,3449.3068
77830,10989.1189,3357.4212
77831,10968.2789,3172.8504
77832,10964.1665,2300.4831
77833,10987.0816,3161.6698
77834,10956.1037,2688.8294
77835,10971.8793,3428.724
77836,10956.149,3234.3557
77837,10965.445,2652.1899
77838,10978.1685,3115.3545
77839,10957.3894,2517.1817
77840,10965.3812,3351.0801
77841,11006.4179,2502.6634
77842,10965.7165,3103.154
77843,10955.6612,3549.5597
77844,10988.4906,2723.285
77845,10971.7356,2712.2674
77846,10984.5249,3323.4584
77847,10961.8419,2248.9149
77848,10994.4497,2503.3971
77849,10990.5048,2285.8586
77850,11003.6672,2679.4821
77851,11000.5358,3554.0777
77852,10965.7711,3147.8438
77853,10979.3712,3384.9831
77854,10964.3013,2801.3449
77855,10988.2248,2995.6413
77856,10989.7958,3326.7727
77857,11004.8149,3553.561
77858,10969.8947,3095.2983
77859,10999.1798,2722.8795
77860,10985.153,3146.2544
77861,10983.0661,3279.8312
77862,10994.9493,2239.1375
77863,11002.3761,2562.0536
77864,10998.7498,2285.803
77865,10988.3557,2930.7999
77866,10964.5686,3001.9193
77867,11000.5991,2656.3525
77868,10988.8324,2817.7437
77869,10979.2873,2624.1716
77870,11016.6267,2836.4651
77871,10974.5767,3151.5236
77872,11015.5208,2551.4143
77873,10980.2131,3290.9904
77874,11000.0984,3148.1935
77875,11007.661,2896.8161
77876,10981.1872,2307.8061
77877,10979.506,3177.5651
77878,10983.6112,2492.9462
77879,10966.2792,2338.7724
77880,11012.1195,3470.1326
77881,10982.8143,2951.363
77882,10978.236,2378.4973
77883,10996.8741,2641.6588
77884,11016.9412,2499.6791
77885,11001.2506,2360.0092
77886,11022.3504,3526.0918
77887,10969.0986,2425.785
77888,10998.3086,3439.5049
77889,10998.8568,2874.3705
77890,10971.8956,2577.739
77891,10984.7164,2516.9267
77892,10988.1791,2484.0917
77893,11022.3057,3613.7789
77894,10994.7357,3056.5268
77895,10984.6159,2566.5257
77896,10982.7499,3029.5389
77897,10972.0734,3033.5329
77898,10981.7142,3122.0921
77899,10993.5055,3335.1069
77900,10991.3952,2458.1127
77901,10985.187,2401.3176
77902,10991.0192,2920.0805
77903,10976.751,2464.0536
77904,10998.4612,2458.2321
77905,10999.9774,3383.143
77906,10986.7079,3463.4732
77907,11010.6372,2343.245
77908,11012.9289,2753.9077
77909,11013.3072,2485.0769
77910,10975.9213,2756.8037
77911,11007.129,2553.618
77912,11023.716,2638.7202
77913,10986.4788,2885.2075
77914,10987.1122,3371.9101
77915,11019.9618,2507.7546
77916,10980.9012,2539.9103
77917,10992.7713,3143.7103
77918,11010.6351,3151.7796
77919,11012.1593,3284.7343
77920,11004.8315,3592.4627
77921,11024.6145,3322.4165
77922,10985.1818,3309.9644
77923,10993.0221,2377.8407
77924,11025.1139,3479.1765
77925,10981.1588,3553.9333
77926,11005.0758,3308.1359
77927,10999.2889,2522.8016
77928,11015.5731,3394.6696
77929,11007.3097,3397.5338
77930,11025.9459,3421.2749
77931,10981.5647,3607.1598
77932,10990.0653,3209.5039
77933,10994.6083,3208.9757
77934,11027.0596,3065.2439
77935,11024.0045,2367.1646
77936,11032.3038,3582.7946
77937,10982.5559,3384.9817
77938,11014.1159,2250.537
77939,11015.9858,2298.146
77940,11019.9717,2334.1574
77941,11001.8609,3438.207
77942,10987.0073,3453.6758
77943,11006.4038,2330.1428
77944,11028.5988,3076.1179
77945,11021.964,2718.4749
77946,10997.4424,3299.2381
77947,11020.3932,3512.8197
77948,11036.4996,2443.6784
77949,10985.8336,3056.9265
77950,10999.2123,2923.2285
77951,11037.6902,2324.4118
77952,11027.7625,2250.7231
77953,10989.4688,3473.9823
77954,11017.5616,2940.1769
77955,11020.7151,3508.7555
77956,11021.9961,3601.4938
77957,11026.6187,2727.3732
77958,11029.1978,3454.5017
77959,11009.8241,2774.7687
77960,10999.8162,3261.3126
77961,10990.7942,3441.9276
77962,11009.3557,3609.2799
77963,11011.4746,3350.521
77964,11010.4415,2616.6087
77965,11002.0387,2703.4133
77966,11005.2427,2894.8859
77967,11010.3591,3317.9954
77968,10992.1194,2611.5507
77969,11005.2701,2841.9439
77970,10997.7119,2678.8325
77971,11001.8196,2967.0254
77972,11033.2646,3329.5824
77973,11013.0209,2293.7721
77974,11038.8009,3513.1567
77975,11037.1121,3107.6031
77976,11045.6317,2635.7383
77977,11043.8632,2970.8794
77978,11004.3105,3484.1135
77979,11019.5106,3178.7868
77980,11000.7603,3132.6408
77981,11030.677,3464.1448
77982,11037.3665,3279.7815
77983,11044.3173,3281.7392
77984,11036.4594,2875.8686
77985,10998.7653,2749.8057
77986,11027.6919,3390.2019
77987,11028.0071,3184.147
77988,11001.7292,2716.0353
77989,10998.8487,2931.1845
77990,11045.5575,3283.1271
77991,10996.4971,2581.7117
77992,11028.4127,2740.2354
77993,11006.4951,2695.0808
77994,11028.8667,3419.7748
77995,11043.4432,2543.0915
77996,11035.7696,3507.8374
77997,11010.809,2357.2004
77998,11004.3911,2454.3769
77999,10998.8559,3126.9841
78000,11014.1197,3551.0863
78001,11009.3159,3388.4915
78002,11050.4996,2937.9126
78003,11046.848,3258.829
78004,11000.6797,3492.8449
78005,11040.6841,2794.2245
78006,11015.5035,3079.9851
78007,11038.0479,3255.7058
78008,11050.0073,3385.4708
78009,11018.4825,3076.3305
78010,11030.7328,2400.7223
78011,11044.4189,3288.4754
78012,11053.5806,3466.8507
78013,11036.5026,3030.9908
78014,11018.2114,2444.4117
78015,11034.2596,2716.5998
78016,11015.3024,3154.0127
78017,11014.1408,2429.8672
78018,11042.2762,3160.4552
78019,11010.9596,3107.406
78020,11005.7274,2842.9136
78021,11007.3723,3015.8512
78022,11026.9713,2645.1312
78023,11006.9268,2324.1924
78024,11047.7975,3283.7123
78025,11055.1884,3070.5176
78026,11047.1885,2701.4447
78027,11058.3738,3102.1712
78028,11023.2564,3456.6958
78029,11029.8881,3415.4582
78030,11006.762,2611.9198
78031,11024.1604,2619.4062
78032,11021.1532,3280.2394
78033,11035.246,3303.5934
78034,11041.2502,2854.8418
78035,11049.8468,3436.6749
78036,11050.7233,3136.8823
78037,11042.6584,2487.2424
78038,11055.833,3219.2572
78039,11008.5279,2617.3416
78040,11044.3209,2347.6251
78041,11040.6022,2384.7882
78042,11019.6754,3278.3896
78043,11039.1624,3137.6972
78044,11022.6922,2804.1472
78045,11044.9528,3009.081
78046,11053.8298,3017.7265
78047,11024.5172,3101.5742
78048,11013.4113,3381.0912
78049,11046.7385,3082.8574
78050,11014.9797,2548.6315
78051,11049.0499,3451.3147
78052,11052.5684,2270.7017
78053,11009.7852,3093.8997
78054,11047.6777,2484.4034
78055,11059.5612,2784.7137
78056,11055.084,3627.6572
78057,11013.2968,2771.732
78058,11065.6174,3520.2761
78059,11033.0893,3548.2313
78060,11014.338,3477.2805
78061,11057.6631,3137.7325
78062,11016.3175,3052.4558
78063,11044.078,2990.9127
78064,11039.9732,3391.4156
78065,11042.6273,2529.9713
78066,11029.0744,3567.4556
78067,11066.96,2392.5234
78068,11048.1867,2686.3552
78069,11038.7331,3105.5842
78070,11054.9784,3171.0223
78071,11035.7423,2908.5093
78072,11041.8736,3131.8664
78073,11049.9711,3585.2034
78074,11051.5318,3157.723
78075,11058.2497,3343.7796
78076,11027.1448,2700.6818
78077,11049.1926,3025.4189
78078,11018.6805,3552.6815
78079,11045.0476,2959.8931
78080,11048.5209,2781.7115
78081,11026.3233,3448.0383
78082,11052.5143,2882.5939
78083,11042.8991,2474.4204
78084,11026.9814,3253.0268
78085,11068.0962,2698.1532
78086,11046.7645,2288.0489
78087,11065.383,3589.2043
78088,11027.7323,3462.2954
78089,11028.2101,2791.4675
78090,11064.7024,2643.2974
78091,11023.1164,2947.592
78092,11057.0533,3062.9948
78093,11017.0231,2550.1028
78094,11043.8586,3432.5094
78095,11044.687,3283.9995
78096,11048.9108,3478.0052
78097,11036.8457,3389.4285
78098,11030.4399,3428.7925
78099,11046.7424,3074.8604
78100,11026.3118,2951.0138
78101,11030.8714,3597.7931
78102,11033.0639,3485.6826
78103,11063.4056,3445.3886
78104,11067.4005,2262.6654
78105,11022.7436,3570.2683
78106,11036.8655,3509.2907
78107,11065.2506,2871.3448
78108,11029.0954,3242.3341
78109,11060.7246,2502.4149
78110,11043.0952,3322.4923
78111,11053.8013,3624.5003
78112,11062.6337,2973.7911
78113,11055.6885,2745.0165
78114,11066.5279,2410.6192
78115,11056.9089,3241.77
78116,11049.0896,2536.8409
78117,11052.7414,2947.3492
78118,11025.2662,3354.913
78119,11055.7335,3005.7551
78120,11035.064,3157.053
78121,11032.135,3301.1907
78122,11052.5438,3011.4249
78123,11033.38,2791.2497
78124,11075.2296,3603.5201
78125,11063.4109,3084.9083
78126,11063.6325,2397.3393
78127,11024.6646,2528.6636
78128,11042.0272,3383.9631
78129,11053.3228,3004.0105
78130,11074.5374,2814.6863
78131,11061.6345,3597.8939
78132,11056.1685,2560.9005
78133,11028.8833,2668.2605
78134,11041.4961,2875.0445
78135,11052.7757,3219.39
78136,11025.4899,2661.96
78137,11031.1849,2995.9672
78138,11070.7216,3300.9213
78139,11054.7557,3500.1859
78140,11066.3312,3563.366
78141,11075.8913,2477.329
78142,11073.1911,3287.3733
78143,11055.3845,3335.4706
78144,11045.4554,2375.3509
78145,11064.7274,3561.1622
78146,11040.0962,3494.5293
78147,11066.4433,2430.7083
78148,11047.4986,2790.2076
78149,11061.3728,3589.8638
78150,11037.1716,2923.5464
78151,11075.3188,2328.4372
78152,11034.4904,3404.9678
78153,11058.0634,3033.4275
78154,11062.0205,2574.401
78155,11044.7202,3433.0713
78156,11049.8555,2882.0557
78157,11032.3718,3224.9302
78158,11056.4617,2587.6391
78159,11037.962,3465.1222
78160,11079.5202,3094.575
78161,11040.6764,3460.9624
78162,11065.5289,2576.6862
78163,11079.4927,2692.1498
78164,11033.7854,2761.0066
78165,11042.7569,2517.0305
78166,11060.6451,3068.0524
78167,11052.3725,2389.1682
78168,11040.3517,2927.4283
78169,11062.028,3039.4458
78170,11051.1295,2962.7338
78171,11055.6531,2432.8608
78172,11061.7768,2532.1355
78173,11078.0154,2697.9696
78174,11049.7799,3409.7367
78175,11069.1785,3169.4246
78176,11037.9473,3132.7169
78177,11067.5994,2373.6983
78178,11065.3621,3039.3149
78179,11052.5245,2692.3723
78180,11061.9877,3375.8845
78181,11060.2757,3556.8582
78182,11041.8975,2760.3732
78183,11028.441,2343.7406
78184,11031.4944,2555.3616
78185,11076.3005,3439.0312
78186,11042.5303,3133.7692
78187,11056.2564,3607.0696
78188,11076.3707,3430.0469
78189,11072.4342,2685.4833
78190,11028.8049,2740.5014
78191,11082.1012,3586.6166
78192,11050.3156,3423.8512
78193,11079.0277,2462.8941
78194,11051.5472,3445.4585
78195,11037.5982,2857.578
78196,11036.7936,2430.2326
78197,11041.4286,2533.2055
78198,11061.3799,2926.7732
78199,11035.3324,3404.7255
78200,11054.3852,3317.7768
78201,11071.4482,2316.762
78202,11077.1494,2950.2774
78203,11078.124,2926.9628
78204,11028.217,2754.449
78205,11077.1569,3230.2016
78206,11054.5566,2460.2323
78207,11078.2815,2448.6351
78208,11053.8412,3514.1876
78209,11058.2665,3513.5615
78210,11047.2724,2846.9705
78211,11072.8026,2813.3073
78212,11043.8767,2835.9879
78213,11074.0292,2808.7204
78214,11045.0717,2410.0607
78215,11056.6502,3336.4568
78216,11042.923,2928.9286
78217,11060.2044,2932.6471
78218,11056.133,3627.2587
78219,11066.1335,3094.4054
78220,11063.7429,3152.6346
78221,11079.4615,3618.6586
78222,11039.0562,2931.2821
78223,11041.7147,2593.3416
78224,11044.842,2778.2477
78225,11063.4102,3066.1386
78226,11029.095,2408.659
78227,11044.182,3401.7959
78228,11039.5007,2637.5623
78229,11077.8032,3000.6573
78230,11049.3226,3613.101
78231,11074.7549,3426.0616
78232,11036.2915,3556.2903
78233,11042.739,2584.8545
78234,11074.117,3142.5591
78235,11072.8633,3197.7989
78236,11033.6074,3443.282
78237,11036.474,3006.1644
78238,11065.6819,2818.7341
78239,11068.3575,3143.8332
78240,11046.3626,2403.7897
78241,11070.8296,2468.1046
78242,11043.5702,3256.7389
78243,11031.3757,2245.0075
78244,11041.8065,2483.4491
78245,11070.022,3304.1746
78246,11067.7877,3345.9936
78247,11034.1434,2717.1107
78248,11075.5684,3514.8528
78249,11067.9848,2351.4279
78250,11043.8396,2452.252
78251,11034.9701,2575.0948
78252,11038.4228,3476.7683
78253,11052.211,3256.4906
78254,11068.2612,3481.1911
78255,11028.5356,2547.948
78256,11072.7307,3347.1495
78257,11054.007,2389.5308
78258,11073.2564,2378.3542
78259,11029.0019,2953.4614
78260,11075.3578,2973.4546
78261,11027.9284,3234.5312
78262,11074.8428,2412.3338
78263,11040.5664,2919.9258
78264,11076.4031,3087.5991
78265,11055.6989,2825.9614
78266,11030.4529,2577.3113
78267,11038.0624,3509.774
78268,11071.0696,3430.8876
78269,11058.1899,2620.6489
78270,11052.6828,3273.6667
78271,11050.8145,3388.4422
78272,11057.08,3529.1514
78273,11038.66,2354.9954
78274,11078.7487,2830.71
78275,11059.5444,3530.5091
78276,11062.5523,2657.3683
78277,11027.5761,2864.5661
78278,11042.2952,2779.2666
78279,11063.5698,3189.745
78280,11054.2735,3427.3374
78281,11053.1885,2564.7617
78282,11043.0891,2723.9291
78283,11028.3001,3176.0535
78284,11067.4603,3270.3246
78285,11037.1283,3454.278
78286,11049.7363,2971.4297
78287,11076.0292,3114.1707
78288,11032.5638,2865.869
78289,11043.6686,2325.0378
78290,11049.1826,2498.5721
78291,11078.4316,2759.7274
78292,11080.2348,3633.242
78293,11029.9278,2333.5405
78294,11070.0988,3073.2395
78295,11043.97,3279.6735
78296,11029.0402,2748.8704
78297,11044.6238,2889.1054
78298,11057.4545,2485.5832
78299,11060.7604,2441.3809
78300,11068.354,3170.0085
78301,11033.5331,3416.5536
78302,11049.8913,3206.9841
78303,11074.523,2678.9996
78304,11031.1098,3384.1913
78305,11031.5204,2758.8524
78306,11048.9761,3080.925
78307,11031.1156,3067.4285
78308,11033.1919,3423.72
78309,11051.3946,3291.1998
78310,11072.2957,3290.7322
78311,11036.3967,3169.2993
78312,11052.8114,3245.7765
78313,11073.0845,3172.6271
78314,11045.5514,2695.5043
78315,11060.5278,2922.4935
78316,11068.3267,3221.3476
78317,11074.211,3562.1272
78318,11071.9753,2645.6542
78319,11076.622,3507.6599
78320,11045.1149,3082.1219
78321,11064.5801,2304.6938
78322,11066.37,2807.9983
78323,11069.528,3533.0186
78324,11046.1185,2747.3429
78325,11058.1613,3161.9299
78326,11044.4212,2773.4272
78327,11025.7278,2689.4907
78328,11039.0492,2944.7001
78329,11070.7836,3376.3049
78330,11062.1067,3478.0797
78331,11045.0235,3559.1293
78332,11032.8605,3320.7102
78333,11069.8225,3611.7796
78334,11026.4126,3352.7488
78335,11022.8782,3011.7422
78336,11049.8391,3364.0524
78337,11073.5856,2668.1281
78338,11020.981,3255.4293
78339,11064.3917,2506.5123
78340,11032.709,3558.7311
78341,11050.3885,2998.5142
78342,11043.408,2899.2204
78343,11021.7526,3002.271
78344,11071.5262,3568.7248
78345,11022.5607,2663.2333
78346,11039.8999,3063.0891
78347,11029.6762,2375.7466
78348,11020.8491,3260.8281
78349,11068.3729,2738.2075
78350,11022.4063,3496.227
78351,11046.5402,3483.2873
78352,11043.593,3048.5331
78353,11054.7388,3460.1594
78354,11040.4134,2473.1709
78355,11023.8384,2911.7229
78356,11037.1185,3115.3556
78357,11039.0615,3436.9842
78358,11016.5321,2488.484
78359,11054.2409,2916.4401
78360,11033.132,3303.3856
78361,11031.5313,2700.1223
78362,11038.6239,2362.009
78363,11060.5528,3334.4178
78364,11059.3669,2987.7895
78365,11041.0076,2409.4614
78366,11032.2789,2412.1509
78367,11061.7006,3116.9381
78368,11030.3124,2805.4156
78369,11055.5889,3542.9819
78370,11042.8965,3057.7159
78371,11062.5989,3582.7887
78372,11062.5072,3195.9738
78373,11064.1315,2499.1683
78374,11024.2912,2399.344
78375,11028.6758,2587.0706
78376,11035.8745,2587.7194
78377,11055.7401,2840.5923
78378,11064.3213,2734.5901
78379,11014.0309,2912.8544
78380,11012.878,2316.3185
78381,11024.9692,2809.7022
78382,11061.7779,3632.6276
78383,11045.2917,3212.8619
78384,11059.2816,2269.5548
78385,11014.188,2439.3549
78386,11044.5795,3078.8416
78387,11064.635,3012.9465
78388,11033.721,3370.1882
78389,11059.7409,3196.1837
78390,11018.4335,3265.2935
78391,11048.2677,3527.0302
78392,11016.1555,3514.3291
78393,11053.2592,3147.9322
78394,11026.132,3559.4561
78395,11015.3227,3125.4451
78396,11030.099,3556.0811
78397,11052.8417,2264.079
78398,11035.061,2561.431
78399,11055.9343,3093.7984
78400,11009.4103,3400.0202
78401,11025.1814,2454.7311
78402,11043.7863,2928.7568
78403,11008.4672,3047.838
78404,11049.431,3075.8978
78405,11016.4835,3055.5805
78406,11019.4238,3196.4366
78407,11006.1056,2249.9409
78408,11055.0486,3392.6738
78409,11048.0362,2575.9261
78410,11046.1713,3110.1306
78411,11006.2697,3412.3738
78412,11025.4487,3067.5954
78413,11055.9197,3617.5795
78414,11052.5379,2459.2274
78415,11047.4147,2550.9438
78416,11003.8553,3220.1926
78417,11056.1402,3610.1624
78418,11005.4194,3189.5876
78419,11022.6729,3092.1633
78420,11049.9689,3149.013
78421,11039.4352,2914.8023
78422,11001.946,3139.8703
78423,11049.6627,3486.1745
78424,11050.0495,3289.1421
78425,11025.3637,3141.6739
78426,11041.0462,2493.6005
78427,11042.0882,3340.5659
78428,11033.5676,3240.3332
78429,11028.0331,3191.8445
78430,11023.7683,2623.1718
78431,11026.5178,2362.1409
78432,11013.0618,3605.9318
78433,11029.8913,3045.558
78434,11034.2241,2397.7104
78435,11001.646,2336.0819
78436,11034.5905,2432.5722
78437,11010.0748,3124.3476
78438,11048.2798,3066.8355
78439,10998.5885,2741.2079
78440,11031.195,3337.4649
78441,11015.798,2837.6163
78442,11044.3707,2839.2996
78443,11021.0416,3615.6734
78444,11018.2472,2995.8042
78445,11027.4356,2321.932
78446,11014.2223,2307.9455
78447,11032.0228,3365.5276
78448,11015.9457,2588.7303
78449,11029.0521,3394.3279
78450,11012.6736,2928.7199
78451,11042.159,3172.613
78452,11013.1314,2610.2982
78453,10998.8948,2862.4317
78454,11033.847,3060.2949
78455,11026.2617,3019.8352
78456,11000.4783,2659.94
78457,11030.2422,3097.2862
78458,11013.966,2505.5565
78459,10998.4593,3459.5142
78460,11037.2191,3118.6015
78461,11029.1085,3392.2453
78462,11017.8879,2613.7474
78463,11004.1385,3256.83
78464,11038.3879,2944.0329
78465,11005.7203,2863.976
78466,11025.6784,2413.3299
78467,11039.4912,3192.4871
78468,11033.8322,3146.0778
78469,11030.6787,2508.7001
78470,11025.3731,3617.9364
78471,11019.3797,3522.9667
78472,10995.7773,3207.8928
78473,11029.8801,3093.7776
78474,11038.8385,2253.5863
78475,10987.3786,2996.3837
78476,11026.2041,3104.2303
78477,11026.0681,3406.2332
78478,11019.7845,2483.903
78479,10999.1975,2965.8144
78480,10988.5258,3439.5693
78481,11013.7416,3193.8789
78482,10995.0175,2532.8155
78483,11024.6576,2554.0343
78484,11015.7335,2961.8389
78485,11011.8187,3106.0508
78486,10990.224,2667.0582
78487,11001.251,2605.9581
78488,10994.2681,2634.8374
78489,10981.8394,2480.8397
78490,11027.4243,2390.6145
78491,10979.9035,3463.7599
78492,10991.8805,2324.0294
78493,11014.5289,2896.8374
78494,11013.2696,2890.8982
78495,11023.4779,3108.0546
78496,10992.0485,2542.9384
78497,10996.3797,3367.8327
78498,10992.335,2449.0513
78499,11024.5342,3431.6808
78500,10977.8145,3323.3374
78501,10998.0614,2537.7185
78502,11024.9138,3490.6326
78503,11013.1952,2843.4751
78504,10980.5938,2368.9471
78505,10993.6582,2994.1984
78506,10972.8812,2375.1436
78507,10976.7127,2236.0728
78508,11005.3528,2308.9856
78509,10991.4144,2284.1479
78510,10983.1503,2404.8384
78511,10973.5993,2621.4832
78512,10990.9331,3434.5208
78513,11023.319,3535.6358
78514,10969.7042,2809.7445
78515,10983.3106,2284.6928
78516,10970.968,2965.1461
78517,11004.9692,3576.3959
78518,10994.2527,3020.1146
78519,10981.4718,3094.5338
78520,11014.5069,2890.5083
78521,10974.4118,3367.8134
78522,10983.9554,3085.5769
78523,10969.0508,3244.5772
78524,11006.4921,2755.7328
78525,10981.4752,3498.8744
78526,10978.2483,2666.5709
78527,10978.229,2854.8269
78528,10978.1317,2760.2703
78529,11002.9458,2343.2438
78530,11016.9594,3555.639
78531,10994.0649,3344.4117
78532,11004.4392,3445.6208
78533,11014.4918,3098.3377
78534,10969.7951,3323.2367
78535,10984.1748,3566.5047
78536,10980.8626,3070.593
78537,10975.9109,3090.8853
78538,10989.7938,3294.8665
78539,10974.0332,2988.3055
78540,11006.7188,3225.0482
78541,10981.303,3382.4572
78542,10982.2169,3400.0814
78543,10996.1004,3288.2342
78544,11006.285,3518.3639
78545,11003.4599,3222.4671
78546,10986.5905,3272.7633
78547,10999.1201,2626.1067
78548,10990.3697,2655.2512
78549,11005.9851,2830.476
78550,11008.9442,3305.2786
78551,11007.3815,2998.9673
78552,10979.7479,2480.8585
78553,10990.7458,3261.5819
78554,11006.3378,2821.9232
78555,10958.2959,3291.6905
78556,10952.795,3180.1701
78557,10965.6843,3384.4364
78558,10953.043,2852.0593
78559,10954.2611,3552.2166
78560,10981.4407,2576.8851
78561,10974.6417,2699.391
78562,10977.4273,2230.6488
78563,11000.791,3170.6682
78564,10968.1931,3489.9631
78565,11002.534,2744.9417
78566,10989.6049,3077.734
78567,10953.0012,3532.2937
78568,10960.6598,2917.807
78569,10994.5354,2249.3272
78570,10969.7999,3486.079
78571,10964.3598,3030.5578
78572,10953.8343,2799.8501
78573,10987.7045,2971.4176
78574,10985.0472,3096.0544
78575,10950.5183,3231.0531
78576,10985.7776,2617.3067
78577,10942.5797,3558.3833
78578,10992.0072,3314.7723
78579,10958.1839,3119.8312
78580,10958.4812,3383.5629
78581,10983.8027,2969.7488
78582,10958.8986,2605.8249
78583,10948.996,3265.0022
78584,10983.5684,2367.5555
78585,10975.6091,2340.8023
78586,10945.2281,3013.8676
78587,10970.7056,3140.1928
78588,10956.7739,3462.3653
78589,10959.9786,2996.6768
78590,10937.9857,3424.0769
78591,10984.7985,3256.8436
78592,10938.3779,3445.9065
78593,10941.0263,2427.1944
78594,10959.3813,3219.113
78595,10959.9989,2774.1413
78596,10936.0605,3164.8319
78597,10951.1022,3205.0903
78598,10961.318,2369.7341
78599,10938.1072,2625.3625
78600,10967.4959,2975.8535
78601,10949.532,3429.9129
78602,10953.7006,2935.2105
78603,10971.5858,2467.2422
78604,10972.4958,2827.6784
78605,10952.6695,2923.6086
78606,10945.0237,3469.9546
78607,10970.2585,2572.6157
78608,10939.241,3161.3899
78609,10967.9434,3080.7867
78610,10953.1979,2629.7522
78611,10960.8728,2299.5097
78612,10929.032,3419.1953
78613,10930.7113,3244.0921
78614,10973.9097,2617.6547
78615,10957.8864,2804.8201
78616,10957.1544,2956.7979
78617,10976.9759,2241.4969
78618,10922.9151,2373.7316
78619,10953.1099,2783.5033
78620,10976.2193,3196.189
78621,10968.5154,2301.2146
78622,10942.0321,3344.9108
78623,10940.7394,3352.5438
78624,10929.8048,3470.3926
78625,10969.3725,3294.8177
78626,10927.3235,3167.7138
78627,10941.8292,3018.3821
78628,10962.7947,2853.7362
78629,10968.188,3294.0123
78630,10954.4858,2540.8472
78631,10933.8448,2268.7615
78632,10959.7996,3182.2544
78633,10930.9385,2814.9886
78634,10954.2175,2358.3298
78635,10962.6915,3417.2038
78636,10927.6221,2850.1638
78637,10922.6595,2531.3889
78638,10960.4758,2988.0595
78639,10925.0242,2875.7476
78640,10952.7505,3031.6322
78641,10943.6235,3437.62
78642,10950.7369,2855.6256
78643,10912.4545,2558.5863
78644,10945.585,3486.4876
78645,10954.9417,3406.989
78646,10942.0864,2675.4131
78647,10908.783,2895.2865
78648,10936.2309,3114.0439
78649,10954.9939,3149.7445
78650,10907.9338,3271.4488
78651,10925.7254,3251.2591
78652,10939.9169,3155.1808
78653,10926.8619,3307.0874
78654,10932.6548,3388.6188
78655,10953.5732,2551.1475
78656,10953.2663,3271.3465
78657,10949.7612,3188.0771
78658,10910.1772,2966.7809
78659,10929.3299,2410.7335
78660,10933.5608,2659.366
78661,10900.4173,3079.6456
78662,10903.5862,2532.0266
78663,10907.0763,2976.7659
78664,10914.3694,2223.4495
78665,10934.6489,2755.8364
78666,10914.0317,3294.3831
78667,10932.9152,3022.4467
78668,10909.9732,3049.8145
78669,10920.7084,3210.1741
78670,10910.5651,3094.7915
78671,10913.3859,3135.9344
78672,10915.1501,3170.8748
78673,10927.8626,3490.6197
78674,10900.9094,3099.2428
78675,10930.4672,2763.4132
78676,10903.3971,2981.8198
78677,10925.6917,2838.9606
78678,10892.3602,2869.8419
78679,10897.9351,2312.689
78680,10932.6635,3545.4399
78681,10890.0649,3231.0773
78682,10893.445,2408.1365
78683,10889.3153,2215.0708
78684,10899.7712,3145.5443
78685,10907.7834,2904.3981
78686,10921.3751,2957.723
78687,10937.485,2328.847
78688,10930.719,2800.5446
78689,10925.8733,2389.8878
78690,10898.1755,2887.0595
78691,10895.9848,2370.4893
78692,10917.9311,3414.2028
78693,10905.2367,3345.7278
78694,10888.1693,3225.1028
78695,10905.8384,3449.6607
78696,10907.7364,2539.6704
78697,10882.0683,2282.4179
78698,10907.658,3203.5816
78699,10903.0999,2291.6025
78700,10892.2297,2281.9186
78701,10900.5279,3141.9298
78702,10878.118,2811.6041
78703,10909.3387,2656.3905
78704,10903.6621,2355.3069
78705,10926.5554,3078.0112
78706,10890.5457,2575.1963
78707,10905.7943,2426.6264
78708,10918.8047,2606.0491
78709,10912.2612,2780.5617
78710,10893.1384,2584.8536
78711,10887.7233,2595.55
78712,10875.3394,3340.6638
78713,10885.9685,3573.4002
78714,10909.4452,2328.5024
78715,10908.6024,2635.2222
78716,10920.2501,3256.9307
78717,10879.6564,3575.6536
78718,10877.4095,3328.5189
78719,10891.8609,3002.6899
78720,10873.5514,2657.2155
78721,10920.0429,3586.4972
78722,10884.5077,3378.8027
78723,10878.6391,2401.5513
78724,10874.1492,3082.398
78725,10887.3356,3541.7381
78726,10863.2986,3498.9632
78727,10904.2625,2927.3727
78728,10903.9613,3578.8472
78729,10900.3592,3411.205
78730,10883.8755,2329.3706
78731,10883.7073,3300.5586
78732,10889.5548,2600.9015
78733,10909.0208,3468.5115
78734,10858.3744,2561.4849
78735,10861.7605,2468.7311
78736,10870.2671,2236.6977
78737,10868.5673,2818.5408
78738,10872.4572,3339.3641
78739,10869.7128,2450.0223
78740,10855.4465,2620.0344
78741,10892.8109,2488.2523
78742,10874.3141,2718.0336
78743,10878.9955,3148.7728
78744,10890.4111,3273.9017
78745,10861.1131,2419.3304
78746,10891.7018,2796.4133
78747,10852.1343,2678.041
78748,10897.0188,3333.0432
78749,10872.8226,2668.2654
78750,10882.8634,3381.5121
78751,10872.9953,2271.729
78752,10873.3566,2209.82
78753,10865.3086,3207.6904
78754,10871.3493,3111.1092
78755,10895.0295,2472.7801
78756,10883.3844,3294.5139
78757,10879.9569,3381.0908
78758,10862.6843,2791.9589
78759,10874.8987,2708.9044
78760,10842.6309,3122.7823
78761,10856.4454,3198.7184
78762,10866.4646,2881.8393
78763,10883.5654,3030.3565
78764,10893.373,2439.3041
78765,10884.7561,2299.629
78766,10875.7707,2572.6779
78767,10891.1885,2364.6235
78768,10857.9396,3331.191
78769,10861.8264,3253.4053
78770,10880.1757,3337.7896
78771,10846.7385,3237.7867
78772,10866.7792,3021.7003
78773,10873.8105,3285.4644
78774,10847.3045,3112.0401
78775,10861.1105,3518.8968
78776,10853.6337,2328.7031
78777,10881.8125,3291.9518
78778,10839.6355,3268.7809
78779,10852.5017,3255.7983
78780,10869.9937,3201.2673
78781,10857.0003,2980.3039
78782,10877.2062,2635.159
78783,10858.9027,2311.4716
78784,10868.2912,3401.482
78785,10833.4946,2208.3134
78786,10831.1226,2443.3294
78787,10825.2459,2772.6598
78788,10834.6874,3550.1732
78789,10827.5144,2837.6281
78790,10848.0924,2916.5884
78791,10874.1265,3359.4838
78792,10874.3775,2874.1457
78793,10867.5273,2759.4753
78794,10869.418,3451.504
78795,10853.797,3339.0759
78796,10866.6874,3511.0816
78797,10836.2044,3268.7236
78798,10869.4101,3111.045
78799,10840.3322,2387.6384
78800,10834.8841,3165.1533
78801,10863.7385,2359.0622
78802,10831.1732,2417.0577
78803,10838.7323,3188.9353
78804,10839.0227,3268.043
78805,10817.5893,3326.7945
78806,10822.9187,3264.4429
78807,10850.1837,3173.0278
78808,10847.0682,3408.3717
78809,10831.1951,3419.6506
78810,10811.7013,2530.1889
78811,10835.871,2678.4609
78812,10842.9636,3398.9487
78813,10850.872,3518.1588
78814,10828.9369,3044.4805
78815,10830.1947,2814.2026
78816,10828.9449,3192.4714
78817,10855.8326,3413.149
78818,10815.1869,3131.7987
78819,10835.0167,2471.1971
78820,10820.0022,3454.5419
78821,10846.557,2233.3336
78822,10846.7613,3396.6287
78823,10833.604,3138.7989
78824,10852.4499,2562.4624
78825,10851.4419,3449.1634
78826,10837.2391,2364.0691
78827,10831.0089,3114.2606
78828,10814.1549,2197.5047
78829,10849.9841,3127.0097
78830,10839.9867,3506.8686
78831,10809.0581,3445.417
78832,10811.8454,2953.4214
78833,10796.1171,3223.0641
78834,10812.8997,2294.7172
78835,10830.0255,3550.0377
78836,10810.8093,2717.8705
78837,10831.0022,2664.6997
78838,10835.5618,2327.4582
78839,10833.6332,3096.9157
78840,10791.0455,2511.0697
78841,10793.4861,2933.1824
78842,10797.5114,3296.1685
78843,10832.4141,2787.8485
78844,10800.8503,3269.6827
78845,10833.5229,2632.9391
78846,10787.3341,2265.2165
78847,10820.1789,2558.3289
78848,10825.6997,2725.9634
78849,10802.8933,2823.3259
78850,10813.8549,2260.9055
78851,10810.8664,3459.8488
78852,10786.2265,3308.8092
78853,10811.6801,3216.1494
78854,10807.9261,2869.5508
78855,10816.5512,3473.8737
78856,10816.0861,3172.8183
78857,10806.0837,3394.3014
78858,10823.8451,2978.5707
78859,10797.5098,2300.0446
78860,10821.1052,2586.3659
78861,10776.3171,2512.8044
78862,10818.2423,3478.64
78863,10803.8154,2213.2216
78864,10806.3451,2258.8059
78865,10788.8591,3169.4568
78866,10800.071,2504.4563
78867,10806.4342,2634.5316
78868,10809.2503,2749.378
78869,10781.5056,3285.7763
78870,10802.9809,3477.3437
78871,10769.4338,2630.6349
78872,10795.5082,2911.3075
78873,10818.1051,2744.6951
78874,10802.3426,2258.7138
78875,10813.025,2361.856
78876,10785.3294,3028.4513
78877,10801.8764,2495.2122
78878,10764.0193,2688.3548
78879,10772.0677,2710.0686
78880,10800.5408,2880.4067
78881,10767.8756,2840.2143
78882,10809.0439,2687.8522
78883,10804.9702,3509.9194
78884,10809.9516,3265.6308
78885,10760.2919,2746.2257
78886,10787.49,3264.3148
78887,10759.3133,2745.313
78888,10780.5521,2341.0789
78889,10791.0561,3323.3294
78890,10776.922,3003.4524
78891,10798.0969,2942.447
78892,10781.7468,3306.3647
78893,10792.4979,2805.2183
78894,10759.4015,3426.0436
78895,10792.576,2464.406
78896,10791.5511,3042.1957
78897,10779.3268,2623.9807
78898,10801.634,2795.2114
78899,10754.1063,3359.0438
78900,10789.7753,2848.1579
78901,10784.9386,2396.654
78902,10762.8264,2888.0907
78903,10763.0151,3054.8465
78904,10761.8226,3369.3652
78905,10768.8967,2199.9312
78906,10766.1954,3037.2129
78907,10768.1189,3432.3302
78908,10759.6752,3277.0899
78909,10754.1236,2332.8313
78910,10748.9166,3306.8863
78911,10759.268,3463.6969
78912,10776.2191,3512.8644
78913,10788.266,2400.0698
78914,10758.5778,3186.7427
78915,10783.9613,2635.4172
78916,10781.4909,2478.2648
78917,10744.2661,3050.9313
78918,10781.502,2301.5398
78919,10759.3345,3401.7368
78920,10755.9354,3060.7893
78921,10767.7775,3466.0921
78922,10781.3025,2591.6957
78923,10783.8213,2862.7097
78924,10768.5646,2797.002
78925,10742.2521,3060.6108
78926,10753.0754,3247.119
78927,10761.1959,2207.5541
78928,10769.8087,2770.1242
78929,10754.7674,3357.0429
78930,10748.3698,2898.087
78931,10776.8523,2343.4198
78932,10743.6937,2868.0818
78933,10759.3862,3278.065
78934,10738.0637,3050.4372
78935,10725.1611,2963.1975
78936,10733.7406,3257.2067
78937,10721.8229,3022.8128
78938,10749.3756,3296.5087
78939,10748.1497,2797.1644
78940,10753.7762,3460.188
78941,10767.1697,3172.5149
78942,10730.3015,3342.1364
78943,10745.1639,2887.0315
78944,10758.6746,2441.84
78945,10756.9333,2185.0961
78946,10766.8893,2346.0242
78947,10739.694,2763.2881
78948,10719.6654,2561.9897
78949,10757.4391,2565.4396
78950,10717.1118,3174.4715
78951,10759.77,2240.3465
78952,10727.1666,3388.1913
78953,10727.1648,3412.2844
78954,10724.7837,2473.8558
78955,10721.9122,2481.1688
78956,10734.5474,2697.4084
78957,10738.2424,2461.1953
78958,10730.7192,3293.6927
78959,10757.4916,2942.7946
78960,10712.1748,2784.4552
78961,10755.6273,3357.5708
78962,10720.2832,2457.1913
78963,10703.5011,2895.652
78964,10711.9375,2452.3623
78965,10745.2859,3143.1796
78966,10735.4397,2335.8484
78967,10726.6182,2679.7193
78968,10712.303,2905.0222
78969,10746.2349,2750.9514
78970,10734.143,3448.4378
78971,10723.8471,2890.7907
78972,10722.6656,2296.4567
78973,10732.0751,2513.5415
78974,10728.9986,3008.1672
78975,10739.5125,3503.4671
78976,10709.1499,3225.0826
78977,10728.7047,2595.9273
78978,10711.0165,2185.6524
78979,10743.4532,3375.7382
78980,10694.1189,2808.7495
78981,10740.1235,2330.9598
78982,10727.0771,2346.6971
78983,10703.9043,3484.2385
78984,10729.8583,3063.6994
78985,10717.5593,2815.2559
78986,10732.0946,2429.268
78987,10688.8157,2289.7361
78988,10699.6841,3036.1856
78989,10724.5935,2447.4963
78990,10702.9704,2981.057
78991,10694.8247,2482.5382
78992,10687.5698,3123.0754
78993,10693.8037,2668.1445
78994,10710.4156,3299.0169
78995,10701.1866,3115.1596
78996,10712.8715,2343.7819
78997,10704.9358,2370.6667
78998,10708.0762,3464.3304
78999,10693.0133,2901.6087
79000,10688.3251,3042.8474
79001,10716.4853,2906.9621
79002,10723.023,2846.6805
79003,10680.1921,2626.9816
79004,10696.649,2947.8083
79005,10684.0368,2748.2941
79006,10687.4755,2286.6256
79007,10672.1212,3455.4325
79008,10707.3912,3401.316
79009,10684.6653,2713.8042
79010,10670.0492,3002.1132
79011,10676.3372,3286.0674
79012,10673.5689,3399.0177
79013,10676.4916,2407.8107
79014,10708.1848,2283.7708
79015,10711.9089,3518.7896
79016,10711.1409,3147.6226
79017,10706.0404,3436.9442
79018,10687.8335,2444.7497
79019,10661.3785,3300.6724
79020,10682.1546,2738.4849
79021,10664.4977,2467.9679
79022,10676.4538,2627.8136
79023,10680.9853,3226.1998
79024,10659.5614,2598.5781
79025,10681.5902,2627.7845
79026,10679.5335,2324.3546
79027,10695.2213,2271.907
79028,10700.3552,3002.2543
79029,10704.5266,3471.3907
79030,10660.2871,2282.4385
79031,10655.6292,2655.8345
79032,10692.7765,2543.4664
79033,10701.2438,3300.7243
79034,10693.3638,2363.961
79035,10700.9068,3057.7032
79036,10678.4549,3237.033
79037,10659.3009,2990.0434
79038,10669.2075,3275.1329
79039,10662.2718,3418.6496
79040,10694.7274,3319.3153
79041,10650.2615,2975.7151
79042,10655.0596,2428.579
79043,10692.7875,3409.3251
79044,10645.0512,3102.5416
79045,10665.4693,2330.9611
79046,10655.7457,3182.4752
79047,10645.3946,3361.1614
79048,10656.7435,2847.1425
79049,10689.3899,2926.0164
79050,10648.2021,3146.9403
79051,10687.2503,2732.2913
79052,10681.9051,3504.2978
79053,10684.9781,2630.2021
79054,10687.5114,2660.2591
79055,10671.8446,3339.6532
79056,10633.9211,2667.5186
79057,10662.7139,2243.2053
79058,10651.4216,2366.3204
79059,10655.6312,2434.9697
79060,10680.9531,3271.5232
79061,10654.1095,3143.8087
79062,10644.3462,2376.1514
79063,10648.6262,2488.1228
79064,10657.5057,3378.1657
79065,10664.3415,3382.5348
79066,10652.6915,2736.3591
79067,10664.1756,3057.7828
79068,10628.516,2741.0156
79069,10676.2002,2989.5928
79070,10625.5927,2853.2836
79071,10664.3481,2799.9132
79072,10658.619,2549.4901
79073,10640.9201,3480.3128
79074,10670.977,2759.3545
79075,10658.9015,2934.9107
79076,10641.1278,2929.7881
79077,10663.8332,2547.7708
79078,10635.6784,3129.7801
79079,10654.8466,3023.4934
79080,10659.2792,2969.7002
79081,10634.9583,2378.551
79082,10666.425,2941.2376
79083,10626.2222,2658.4502
79084,10621.4281,3197.0963
79085,10653.5033,2703.8964
79086,10635.0082,2667.4687
79087,10609.7519,3169.9681
79088,10623.9276,2222.7942
79089,10625.2984,2948.2948
79090,10637.0929,3357.1025
79091,10606.6357,3015.1338
79092,10638.0543,3471.0538
79093,10638.1851,2519.7496
79094,10614.8018,3475.3547
79095,10618.414,3110.2407
79096,10604.7952,2634.8903
79097,10650.9622,2545.7869
79098,10618.4869,2471.6392
79099,10604.9041,2810.0646
79100,10600.3005,2177.5804
79101,10609.5476,3281.5285
79102,10635.1369,2433.4048
79103,10609.206,2712.1131
79104,10615.5887,2989.2704
79105,10609.76,3000.1241
79106,10602.9236,2460.3896
79107,10596.7923,3361.5374
79108,10610.2364,3384.6151
79109,10614.8608,2626.7106
79110,10610.1693,2471.2616
79111,10621.428,2853.2107
79112,10623.9633,2723.8191
79113,10609.7995,3176.5496
79114,10638.479,2258.1839
79115,10628.456,2709.2437
79116,10616.7671,3013.4991
79117,10638.465,2475.5724
79118,10628.9213,2818.2327
79119,10608.0761,3195.5512
79120,10596.8999,3032.0132
79121,10633.4619,2339.4274
79122,10633.5493,3064.7442
79123,10614.2312,2257.2225
79124,10601.1013,3075.8145
79125,10599.6896,2650.5414
79126,10603.4591,3121.2376
79127,10629.4797,3417.6678
79128,10596.8214,2658.4745
79129,10623.6781,2714.6943
79130,10582.4667,3146.4838
79131,10600.6893,2240.3409
79132,10615.1578,2336.968
79133,10600.2367,3397.0193
79134,10587.7023,2159.9597
79135,10576.3022,3216.8244
79136,10577.0063,3459.4019
79137,10604.8401,2981.2464
79138,10617.7709,3204.7193
79139,10621.9574,3100.4078
79140,10571.2793,3054.5082
79141,10591.5468,3458.5775
79142,10616.9211,2869.8473
79143,10607.7293,2962.6439
79144,10566.6744,3433.7559
79145,10572.1523,3464.9238
79146,10613.2041,2333.857
79147,10583.1684,3204.6729
79148,10593.4574,2904.0397
79149,10595.6986,2315.5223
79150,10598.7874,2241.6022
79151,10567.78,3090.7276
79152,10589.2589,2665.9885
79153,10581.6457,3442.2296
79154,10599.4161,2701.3266
79155,10568.829,3129.6649
79156,10558.8798,3418.4997
79157,10559.9389,2991.5144
79158,10596.8635,2416.7814
79159,10607.2794,2374.708
79160,10588.3131,2731.4958
79161,10593.5223,2426.3834
79162,10596.822,3284.3613
79163,10553.8732,2780.9656
79164,10561.1161,3140.0534
79165,10597.4849,3101.5963
79166,10570.0173,3349.9017
79167,10566.5138,3324.5416
79168,10570.6591,3097.7969
79169,10547.98,2766.933
79170,10547.4498,3066.9349
79171,10573.9027,2680.8777
79172,10587.3137,2535.0774
79173,10579.8751,2362.8915
79174,10543.3159,2845.8982
79175,10579.6589,3134.5344
79176,10566.5189,2365.9243
79177,10556.5074,2872.5415
79178,10591.0723,2447.7722
79179,10553.6053,3211.154
79180,10590.5098,3379.9748
79181,10552.9291,3175.653
79182,10579.8673,3445.7866
79183,10582.6828,2400.5902
79184,10537.6626,2590.564
79185,10556.7173,3213.5668
79186,10550.0798,2985.0377
79187,10535.3829,3152.5187
79188,10555.8966,2693.8672
79189,10541.8038,2970.3607
79190,10564.8362,3328.0059
79191,10545.0841,2775.5004
79192,10537.3817,2256.576
79193,10530.146,2378.791
79194,10541.5243,3365.8085
79195,10542.7528,2505.7796
79196,10560.9083,3249.4921
79197,10562.5767,3153.0196
79198,10547.5958,3150.7803
79199,10556.7843,3069.8495
79200,10562.4061,3054.1767
79201,10539.2686,3263.0626
79202,10547.0478,2504.3406
79203,10539.1841,3408.4583
79204,10542.886,2463.4937
79205,10562.1059,2560.353
79206,10534.7808,2295.9023
79207,10541.858,2756.6941
79208,10549.9623,3247.5435
79209,10528.7066,2359.9575
79210,10557.1061,2454.4538
79211,10538.4911,2411.089
79212,10525.7571,3054.1777
79213,10537.1688,2811.724
79214,10555.6112,3349.5366
79215,10554.5332,3100.4495
79216,10555.6288,2994.0378
79217,10539.607,2348.6909
79218,10529.0315,3373.2453
79219,10531.5314,3178.6675
79220,10529.2918,3454.6483
79221,10510.9947,3008.8565
79222,10553.9451,2771.8909
79223,10516.793,2588.7823
79224,10522.9326,2992.7775
79225,10524.2796,2999.4126
79226,10553.7093,2788.7062
79227,10521.8674,3194.0291
79228,10534.0335,2788.2866
79229,10550.2448,3415.3838
79230,10529.932,2368.9857
79231,10532.8108,2567.1736
79232,10522.6043,2825.9159
79233,10544.6714,2613.3615
79234,10533.7772,3363.9966
79235,10540.5366,2388.0815
79236,10534.1967,3125.2462
79237,10532.6114,2555.3152
79238,10541.0716,2874.7867
79239,10537.1214,3425.6588
79240,10542.4163,2790.0029
79241,10511.9811,2751.1964
79242,10531.4703,2492.4426
79243,10520.7743,2955.4781
79244,10515.7669,2967.4763
79245,10531.5605,3153.0945
79246,10516.5053,2964.716
79247,10537.0046,2917.3796
79248,10525.377,3242.2514
79249,10510.1639,2170.8776
79250,10508.2979,3333.4467
79251,10501.7141,3192.5085
79252,10514.8523,2396.8488
79253,10488.133,2344.4879
79254,10494.312,3310.853
79255,10530.8564,3194.9311
79256,10501.8189,3098.8139
79257,10480.53,3034.8227
79258,10485.259,2983.5401
79259,10485.8539,3182.0407
79260,10499.431,3433.2777
79261,10477.1904,2674.5563
79262,10490.6008,3369.9929
79263,10475.6121,2897.042
79264,10505.9804,2521.0292
79265,10492.2603,3370.1412
79266,10475.7415,2987.0863
79267,10478.5869,2368.0323
79268,10523.7922,2978.2568
79269,10492.0352,2783.2996
79270,10507.8921,2213.414
79271,10488.0502,3225.819
79272,10486.0318,2672.221
79273,10468.3397,2484.6122
79274,10476.2598,3180.7826
79275,10470.3408,3107.0944
79276,10496.0918,2279.8415
79277,10465.3925,3056.8604
79278,10485.3576,3073.337
79279,10514.5873,3345.5566
79280,10466.0862,2982.962
79281,10494.301,2974.5224
79282,10473.1556,2146.7288
79283,10481.6876,2972.2737
79284,10509.6312,2769.676
79285,10475.9351,2356.7703
79286,10459.8441,3365.524
79287,10508.2076,3081.0093
79288,10469.6257,3055.6442
79289,10494.9625,3303.6283
79290,10502.2484,2595.4024
79291,10474.006,3359.6994
79292,10458.0999,2276.3445
79293,10467.8731,3054.2852
79294,10493.0376,3413.9791
79295,10503.3125,2674.8118
79296,10452.0961,3191.0901
79297,10482.2468,3030.4815
79298,10452.3431,2620.6279
79299,10456.3461,2664.2362
79300,10483.4582,3248.9365
79301,10495.1307,3093.367
79302,10472.6035,3186.2643
79303,10445.2698,2955.4677
79304,10480.3084,2600.4593
79305,10454.9957,3047.5809
79306,10493.5495,3419.5823
79307,10465.9131,3239.8077
79308,10473.6919,2602.9236
79309,10486.6422,3178.9247
79310,10454.355,2435.8326
79311,10486.3348,2558.1913
79312,10478.703,2923.6115
79313,10459.982,2455.6659
79314,10474.3339,3018.2417
79315,10455.5976,2831.5297
79316,10443.3658,3032.2224
79317,10470.1726,2805.1268
79318,10437.5975,2573.2712
79319,10449.0052,2661.4236
79320,10460.5482,2903.2892
79321,10452.2175,2515.3365
79322,10450.6943,2260.7884
79323,10441.126,3389.6107
79324,10453.5731,3249.7474
79325,10449.6187,2255.4966
79326,10456.7835,2413.346
79327,10467.2785,2303.6055
79328,10456.3401,2143.929
79329,10461.3756,2534.9496
79330,10462.4497,2278.8734
79331,10455.6586,2303.6263
79332,10445.8978,3207.7325
79333,10453.794,2751.6909
79334,10424.7742,2137.0049
79335,10455.9485,2401.7901
79336,10427.8869,2936.0049
79337,10439.4381,2831.0324
79338,10429.3694,2473.4054
79339,10427.9397,2797.8887
79340,10463.9488,2381.5413
79341,10425.2998,2165.8289
79342,10450.8847,3072.3769
79343,10450.4588,2988.2142
79344,10415.5527,2650.3233
79345,10432.0629,2275.3583
79346,10464.9615,2442.2018
79347,10417.8977,2954.5563
79348,10432.5856,3394.449
79349,10414.3711,2230.7594
79350,10420.2653,2701.9442
79351,10409.2902,2541.0046
79352,10437.3023,3222.0979
79353,10455.5091,2643.7933
79354,10447.978,2566.0154
79355,10437.7567,2433.6178
79356,10434.2443,2233.6237
79357,10453.5255,3087.0119
79358,10412.0653,3285.8147
79359,10449.2736,2799.9127
79360,10441.9312,2504.867
79361,10433.3483,3211.7204
79362,10450.6899,2246.7292
79363,10451.5273,3218.0426
79364,10413.9984,2399.4829
79365,10414.9366,2852.9159
79366,10417.7189,2751.3887
79367,10411.0995,3241.9814
79368,10422.59,2276.279
79369,10419.7543,2120.1136
79370,10438.4581,2437.3714
79371,10442.0278,3038.7685
79372,10421.0899,2671.494
79373,10434.0082,3182.2499
79374,10402.0752,3272.5164
79375,10420.689,2362.0578
79376,10429.3076,2612.1688
79377,10423.9445,2689.2671
79378,10399.7529,2528.1094
79379,10409.0613,2676.2027
79380,10413.1329,3322.2038
79381,10401.4106,2573.0654
79382,10427.5269,2590.7793
79383,10408.2377,2851.3644
79384,10418.5733,2528.7366
79385,10412.4108,3293.5768
79386,10395.7676,2627.3912
79387,10387.0206,3288.5078
79388,10411.3606,2247.5388
79389,10421.1362,3083.2865
79390,10403.9833,2635.5957
79391,10399.0074,2207.7223
79392,10395.8191,3276.8166
79393,10428.6923,2708.6667
79394,10408.5883,2549.5709
79395,10422.0396,2358.0255
79396,10423.5974,3209.2612
79397,10407.9487,2339.1218
79398,10410.6619,2451.5801
79399,10389.527,2743.7039
79400,10404.4094,2959.3194
79401,10423.4811,3227.3984
79402,10413.5264,3236.9392
79403,10416.2836,2662.9748
79404,10390.5635,3262.5964
79405,10369.6353,3364.1561
79406,10390.2166,2948.4245
79407,10406.952,2376.8151
79408,10388.4812,2217.2344
79409,10378.6826,2607.4981
79410,10392.2897,2326.4821
79411,10381.4734,2314.8665
79412,10408.4288,2508.4655
79413,10369.4053,2765.6727
79414,10371.5538,2596.1541
79415,10410.1876,2481.9226
79416,10383.6688,2619.9475
79417,10409.931,3225.5516
79418,10392.5501,2941.0397
79419,10378.6386,2911.0084
79420,10359.7237,3064.6785
79421,10369.7925,3121.2435
79422,10367.2993,3070.2446
79423,10371.725,2586.9484
79424,10381.0653,2361.6618
79425,10355.6717,2277.3578
79426,10378.2445,3282.2781
79427,10363.0298,2127.7506
79428,10383.4775,2681.5047
79429,10397.1306,3195.8112
79430,10377.5595,2845.8677
79431,10376.3251,2333.2825
79432,10384.8192,2317.897
79433,10382.2703,2867.4064
79434,10351.8195,3224.5549
79435,10348.7124,3313.2001
79436,10367.9744,3049.4193
79437,10395.4058,2900.6073
79438,10370.0219,2158.5378
79439,10389.3615,2539.0041
79440,10364.6796,2973.711
79441,10377.9516,2887.9172
79442,10354.6781,2788.5236
79443,10391.8261,2522.7452
79444,10385.8549,3022.5918
79445,10371.9372,2696.9209
79446,10346.9417,3076.3744
79447,10383.1406,2846.5713
79448,10354.8182,2330.1344
79449,10369.0769,3104.2107
79450,10348.712,3016.0295
79451,10344.418,2345.1625
79452,10360.519,2886.2774
79453,10363.2413,2223.4538
79454,10354.1431,2483.3974
79455,10351.9501,2431.0731
79456,10374.4226,3331.9024
79457,10348.3485,3310.1439
79458,10334.0237,2323.8382
79459,10358.9587,2228.5735
79460,10371.4967,2953.4849
79461,10368.3441,2838.4505
79462,10330.9818,2807.7593
79463,10364.3596,3117.9339
79464,10367.7602,3044.0273
79465,10364.3532,2309.3312
79466,10356.7195,3225.2684
79467,10372.7908,2793.2265
79468,10354.0561,3144.7802
79469,10342.3507,3247.5967
79470,10342.9761,3139.4113
79471,10346.969,3370.6091
79472,10361.8505,2592.5954
79473,10329.4428,2822.069
79474,10341.3026,3045.2716
79475,10363.4525,3071.5794
79476,10317.2064,2890.4434
79477,10340.9608,2782.154
79478,10344.2154,3112.9991
79479,10347.6137,2658.47
79480,10352.986,2724.1088
79481,10344.5048,3153.1625
79482,10321.8353,2795.5698
79483,10357.5189,3382.899
79484,10342.0097,3308.3982
79485,10348.146,3216.2315
79486,10343.6317,2880.0757
79487,10313.7596,3216.2966
79488,10349.9888,3298.3434
79489,10317.1317,3125.5704
79490,10333.4894,3041.8786
79491,10352.7517,3299.0747
79492,10326.5136,2588.496
79493,10346.902,2684.6981
79494,10347.9471,2231.8578
79495,10348.4313,3261.5936
79496,10330.9637,2627.4762
79497,10311.6872,2937.1087
79498,10350.4039,3115.5281
79499,10302.9529,2468.67
79500,10307.3606,2737.5951
79501,10300.3615,2327.7713
79502,10328.0904,2625.2968
79503,10326.8462,2564.1122
79504,10325.8417,2654.2989
79505,10338.7493,3385.351
79506,10316.9808,3298.2838
79507,10316.5036,2776.8443
79508,10341.9385,2850.6283
79509,10326.0972,2268.1808
79510,10317.5087,3032.8598
79511,10312.0135,3254.4965
79512,10327.1993,3166.1094
79513,10318.8351,3339.6049
79514,10341.1957,3147.3728
79515,10337.0712,3318.7317
79516,10339.2276,3163.8177
79517,10319.3899,3377.4141
79518,10287.4396,3319.0994
79519,10309.246,2408.6421
79520,10335.5218,2611.4014
79521,10287.5035,3374.0027
79522,10328.4308,2445.2033
79523,10284.1663,3271.2395
79524,10295.6157,2613.9775
79525,10300.847,2995.3512
79526,10318.7302,3279.4228
79527,10295.4455,3350.1516
79528,10322.7616,3370.6682
79529,10316.7694,3011.6402
79530,10282.8475,2478.1091
79531,10282.286,2816.5178
79532,10287.8036,2414.3283
79533,10287.559,2806.9242
79534,10322.2361,2963.8122
79535,10320.7522,2454.0823
79536,10324.5904,3221.178
79537,10283.6836,3164.8115
79538,10308.6336,2929.7668
79539,10296.9037,2317.7363
79540,10320.4854,3058.9645
79541,10311.7501,3345.3846
79542,10314.3108,3084.9009
79543,10307.9927,2162.6146
79544,10295.4124,3010.2557
79545,10292.1733,3066.9865
79546,10277.6494,2293.2626
79547,10297.5288,2748.0341
79548,10315.9665,3138.9827
79549,10276.4404,2787.4582
79550,10294.1289,3133.923
79551,10299.6217,3367.4492
79552,10313.6288,2972.0156
79553,10309.9685,2185.2887
79554,10279.2823,2994.868
79555,10274.5176,3278.4391
79556,10268.2143,2523.046
79557,10292.3035,3326.7498
79558,10282.7496,2573.865
79559,10267.7202,2141.4407
79560,10303.1457,2452.2677
79561,10292.043,3183.8534
79562,10305.7264,2262.9
79563,10291.0069,3335.6029
79564,10304.1426,2729.6002
79565,10296.2506,2499.3902
79566,10261.7771,3276.2249
79567,10253.8938,2696.2426
79568,10261.8525,2227.4239
79569,10262.0726,3320.6071
79570,10268.1375,3345.0633
79571,10291.6531,2970.5547
79572,10274.2981,3351.5889
79573,10254.4735,3149.9925
79574,10252.1724,2576.6711
79575,10254.5248,3005.4767
79576,10272.6918,2270.936
79577,10246.8889,2423.057
79578,10269.6941,3034.3655
79579,10271.7533,3006.8537
79580,10281.3277,2409.933
79581,10268.0924,2981.6505
79582,10244.7238,2668.9854
79583,10287.1273,3202.5958
79584,10262.5796,2600.0828
79585,10274.55,3059.9157
79586,10246.6016,3041.192
79587,10267.4997,2791.4024
79588,10238.2692,2344.0528
79589,10261.5738,3300.0845
79590,10256.8992,2941.6547
79591,10240.5483,2992.2109
79592,10264.0227,2590.6303
79593,10266.3459,2624.8495
79594,10232.8937,2855.1231
79595,10273.6065,2985.7635
79596,10251.1181,2302.7207
79597,10279.1086,2993.0667
79598,10252.1018,2862.5623
79599,10231.3473,3182.2727
79600,10260.0083,3266.5947
79601,10228.1354,2127.3019
79602,10236.8494,2457.0437
79603,10245.2157,2278.7633
79604,10236.009,3354.5359
79605,10234.9688,3290.4867
79606,10244.4161,2296.4059
79607,10242.6536,2558.1786
79608,10242.3344,2446.3291
79609,10235.1943,2567.78
79610,10224.747,3164.7893
79611,10264.2078,2853.4444
79612,10227.1464,2547.9007
79613,10234.8841,2986.2482
79614,10228.9802,2752.8409
79615,10231.3178,3117.0162
79616,10250.3799,2871.981
79617,10218.4849,2567.3193
79618,10241.7287,2178.9147
79619,10254.4415,2283.2137
79620,10247.398,2155.2243
79621,10240.1892,3077.6871
79622,10257.6701,3364.2805
79623,10219.1269,2666.704
79624,10215.2777,3294.7216
79625,10212.1222,2135.0873
79626,10233.1853,2972.1162
79627,10210.2605,3204.2224
79628,10218.085,2893.7906
79629,10227.1026,2828.266
79630,10219.7227,2399.0176
79631,10234.2446,3057.2117
79632,10249.1067,2925.4359
79633,10254.9897,3117.8124
79634,10225.4958,3182.3231
79635,10246.0435,3258.4188
79636,10217.6027,3090.9187
79637,10246.0545,2995.2008
79638,10202.5785,3061.8107
79639,10251.1635,2530.5034
79640,10220.7949,2246.8972
79641,10202.9731,2808.0695
79642,10231.3746,2916.5773
79643,10235.9621,2121.8394
79644,10211.248,2669.1356
79645,10240.8961,2201.8066
79646,10246.5266,2161.8576
79647,10240.609,2673.8145
79648,10230.0445,3119.5298
79649,10204.3356,2603.6299
79650,10233.8346,3200.5303
79651,10233.6032,2910.56
79652,10215.6235,2516.7826
79653,10199.5612,2382.1488
79654,10196.6996,2466.5016
79655,10224.0073,3326.7201
79656,10222.6015,2583.8153
79657,10231.3846,2324.6081
79658,10191.4706,3276.4502
79659,10226.11,2544.4862
79660,10206.7258,2429.2818
79661,10199.1398,2394.1697
79662,10224.9931,2770.3344
79663,10187.4958,2080.5157
79664,10192.4954,3287.7875
79665,10192.9074,2699.968
79666,10223.3997,3315.2983
79667,10189.5467,2673.6563
79668,10201.5381,3210.0466
79669,10209.0913,2285.5833
79670,10227.5491,2747.0598
79671,10228.4656,2894.1499
79672,10214.9473,2869.8627
79673,10196.9147,2745.5829
79674,10181.5721,3189.8842
79675,10223.5587,2938.5579
79676,10205.7053,2751.9914
79677,10213.5904,2679.3429
79678,10224.9742,2260.3102
79679,10202.1074,3212.9991
79680,10196.9461,2177.8551
79681,10177.7274,2195.8035
79682,10203.2132,3348.5713
79683,10208.1903,2698.6322
79684,10177.226,2409.5797
79685,10210.8161,2570.2647
79686,10205.1006,3073.711
79687,10172.8456,2773.8996
79688,10192.8447,3073.5086
79689,10217.4776,3015.9599
79690,10204.1381,2326.8158
79691,10194.3386,2461.3424
79692,10213.3528,2246.6398
79693,10197.8871,2697.9035
79694,10173.1517,2313.9041
79695,10164.382,2692.9787
79696,10195.3143,3203.6147
79697,10211.6143,2821.6046
79698,10186.7442,2732.7689
79699,10174.3974,3094.0446
79700,10204.1343,2391.8538
79701,10203.934,2956.3409
79702,10172.2758,2073.3989
79703,10169.5207,2746.3396
79704,10199.6685,2896.8892
79705,10198.3087,2545.5937
79706,10176.4255,2618.3874
79707,10167.1568,3106.1892
79708,10163.0855,2395.3189
79709,10163.989,2399.6969
79710,10158.8138,2896.5584
79711,10167.9731,2629.2274
79712,10165.4926,2764.4322
79713,10159.9084,2744.2484
79714,10158.4371,2263.2926
79715,10185.584,2328.5002
79716,10151.9682,2275.853
79717,10197.2561,2712.7815
79718,10163.7243,3081.8828
79719,10162.7414,2789.1396
79720,10187.9031,2295.8378
79721,10170.7571,2384.6841
79722,10185.6697,2357.6433
79723,10163.4392,3048.6503
79724,10163.9065,3333.3021
79725,10185.4383,3048.8672
79726,10161.0303,2496.0045
79727,10173.8526,3145.6318
79728,10157.3419,2672.0705
79729,10157.7033,2214.6694
79730,10180.8878,2645.0909
79731,10162.2643,2910.0805
79732,10142.7562,3096.1466
79733,10184.9918,2710.6799
79734,10144.5989,2770.4351
79735,10168.8252,2529.9784
79736,10164.8657,2234.2398
79737,10176.966,2669.9932
79738,10182.1124,2454.0822
79739,10154.6719,2351.3229
79740,10177.3951,3015.5982
79741,10152.296,2712.0867
79742,10132.7636,2684.6264
79743,10172.1288,2728.8991
79744,10144.5365,2730.499
79745,10159.9648,2631.3322
79746,10131.9202,3195.2175
79747,10176.2959,2867.9601
79748,10160.8651,2271.4759
79749,10129.164,2128.5436
79750,10137.3248,2653.0808
79751,10140.8497,3012.8036
79752,10148.5659,2992.3267
79753,10152.3979,2323.3266
79754,10133.2288,3301.4124
79755,10154.7692,3020.5225
79756,10152.4193,2890.8909
79757,10148.8265,3249.2606
79758,10121.2996,3026.4975
79759,10132.21,2205.5019
79760,10164.1673,2548.6274
79761,10136.4377,3105.3287
79762,10142.4043,3235.7095
79763,10163.7936,2613.5112
79764,10159.2359,2255.5368
79765,10166.3245,2525.6433
79766,10128.9556,2939.9622
79767,10129.2966,3302.8772
79768,10149.5452,2236.8727
79769,10160.8574,2376.417
79770,10123.9629,2637.4601
79771,10120.7138,2306.0108
79772,10128.7391,2515.069
79773,10131.4373,2462.2739
79774,10153.5463,2130.0546
79775,10131.3251,2481.2803
79776,10109.7617,2135.2481
79777,10118.2028,3240.9965
79778,10128.3521,2557.818
79779,10129.4106,2744.9
79780,10126.6498,3070.6927
79781,10153.0339,2227.0647
79782,10107.1895,3201.7462
79783,10114.9521,2629.0956
79784,10118.6364,2949.0487
79785,10137.8158,3022.2876
79786,10123.4203,3117.3215
79787,10114.6653,2120.0689
79788,10143.5647,2502.5802
79789,10102.6739,2524.742
79790,10138.4755,2744.0426
79791,10099.3129,2569.5562
79792,10141.0232,2697.0986
79793,10132.8227,3294.5695
79794,10100.6996,2220.0461
79795,10129.0071,2920.6125
79796,10136.1512,2823.6492
79797,10110.0531,2054.3223
79798,10125.1434,2850.1102
79799,10143.8793,2492.5582
79800,10101.7871,2916.4293
79801,10107.2114,3107.5666
79802,10110.9345,2064.8102
79803,10127.1045,3179.9632
79804,10118.5111,3009.8492
79805,10121.6604,3303.8793
79806,10102.6082,2666.5574
79807,10115.3164,3262.75
79808,10131.5626,3136.5808
79809,10107.2833,2714.6005
79810,10113.7387,2479.2424
79811,10090.1438,3090.3184
79812,10087.9896,2964.5367
79813,10088.6635,2808.9237
79814,10115.606,2330.3201
79815,10092.6916,2110.2392
79816,10084.9947,3277.467
79817,10100.1232,3078.5067
79818,10123.8385,2757.6246
79819,10109.9589,3244.4658
79820,10114.5052,2823.9283
79821,10087.844,2506.9969
79822,10099.8909,3083.741
79823,10098.192,2506.5673
79824,10089.381,3034.8659
79825,10088.277,2080.3165
79826,10077.8931,2371.0074
79827,10086.31,3017.4575
79828,10116.9528,2160.8872
79829,10085.8025,3054.012
79830,10094.0798,2403.8029
79831,10074.7422,2463.6813
79832,10091.1242,2767.839
79833,10118.1204,3216.4478
79834,10116.5524,2240.5343
79835,10083.2638,2699.9821
79836,10104.1177,2896.7388
79837,10078.3762,2110.2064
79838,10105.5113,2158.2771
79839,10077.3746,2129.9127
79840,10068.4587,2780.8921
79841,10067.3021,2645.9579
79842,10083.9488,2677.7174
79843,10092.0819,2469.3511
79844,10105.9377,2245.3502
79845,10088.4542,3101.4941
79846,10099.6952,2577.9172
79847,10082.1437,3010.1506
79848,10091.5939,3140.9656
79849,10106.7368,2853.2154
79850,10066.9361,2568.2502
79851,10083.8854,2848.2922
79852,10067.4204,2347.3918
79853,10108.7432,2579.5999
79854,10093.0464,2786.8725
79855,10063.9409,2489.9046
79856,10086.9104,2122.6774
79857,10069.3397,2325.8482
79858,10100.6692,3015.6783
79859,10057.753,3139.2172
79860,10066.9822,2540.3431
79861,10058.4414,2362.1603
79862,10054.9288,2883.4393
79863,10080.3907,2338.1047
79864,10087.1572,3147.6863
79865,10097.1378,2592.2646
79866,10061.2843,2183.2198
79867,10084.4713,3281.5141
79868,10060.1026,2130.669
79869,10091.8739,2287.6839
79870,10096.8467,2833.8832
79871,10077.0862,3302.2739
79872,10055.0209,2521.7848
79873,10093.1727,2712.0972
79874,10070.6814,2301.1479
79875,10077.3554,2893.5459
79876,10078.2986,2723.089
79877,10074.519,2769.7939
79878,10071.8779,2504.1939
79879,10091.0743,2509.3171
79880,10074.6057,2894.9616
79881,10042.8705,3126.8724
79882,10080.5326,3198.5396
79883,10052.4608,2662.9059
79884,10056.1722,2101.2782
79885,10043.9561,2477.8885
79886,10061.3895,2778.5753
79887,10071.6303,2358.4624
79888,10050.1537,2235.3664
79889,10079.3107,3124.7721
79890,10077.8459,2215.602
79891,10072.0813,2755.7565
79892,10081.4154,2307.2526
79893,10070.0459,3109.2598
79894,10063.4447,2354.3501
79895,10076.3847,2129.5123
79896,10032.8912,2127.0984
79897,10032.4761,2845.9154
79898,10063.4052,2088.9791
79899,10077.9606,2936.414
79900,10061.2023,3182.8756
79901,10029.3683,2445.8895
79902,10064.079,2331.5207
79903,10070.9176,3078.3347
79904,10056.9446,3058.8702
79905,10060.367,3207.0181
79906,10060.4597,2598.8946
79907,10069.3659,2673.1629
79908,10041.383,2859.2757
79909,10060.3638,2979.8705
79910,10048.1671,2537.7906
79911,10027.3663,2424.6604
79912,10063.9411,2790.9989
79913,10055.359,2701.0626
79914,10028.6307,2745.4721
79915,10069.3356,2965.0416
79916,10037.3699,2211.5867
79917,10045.0341,2335.71
79918,10041.6888,2856.7503
79919,10024.0319,2994.0846
79920,10042.7343,3066.0743
79921,10049.655,3032.6145
79922,10050.557,2768.3346
79923,10055.9765,2913.9334
79924,10028.2881,2363.5849
79925,10042.0985,3030.1791
79926,10040.6374,3018.2353
79927,10039.9262,2432.9642
79928,10050.7371,3125.6937
79929,10032.6992,3187.446
79930,10012.7934,2296.556
79931,10044.4789,2946.1726
79932,10057.0284,2408.7315
79933,10056.8193,2564.5162
79934,10035.1286,3021.961
79935,10014.0474,2109.669
79936,10036.659,2436.545
79937,10040.6431,3279.4771
79938,10054.2957,2225.8177
79939,10025.6945,3287.313
79940,10047.5379,2284.2618
79941,10016.3949,3040.8798
79942,10014.3764,2799.6568
79943,10045.7039,2691.4462
79944,10019.4684,3233.8077
79945,10032.0549,2618.6125
79946,10008.9556,3026.0022
79947,10020.6275,3166.4702
79948,10033.4306,3109.6779
79949,10001.3085,3267.8134
79950,10026.6116,2783.2099
79951,10015.3901,2745.008
79952,10018.0074,2912.709
79953,10014.0551,2903.8223
79954,10019.5616,2493.5732
79955,10011.365,2449.2597
79956,10038.1137,2079.657
79957,10014.3415,2611.2702
79958,9995.7484,3028.9235
79959,9997.3507,3074.3632
79960,10019.2306,3124.9122
79961,10002.3781,2459.1796
79962,10037.782,2790.2541
79963,10006.0538,3075.8124
79964,10012.9283,2887.8152
79965,10038.6734,2568.3403
79966,9998.5623,3218.5182
79967,10013.4393,2108.5237
79968,9991.0473,3050.6461
79969,10015.9417,2283.6198
79970,9992.5831,2274.7346
79971,10034.7899,3215.9491
79972,10019.7079,2914.3837
79973,9993.2944,2339.0449
79974,10030.3663,3188.4438
79975,9992.9971,2348.1363
79976,9989.9341,2550.3922
79977,10029.6475,2840.6084
79978,10027.5419,2642.5411
79979,10002.1382,2838.2879
79980,10018.6272,2995.4463
79981,9988.0498,2864.2112
79982,10016.79,2772.3546
79983,9978.5983,2821.1121
79984,9997.6416,2992.4487
79985,10016.5541,2488.8827
79986,9977.3321,2489.7775
79987,10012.5156,2924.1624
79988,10001.837,3110.3178
79989,9988.8633,2722.2294
79990,9987.8825,2558.4739
79991,10013.252,2042.9269
79992,9982.5528,2230.447
79993,10001.7434,2807.7519
79994,10009.5079,3003.54
79995,9994.5622,2310.7333
79996,10012.1505,2531.9507
79997,9998.3264,2463.6777
79998,9975.8918,3118.1843
79999,9977.2058,2984.891
80000,9983.5718,2877.436
80001,10014.4843,2400.3733
80002,10005.2157,3237.6703
80003,10005.1255,2499.1516
80004,10012.3742,3178.7827
80005,9978.9857,2128.7375
80006,9998.7109,2102.3998
80007,9995.9398,2214.1554
80008,9989.3441,2520.2999
80009,9971.3825,2584.9521
80010,9965.6157,3239.1422
80011,10008.0676,3065.8997
80012,9979.5216,2381.1815
80013,9967.3225,2804.648
80014,9980.7621,2573.4991
80015,9989.0346,2288.1573
80016,9960.5484,3182.0313
80017,9990.6764,2564.0175
80018,9959.9131,2386.607
80019,10006.413,2163.8464
80020,9998.779,2418.5003
80021,9991.7364,2429.128
80022,9988.3086,2331.8017
80023,10001.3465,2933.8894
80024,9955.5551,2449.6155
80025,9973.7192,2099.0118
80026,9983.3095,3094.0597
80027,9955.408,2389.3689
80028,9967.3902,2541.0085
80029,9981.3596,2332.618
80030,9995.1095,2977.5496
80031,9974.8016,3022.3657
80032,9950.36,3186.8228
80033,9965.3738,3071.6529
80034,9973.4908,2618.3783
80035,9995.8359,3202.3034
80036,9965.5312,2547.8229
80037,9996.1333,2548.2778
80038,9977.2261,2142.0792
80039,9959.1858,2534.1766
80040,9988.2005,2092.1131
80041,9951.782,2073.2793
80042,9953.8975,2680.0731
80043,9949.0546,2772.1358
80044,9984.3373,2861.0884
80045,9954.3953,3155.7152
80046,9990.9622,2443.469
80047,9981.5113,2312.9146
80048,9967.5379,2271.8755
80049,9939.5823,2962.9142
80050,9957.1097,2699.6417
80051,9941.976,3215.2275
80052,9983.2527,3155.4665
80053,9976.1882,2842.3968
80054,9975.3856,3266.2151
80055,9940.2393,2952.0267
80056,9957.9419,2782.9056
80057,9941.8921,2864.2584
80058,9940.6458,2811.3407
80059,9966.0471,2821.6105
80060,9961.6462,2615.6636
80061,9978.868,2650.2322
80062,9935.1847,2575.6338
80063,9970.996,2999.4283
80064,9963.2045,2191.2181
80065,9975.0013,3215.668
80066,9970.903,2925.8765
80067,9937.2993,2405.2769
80068,9961.5619,2576.6604
80069,9963.226,2365.188
80070,9935.684,2915.4315
80071,9933.35,2737.1798
80072,9958.4433,2452.1178
80073,9951.6623,2041.7064
80074,9955.4804,2771.5722
80075,9972.6023,2134.1952
80076,9949.1533,2939.3974
80077,9934.4167,2921.3343
80078,9945.6266,3052.7751
80079,9966.061,3132.1726
80080,9956.5461,2281.4759
80081,9967.8635,2343.6138
80082,9965.477,2534.858
80083,9947.0899,2639.2336
80084,9931.4517,3051.8735
80085,9928.5228,3123.4802
80086,9956.4378,2923.5294
80087,9918.4179,2075.9408
80088,9959.7285,2211.4381
80089,9939.1811,2994.4352
80090,9917.4332,2463.4789
80091,9934.081,3122.068
80092,9915.4211,2416.7519
80093,9957.5287,2246.1208
80094,9920.5649,2146.5108
80095,9942.6926,3006.2745
80096,9915.4867,2376.6048
80097,9958.8103,2361.7134
80098,9945.9949,2120.0514
80099,9936.0447,2785.9119
80100,9937.0489,2341.4805
80101,9938.2137,2947.4796
80102,9943.4358,3238.7452
80103,9915.6797,2768.5662
80104,9928.2479,2034.0722
80105,9938.3762,2337.6762
80106,9934.9393,2490.7991
80107,9913.8105,2357.2389
80108,9911.4557,2823.561
80109,9943.4671,2849.7658
80110,9911.3089,2870.5816
80111,9904.7158,2599.2915
80112,9912.6869,2708.6086
80113,9943.4112,3133.2796
80114,9921.5054,2340.4932
80115,9918.253,2500.0127
80116,9945.409,3155.9613
80117,9933.1187,2938.7579
80118,9901.0045,3158.0218
80119,9912.5492,2848.193
80120,9939.3094,2661.9837
80121,9906.9755,2787.0921
80122,9941.9358,2162.9679
80123,9903.3838,2825.4315
80124,9944.2561,2939.5403
80125,9941.1201,2864.2667
80126,9899.9236,2264.7291
80127,9911.4757,3253.8199
80128,9931.4384,2868.012
80129,9938.8541,2335.8013
80130,9906.9665,2386.343
80131,9932.1068,2619.3608
80132,9899.3093,2713.9919
80133,9899.6092,2552.8481
80134,9933.8407,2298.1589
80135,9910.267,2745.2166
80136,9900.6087,2473.2788
80137,9891.4797,2562.4624
80138,9929.5331,3030.2535
80139,9920.5643,2682.3313
80140,9937.8895,2985.7347
80141,9931.9414,2428.8822
80142,9914.3852,3074.9731
80143,9920.051,2397.4123
80144,9895.4024,2876.4823
80145,9904.0212,2187.3875
80146,9903.2,3119.1866
80147,9913.6305,3230.6348
80148,9906.1661,2464.9125
80149,9909.9436,2928.777
80150,9901.1771,3168.4904
80151,9917.192,3052.505
80152,9892.5575,2841.2098
80153,9929.7665,2687.4663
80154,9884.9969,3103.721
80155,9920.863,2344.7504
80156,9916.7239,2631.3123
80157,9910.3266,2978.3332
80158,9907.0216,2263.9516
80159,9908.766,2699.9273
80160,9925.4461,2600.2818
80161,9898.7115,2965.2228
80162,9879.4845,2272.857
80163,9917.3174,2182.7836
80164,9924.1011,2767.2448
80165,9880.8884,2849.5563
80166,9876.8871,2914.3694
80167,9904.9232,2236.9281
80168,9897.1651,2035.2456
80169,9913.8471,3138.8218
80170,9918.5811,3245.8612
80171,9884.6882,3127.1809
80172,9887.4873,3138.0485
80173,9883.426,2260.4332
80174,9879.1491,3041.4607
80175,9908.7771,2773.215
80176,9887.0549,2698.5398
80177,9917.0735,2886.0586
80178,9901.2219,2021.024
80179,9895.8854,2538.7651
80180,9892.7824,2565.5085
80181,9905.9034,2717.2184
80182,9904.4806,2395.1299
80183,9891.795,3088.8872
80184,9875.8086,3055.8546
80185,9899.459,2455.6383
80186,9878.4003,3244.4647
80187,9903.5501,2402.2041
80188,9887.0046,3237.0289
80189,9900.0925,2860.4752
80190,9903.0077,2063.425
80191,9907.7402,2702.5664
80192,9871.76,2880.5263
80193,9896.8292,3220.5801
80194,9885.8544,2484.9101
80195,9881.1536,2826.143
80196,9880.4658,2254.597
80197,9898.2784,2942.3453
80198,9876.2652,2022.9103
80199,9864.9931,2432.2273
80200,9905.5304,2996.025
80201,9886.302,2787.7763
80202,9863.6626,2453.6416
80203,9895.2897,2044.5426
80204,9878.338,3069.1128
80205,9854.8109,3225.4437
80206,9861.9116,2655.3439
80207,9874.5656,2107.2613
80208,9896.0829,2204.1527
80209,9875.1036,2984.8863
80210,9878.7088,2336.6665
80211,9888.1475,2498.8327
80212,9885.8239,2214.2007
80213,9870.4157,2818.2785
80214,9861.7824,2727.7836
80215,9859.6139,2364.1129
80216,9868.9994,2846.7995
80217,9895.5414,2220.6428
80218,9873.9493,2692.7298
80219,9866.4475,2200.2232
80220,9888.0143,2089.5662
80221,9864.7771,2706.7821
80222,9853.3874,3226.0526
80223,9888.0951,2712.4386
80224,9867.8187,2810.5278
80225,9868.8311,2452.9874
80226,9848.106,2958.2918
80227,9855.0106,2024.3439
80228,9855.6596,2492.1957
80229,9843.9997,2744.2772
80230,9870.0175,2814.9954
80231,9887.3394,2186.8355
80232,9885.5894,2089.0592
80233,9881.1945,2297.1284
80234,9875.0739,2039.8199
80235,9871.5036,3012.8837
80236,9867.3078,2917.9003
80237,9844.0861,2694.2213
80238,9863.8465,2640.4574
80239,9875.5899,3137.7193
80240,9871.8454,2448.5482
80241,9875.5574,2889.5546
80242,9861.7517,3152.9292
80243,9858.7654,2294.0708
80244,9850.3162,3066.3275
80245,9849.4029,2416.7722
80246,9838.6479,2744.5624
80247,9870.2148,2823.5905
80248,9872.4003,2399.6365
80249,9878.8297,2750.921
80250,9836.7777,2716.3676
80251,9835.1947,2883.5978
80252,9860.0652,2110.0395
80253,9844.6675,2303.8486
80254,9851.5809,3027.4923
80255,9841.7505,2382.6421
80256,9856.3134,2979.7042
80257,9857.8406,2516.4893
80258,9868.5259,3135.6135
80259,9853.0101,2136.3121
80260,9859.6436,2266.5668
80261,9850.2586,2725.1888
80262,9824.0082,2985.6261
80263,9824.0941,2995.584
80264,9851.4455,2593.8044
80265,9859.4426,2211.282
80266,9839.3671,2224.3369
80267,9846.7616,3053.2984
80268,9865.8932,2653.881
80269,9824.4857,2903.0668
80270,9835.6368,2110.1119
80271,9860.2223,2901.7168
80272,9847.7441,2619.4988
80273,9831.5855,2318.9635
80274,9843.7219,2160.3068
80275,9846.372,2761.4135
80276,9821.9483,3067.2541
80277,9825.2884,3131.7581
80278,9834.2591,2064.5601
80279,9846.7599,2748.3724
80280,9828.7823,2620.1475
80281,9862.7761,2535.3514
80282,9861.1495,2682.8656
80283,9858.035,3059.0044
80284,9856.6046,2769.5374
80285,9828.2286,2237.2705
80286,9824.8509,2915.1687
80287,9826.5486,3222.4433
80288,9857.6384,2458.4581
80289,9840.0879,3140.1104
80290,9856.5975,2138.4845
80291,9831.3835,2357.8031
80292,9822.7161,2815.3534
80293,9845.6879,2505.6957
80294,9815.9377,2538.0155
80295,9828.1179,2960.7999
80296,9822.55,2970.9176
80297,9826.0881,2880.5779
80298,9842.0095,2414.7758
80299,9820.9839,2752.8849
80300,9831.9144,2707.5823
80301,9832.9424,2715.7687
80302,9844.7331,2489.7329
80303,9809.4155,2927.8372
80304,9819.6504,2926.3813
80305,9802.9544,3041.7762
80306,9812.3351,2706.6287
80307,9842.6287,2561.4244
80308,9838.3665,3136.2687
80309,9803.695,2686.8439
80310,9831.0015,2942.2518
80311,9834.8945,2634.3211
80312,9846.2256,2253.4608
80313,9806.4094,2210.5594
80314,9842.3052,2539.7263
80315,9827.0016,3141.197
80316,9799.4781,2207.5458
80317,9796.782,3052.4754
80318,9842.5804,2934.4023
80319,9804.937,2664.5625
80320,9810.5727,2899.7205
80321,9833.0557,2866.3552
80322,9804.4744,2127.9224
80323,9835.9766,2880.4597
80324,9802.7851,2397.1232
80325,9816.9977,3120.5307
80326,9833.919,2619.2936
80327,9809.5388,3177.817
80328,9817.5907,2601.3725
80329,9829.7769,2452.8396
80330,9799.7987,2288.1468
80331,9798.1974,2177.7235
80332,9810.3224,2412.1576
80333,9792.7231,2747.5539
80334,9786.7346,2507.4404
80335,9792.177,2724.0009
80336,9801.1897,3052.3534
80337,9822.0795,2390.5854
80338,9799.5373,3073.2126
80339,9795.2298,2728.9629
80340,9823.602,2824.3026
80341,9787.6321,3120.8719
80342,9825.4371,2426.977
80343,9810.2822,3027.0032
80344,9782.2091,2071.2028
80345,9789.8419,2443.8116
80346,9820.0209,3139.864
80347,9820.4439,2116.4129
80348,9787.3234,2170.6425
80349,9798.7674,2908.7144
80350,9818.9396,2821.1535
80351,9789.3291,2076.8312
80352,9808.6991,2396.5253
80353,9804.12,2416.1321
80354,9775.3682,2987.023
80355,9780.6744,3067.1727
80356,9783.9688,3010.6547
80357,9793.4817,3076.9814
80358,9776.2639,2070.7143
80359,9805.0913,2859.7625
80360,9788.3744,2773.7031
80361,9798.8229,3121.9069
80362,9786.1522,3019.2632
80363,9785.0139,2147.9504
80364,9788.3885,2269.0509
80365,9777.8916,3074.9722
80366,9804.2527,2930.1399
80367,9775.1328,2765.6257
80368,9768.1316,2254.9976
80369,9798.2588,2619.3783
80370,9780.9731,3002.6512
80371,9808.3372,2979.3003
80372,9808.5696,2566.4339
80373,9787.149,2938.1628
80374,9797.0113,2312.9784
80375,9805.0092,3125.9678
80376,9806.3197,2005.2992
80377,9782.5285,2249.1817
80378,9786.9862,2802.32
80379,9767.1203,2326.8438
80380,9775.5286,2262.4078
80381,9778.072,2504.2302
80382,9766.8255,2299.8907
80383,9773.9567,3070.9489
80384,9801.4185,2457.3748
80385,9784.9652,3103.764
80386,9758.7371,3019.8939
80387,9784.7105,2656.26
80388,9762.7153,2914.4555
80389,9799.3203,2326.8929
80390,9766.5226,3157.7846
80391,9787.5815,2679.4043
80392,9790.993,3196.8745
80393,9761.288,2331.2689
80394,9784.4058,3175.392
80395,9767.1564,2577.8162
80396,9772.1263,2279.9722
80397,9771.43,2467.5665
80398,9763.7033,3011.2609
80399,9793.9126,2644.6783
80400,9751.7704,3185.6941
80401,9791.2963,2184.4613
80402,9785.7978,2480.3522
80403,9779.678,2708.6879
80404,9792.2136,2345.5524
80405,9774.2778,2999.2225
80406,9748.7163,2880.237
80407,9761.679,2966.2277
80408,9763.6212,2966.8502
80409,9780.3072,2899.1579
80410,9752.5441,2276.4387
80411,9785.7473,2815.8431
80412,9779.0562,2806.9006
80413,9754.4166,2393.2739
80414,9781.0523,3030.0266
80415,9757.7479,2441.7909
80416,9786.7182,2367.3572
80417,9771.0836,1988.9056
80418,9768.9102,2270.9592
80419,9786.0393,3147.3763
80420,9788.6198,2798.7567
80421,9784.8428,2397.8132
80422,9782.5394,2962.6425
80423,9766.2016,2573.6279
80424,9763.9891,2035.6188
80425,9737.7417,2252.4265
80426,9780.0069,2858.49
80427,9753.3436,2411.0972
80428,9768.0818,2947.8087
80429,9749.7795,2683.7864
80430,9760.4176,2655.8184
80431,9767.2034,2235.1276
80432,9752.5112,2872.9503
80433,9756.8392,2951.6305
80434,9769.0496,2087.0836
80435,9745.7873,2197.8975
80436,9764.2137,2892.498
80437,9759.6076,2484.6762
80438,9760.2707,2776.9926
80439,9738.6974,1997.1578
80440,9762.8307,2284.4694
80441,9756.7625,2339.9983
80442,9771.4835,2648.8445
80443,9771.2326,2276.8114
80444,9738.7923,2902.8025
80445,9757.2541,3201.2531
80446,9760.0204,2810.1908
80447,9728.1555,2911.5571
80448,9738.5978,2046.5845
80449,9753.3727,2954.6275
80450,9748.7216,2746.5846
80451,9744.6569,2917.1747
80452,9732.2447,3015.0752
80453,9733.3606,2585.2957
80454,9768.8651,2287.3393
80455,9765.4716,2212.0439
80456,9762.7535,2944.5916
80457,9752.1992,2907.3423
80458,9725.7229,2699.6234
80459,9746.15,2103.0171
80460,9764.843,2231.7684
80461,9743.3586,2467.271
80462,9753.6473,2130.1594
80463,9733.3452,2924.6975
80464,9724.3104,2872.9034
80465,9721.5948,3052.2447
80466,9718.2106,2252.7745
80467,9757.2089,2027.5386
80468,9761.4689,2555.4421
80469,9731.2378,2426.8864
80470,9731.9208,2805.5716
80471,9731.2097,2674.3533
80472,9711.1542,2479.5112
80473,9738.4178,3099.2081
80474,9740.7598,3155.6951
80475,9736.5668,2990.7349
80476,9711.1963,2284.902
80477,9713.254,2745.6197
80478,9728.7829,2876.94
80479,9731.689,2639.5262
80480,9733.5786,2653.2792
80481,9746.1388,2740.3206
80482,9738.3753,2297.8129
80483,9747.421,2718.0091
80484,9706.5212,2595.6876
80485,9728.6772,3188.9471
80486,9742.5446,2712.0846
80487,9718.8015,3043.2628
80488,9739.3263,3052.4
80489,9747.9042,2700.8474
80490,9738.622,2869.0688
80491,9726.7909,2444.0522
80492,9738.4544,2748.597
80493,9732.3957,2177.1104
80494,9705.2055,2204.5984
80495,9716.0921,2921.9244
80496,9724.1661,3105.1695
80497,9745.2804,2837.1164
80498,9738.2991,2332.5432
80499,9706.0933,2867.4399
80500,9735.1572,2911.7442
80501,9726.7255,2744.4415
80502,9702.8442,2805.1284
80503,9713.5794,2352.0085
80504,9737.5133,3167.3409
80505,9700.5982,2419.9919
80506,9731.4165,2967.9171
80507,9713.5392,2033.7418
80508,9704.0015,2967.6745
80509,9713.3895,2692.4664
80510,9725.4713,3040.8211
80511,9729.2223,2524.5386
80512,9691.8346,2815.7226
80513,9713.1361,2825.0045
80514,9694.7017,2176.0078
80515,9729.203,2583.9101
80516,9733.3851,2016.9042
80517,9703.9745,2474.9209
80518,9707.2219,2862.7588
80519,9706.8301,2680.3136
80520,9693.8545,2874.1783
80521,9727.8229,2292.826
80522,9718.424,2488.0211
80523,9699.282,2490.3498
80524,9727.0447,2022.4709
80525,9717.7624,2253.0999
80526,9715.9368,1995.0059
80527,9697.899,2070.3022
80528,9724.9387,2965.4347
80529,9685.0363,2310.7316
80530,9691.7587,2808.663
80531,9680.6954,2827.6611
80532,9677.4642,2488.9684
80533,9704.8646,2867.9021
80534,9676.3028,2962.1762
80535,9675.8909,2387.1765
80536,9702.3928,2509.5037
80537,9680.99,3093.1841
80538,9708.1485,2921.5634
80539,9718.8011,3111.2941
80540,9680.4607,2463.0107
80541,9677.8787,2897.9003
80542,9671.1862,2147.6265
80543,9707.5826,2312.4491
80544,9687.1595,2548.6286
80545,9675.4151,2482.2226
80546,9703.0123,2702.552
80547,9711.7628,2851.5394
80548,9668.1735,2633.9381
80549,9704.6525,2988.9992
80550,9686.1205,2497.8484
80551,9687.5951,2804.8119
80552,9709.948,2786.1046
80553,9707.9658,3045.3204
80554,9707.9793,2563.0036
80555,9668.9753,3052.1127
80556,9671.3486,2706.9427
80557,9708.7463,2643.5967
80558,9682.4524,2279.7063
80559,9683.939,2503.4371
80560,9675.1354,2051.9779
80561,9677.905,2509.0661
80562,9664.6282,2556.6057
80563,9686.4195,2333.5279
80564,9681.2526,3075.6092
80565,9667.2591,2058.046
80566,9672.6912,2953.9996
80567,9668.3934,3143.0569
80568,9696.518,2823.8494
80569,9681.0809,2808.4555
80570,9696.9668,2086.5988
80571,9670.0931,2840.2937
80572,9680.0764,2336.9268
80573,9658.4307,2452.2394
80574,9687.9689,3024.6535
80575,9691.6141,2922.5701
80576,9664.2796,2817.4161
80577,9694.1636,2139.1682
80578,9696.49,2861.264
80579,9693.1846,2726.6199
80580,9695.5289,2663.3763
80581,9658.8772,3027.2855
80582,9667.772,1974.7485
80583,9684.6864,2698.2784
80584,9654.37,2411.0067
80585,9675.1533,2098.0102
80586,9651.2627,2270.9763
80587,9658.7607,2830.5709
80588,9661.1913,2802.9166
80589,9675.7574,2794.8481
80590,9650.9668,2391.5075
80591,9672.9139,2772.4877
80592,9667.1704,2873.7442
80593,9657.2594,2586.8978
80594,9663.3821,2062.5035
80595,9651.0438,1973.838
80596,9647.2695,2199.3459
80597,9673.4269,2008.6117
80598,9637.3207,2284.4821
80599,9679.3147,3123.7023
80600,9662.2088,2544.0833
80601,9641.1275,2972.4761
80602,9667.4066,2174.0946
80603,9678.4003,3141.1908
80604,9667.1077,2807.0291
80605,9661.3286,2186.8677
80606,9656.1804,2829.8658
80607,9639.8731,3043.214
80608,9669.15,2510.7321
80609,9654.5067,2514.7372
80610,9672.361,2053.3121
80611,9668.8676,2758.1212
80612,9663.7196,2103.5461
80613,9668.2467,2893.7061
80614,9651.3932,2680.7404
80615,9648.7455,2745.4775
80616,9648.7033,2255.4957
80617,9651.1983,2650.2713
80618,9641.8301,2710.4725
80619,9639.447,2287.0655
80620,9665.5408,2358.0097
80621,9655.0526,3034.5644
80622,9645.68,2265.5999
80623,9657.5298,1979.083
80624,9642.0724,2472.7113
80625,9631.7685,3059.7205
80626,9643.5051,2279.0937
80627,9633.8156,3096.1619
80628,9663.9043,2653.4294
80629,9659.7521,2742.3524
80630,9653.5388,1985.0188
80631,9617.901,2335.2853
80632,9651.7483,2391.2544
80633,9626.159,2283.2413
80634,9633.2581,2022.2011
80635,9660.4784,3067.3147
80636,9653.1905,1978.6523
80637,9622.8417,2328.7389
80638,9610.6715,2398.0933
80639,9652.1929,2170.1983
80640,9650.5295,3050.8933
80641,9618.9257,2322.1667
80642,9645.7383,2564.3728
80643,9654.0025,2989.5006
80644,9642.0041,2902.4821
80645,9618.6087,2053.9706
80646,9607.5498,2651.3008
80647,9648.2343,2966.0593
80648,9621.9025,3088.3344
80649,9604.2453,2526.7278
80650,9604.7534,2664.441
80651,9622.4082,2859.4148
80652,9647.1008,2812.6948
80653,9629.2421,2226.0611
80654,9616.7748,3105.4434
80655,9601.9577,1963.3596
80656,9627.1089,3082.7698
80657,9606.4747,2393.0056
80658,9637.6873,2572.6148
80659,9641.3269,3160.2977
80660,9643.5201,2848.4202
80661,9611.6083,2734.4859
80662,9611.2086,2389.6247
80663,9601.3174,2200.614
80664,9611.1486,2933.3721
80665,9638.2229,2584.9486
80666,9604.3648,2786.2385
80667,9621.0831,3127.9294
80668,9612.4066,2341.0983
80669,9603.5649,2440.9222
80670,9601.105,2955.1283
80671,9607.9521,2912.2177
80672,9629.5351,2561.8355
80673,9628.1895,2548.8114
80674,9616.2682,2157.2796
80675,9608.1721,2346.6734
80676,9594.0893,2768.2402
80677,9587.6835,2817.0633
80678,9609.0925,2984.0598
80679,9588.055,3091.1817
80680,9588.2419,2397.2086
80681,9583.7227,3011.3312
80682,9626.8017,2824.8564
80683,9621.1849,2663.5493
80684,9581.357,2631.6613
80685,9586.3273,2850.6433
80686,9622.9302,2326.027
80687,9590.8504,1981.0492
80688,9592.0193,2615.7415
80689,9600.7764,3078.5765
80690,9606.253,2836.9925
80691,9577.7331,2861.5471
80692,9589.7114,3146.1049
80693,9614.1312,2803.1947
80694,9610.8562,2104.7402
80695,9599.4886,3105.0193
80696,9599.4194,3029.9425
80697,9583.8768,2604.8525
80698,9592.4556,2849.8985
80699,9587.7162,3004.2313
80700,9592.4193,2118.3016
80701,9591.9936,2214.3332
80702,9571.724,2396.0242
80703,9606.9251,2735.3049
80704,9565.7314,2549.0361
80705,9580.711,3044.1148
80706,9590.8415,3112.7036
80707,9580.5701,3130.8158
80708,9575.666,2555.0953
80709,9578.708,2268.4619
80710,9572.4292,3117.7444
80711,9590.1703,2722.5421
80712,9559.4703,3114.8175
80713,9563.6225,2574.1283
80714,9603.0622,2767.8003
80715,9594.9163,2555.9223
80716,9573.328,2110.2
80717,9572.5135,2101.8557
80718,9588.3978,3150.4816
80719,9575.2001,2310.0404
80720,9566.605,2351.4121
80721,9563.2502,3010.6122
80722,9571.6912,1991.601
80723,9582.98,2752.3069
80724,9559.0432,3054.4687
80725,9565.8889,2983.2812
80726,9556.7678,2752.3562
80727,9556.2955,2772.5139
80728,9574.2557,2265.4781
80729,9567.3031,2170.4952
80730,9559.5584,2160.4393
80731,9580.8675,2698.5661
80732,9589.0851,2509.4659
80733,9577.9876,3130.1024
80734,9554.6483,2931.3801
80735,9586.8219,2706.8997
80736,9557.9618,2722.2382
80737,9570.6804,3039.8713
80738,9585.2553,2516.0137
80739,9563.0879,3017.9456
80740,9561.2791,2327.8959
80741,9567.4009,2437.0762
80742,9552.7541,3107.3088
80743,9541.5766,3116.0064
80744,9579.463,2797.4383
80745,9572.713,3132.8096
80746,9549.6927,3017.1955
80747,9560.8625,2256.4963
80748,9577.5604,2529.344
80749,9565.8383,1981.2088
80750,9538.6935,2292.649
80751,9545.1944,2954.7653
80752,9576.6764,2853.6214
80753,9566.3401,3141.5826
80754,9552.1617,2818.2965
80755,9535.461,3007.4709
80756,9573.6095,2954.7359
80757,9553.9901,2972.3947
80758,9564.0537,2941.1619
80759,9561.9026,2830.1375
80760,9556.4921,1985.6048
80761,9540.909,2804.2857
80762,9551.7234,2387.7052
80763,9555.3603,2475.0667
80764,9541.8042,2832.89
80765,9553.6929,2418.986
80766,9544.9096,2795.3105
80767,9547.7492,2915.6817
80768,9552.6291,2299.6589
80769,9522.5905,2125.039
80770,9518.7516,3077.9739
80771,9541.2454,2199.7772
80772,9524.8043,2543.8475
80773,9535.1273,2401.6491
80774,9537.7277,2976.9874
80775,9546.3011,2401.3829
80776,9523.9824,2433.7266
80777,9542.6788,2455.7612
80778,9523.8924,2995.1062
80779,9517.3368,2113.7285
80780,9536.5271,2527.8715
80781,9523.4222,2128.4944
80782,9509.4536,3069.6877
80783,9551.5684,2779.0584
80784,9526.782,2568.4156
80785,9551.4403,3001.0077
80786,9532.3963,2887.1224
80787,9518.6099,2996.413
80788,9519.7971,2760.3985
80789,9514.3178,2062.0083
80790,9539.5339,2645.041
80791,9525.1449,2512.7679
80792,9544.9972,2474.9152
80793,9497.9945,1999.8169
80794,9515.2406,1994.6825
80795,9512.6071,2531.1692
80796,9532.0044,2112.267
80797,9531.4819,3128.4461
80798,9500.0429,2597.0382
80799,9517.1048,2603.7567
80800,9537.2345,2612.8873
80801,9504.0777,2341.8948
80802,9521.4996,2987.1721
80803,9495.0876,2930.1223
80804,9532.5683,2240.7943
80805,9498.4285,2903.5583
80806,9492.5541,2827.5344
80807,9510.2987,2892.9505
80808,9517.0489,2103.7189
80809,9528.8121,2636.7031
80810,9525.3605,2830.1777
80811,9516.0877,2630.4327
80812,9508.5897,2921.2807
80813,9492.5232,2617.7227
80814,9501.2122,3068.6053
80815,9500.3363,2437.3713
80816,9489.6934,2959.9255
80817,9510.6223,2734.4691
80818,9514.1726,3080.9644
80819,9481.7545,2832.5827
80820,9507.738,2906.7303
80821,9477.6077,2231.945
80822,9509.0668,2812.4745
80823,9495.5947,2605.7686
80824,9474.4329,2723.1624
80825,9477.3696,2646.3586
80826,9476.166,3110.6163
80827,9504.6619,2179.9182
80828,9477.3387,2145.908
80829,9487.0075,2849.9035
80830,9482.4383,2577.5607
80831,9510.4295,2862.3315
80832,9489.3972,2501.7052
80833,9476.5696,2821.8106
80834,9465.3835,2096.4432
80835,9472.4527,2950.1464
80836,9502.7283,2613.674
80837,9472.5023,2660.4756
80838,9478.1905,1927.8604
80839,9478.8698,2507.2986
80840,9464.2782,3100.5053
80841,9461.9473,2378.0482
80842,9468.9482,2915.8844
80843,9490.7829,2909.9044
80844,9470.2084,3073.2193
80845,9491.0628,2834.2384
80846,9458.7431,2459.5456
80847,9461.4888,2890.3788
80848,9453.5489,2094.044
80849,9461.2987,2853.4725
80850,9464.7988,3100.1273
80851,9480.207,1975.863
80852,9495.4645,1949.3183
80853,9449.3178,2533.9858
80854,9494.4622,2657.8875
80855,9486.9983,2768.5014
80856,9451.4452,2314.4704
80857,9452.8075,2307.24
80858,9443.9703,3056.0423
80859,9450.7173,2149.1136
80860,9446.5625,2544.7356
80861,9478.5392,2216.8109
80862,9458.0239,3054.1758
80863,9482.6929,2997.7587
80864,9484.2938,2801.3824
80865,9481.8256,2390.5955
80866,9473.5399,2913.0714
80867,9463.4171,2909.4022
80868,9453.5838,2253.4642
80869,9458.4658,2296.8534
80870,9446.1752,2452.9495
80871,9465.5142,2815.5386
80872,9454.4857,3064.7932
80873,9430.7778,2310.7118
80874,9450.883,2871.7393
80875,9453.3865,2826.2608
80876,9473.9005,2242.4191
80877,9468.9687,2838.7472
80878,9437.5338,2344.4361
80879,9433.4923,3084.3254
80880,9430.6494,2333.7149
80881,9440.8049,2950.2732
80882,9450.2705,2100.6265
80883,9436.2402,2951.7752
80884,9437.7515,2525.5496
80885,9450.1312,2335.8742
80886,9430.3269,1933.4373
80887,9450.9129,2538.4777
80888,9441.817,2928.352
80889,9444.3319,3050.2901
80890,9458.7073,2532.5152
80891,9428.9559,3015.6904
80892,9415.4765,2102.1803
80893,9422.6613,2344.2943
80894,9452.7948,2243.2186
80895,9429.7789,2257.488
80896,9413.1433,2133.3218
80897,9439.8193,2111.8144
80898,9423.6511,2863.9523
80899,9444.5882,2300.2972
80900,9445.6892,2455.4086
80901,9437.8925,2256.667
80902,9412.5776,3006.0134
80903,9436.7632,2276.45
80904,9441.7052,2015.4041
80905,9422.4091,2795.0136
80906,9413.9373,2264.103
80907,9420.4444,2926.261
80908,9404.9408,2811.8718
80909,9408.1578,3030.8877
80910,9402.8159,2632.1477
80911,9424.6479,2361.0499
80912,9432.0764,2700.6115
80913,9394.3549,2814.1848
80914,9406.6883,2990.9185
80915,9399.3471,1933.2279
80916,9399.5144,2908.0924
80917,9427.4205,2436.5296
80918,9395.4946,2189.84
80919,9405.3519,2657.1454
80920,9398.7506,2955.0433
80921,9406.8425,2295.0012
80922,9411.4151,2448.1029
80923,9398.2867,2710.5554
80924,9409.5557,2720.2225
80925,9386.1326,3061.999
80926,9418.5335,2887.3025
80927,9426.1238,2884.52
80928,9388.5572,2078.9713
80929,9403.8444,2011.1148
80930,9391.3661,2169.6201
80931,9418.8217,2328.0905
80932,9409.7025,2301.8105
80933,9377.2653,2553.2542
80934,9389.3328,1993.2924
80935,9400.5154,3085.1983
80936,9393.3689,2843.0454
80937,9384.8334,2904.4381
80938,9405.415,2191.4118
80939,9409.2603,2179.0023
80940,9409.1792,1988.1068
80941,9387.2056,2254.2438
80942,9392.6382,2095.2207
80943,9410.9953,2806.9146
80944,9405.7568,3014.6094
80945,9380.8575,2447.1964
80946,9406.7286,2503.9434
80947,9367.6005,2661.2147
80948,9396.7639,1923.8628
80949,9400.4346,1935.768
80950,9399.359,2605.062
80951,9371.437,2554.2327
80952,9376.9035,2611.7255
80953,9373.8922,2679.6836
80954,9385.9301,2956.0024
80955,9382.7691,3047.423
80956,9355.5794,2221.6856
80957,9374.2064,2728.2227
80958,9356.4658,2824.055
80959,9354.5535,2767.1491
80960,9372.5903,2127.3865
80961,9391.3037,2660.5374
80962,9371.6605,2380.6838
80963,9365.4123,2223.3529
80964,9350.8547,1952.6864
80965,9369.9625,2924.0775
80966,9382.3431,2858.4122
80967,9351.676,2156.8956
80968,9385.2672,2286.27
80969,9342.336,2515.476
80970,9379.8703,2589.8856
80971,9376.0899,2665.8821
80972,9371.711,2411.4214
80973,9367.4077,2895.4919
80974,9359.6356,2942.3576
80975,9363.6754,2803.2918
80976,9337.2488,2835.2713
80977,9357.6752,2728.1556
80978,9375.8601,2429.5572
80979,9368.7064,2075.4901
80980,9367.0207,2705.4705
80981,9352.9827,2987.2646
80982,9359.131,2231.8816
80983,9326.6025,2891.8838
80984,9342.0948,2199.2916
80985,9356.1507,3064.3347
80986,9351.3559,2696.6072
80987,9345.5581,2410.0998
80988,9347.5224,2665.5005
80989,9351.1827,2801.9487
80990,9332.9864,2388.2463
80991,9329.241,2918.2113
80992,9325.0581,2018.365
80993,9335.8287,2687.2538
80994,9319.8467,2831.8103
80995,9332.0905,2313.8159
80996,9339.7586,2984.7492
80997,9321.8083,1935.5426
80998,9335.1336,2213.7498
80999,9347.297,2269.4572
81000,9310.5901,2417.8154
81001,9320.7911,2326.0633
81002,9330.6898,2104.8508
81003,9340.2314,2441.0674
81004,9322.0385,2435.302
81005,9314.0183,2742.0339
81006,9310.3185,2497.678
81007,9313.9471,2275.1854
81008,9309.2656,2455.8437
81009,9323.9478,2131.5305
81010,9328.3321,2334.0878
81011,9301.5599,2678.6468
81012,9331.2947,2295.2297
81013,9316.5828,3053.6581
81014,9312.3952,2581.2212
81015,9336.1694,2505.4191
81016,9322.2366,2449.6688
81017,9308.3005,2917.7743
81018,9310.9493,2912.5775
81019,9313.9593,2870.3677
81020,9314.2227,3024.1042
81021,9306.2461,2660.5636
81022,9320.8165,3006.0964
81023,9306.0369,3044.4444
81024,9296.1168,2804.2191
81025,9301.2159,2538.5368
81026,9283.0222,1950.6159
81027,9313.6088,1977.6441
81028,9288.4153,2815.6096
81029,9305.5549,2462.6439
81030,9309.4257,2857.3122
81031,9301.2451,2463.2195
81032,9308.5506,2503.1538
81033,9314.3255,2267.4723
81034,9307.5753,1965.9675
81035,9306.9369,2226.372
81036,9305.1753,2343.626
81037,9283.2167,2891.7385
81038,9281.2055,2553.4664
81039,9306.5355,1916.4694
81040,9282.0879,3023.1752
81041,9266.5275,2281.3918
81042,9290.5651,2935.2037
81043,9271.3916,1998.9095
81044,9271.712,2989.7864
81045,9271.3102,2654.1874
81046,9271.4643,2571.116
81047,9275.8389,2024.3871
81048,9257.6408,2395.106
81049,9259.9515,2467.1748
81050,9260.1199,1927.0247
81051,9291.9183,2621.4141
81052,9255.0803,2418.2948
81053,9256.4215,2986.6894
81054,9261.0983,2696.3723
81055,9249.515,2342.0894
81056,9273.1187,2659.9332
81057,9252.8209,2919.5738
81058,9267.0847,2269.443
81059,9277.8406,2857.0034
81060,9243.5142,2750.3523
81061,9275.0502,1908.5817
81062,9243.7326,2719.0515
81063,9248.3377,2449.4535
81064,9237.1591,2501.2079
81065,9279.7775,2821.0307
81066,9260.6522,2667.7035
81067,9252.5263,3026.3474
81068,9251.8463,2624.6805
81069,9275.9346,2453.6485
81070,9261.3433,2212.8705
81071,9244.4938,2273.6382
81072,9241.0163,2160.2648
81073,9230.9773,2614.7097
81074,9266.9152,2208.3163
81075,9245.6862,2640.6676
81076,9263.4486,2613.4052
81077,9235.3692,2296.8958
81078,9246.5154,2287.6682
81079,9260.0998,1984.6996
81080,9254.3199,2963.7996
81081,9246.3404,2264.851
81082,9232.016,2061.9299
81083,9215.2091,2774.8275
81084,9225.1489,2861.2919
81085,9214.3857,2490.5699
81086,9223.6386,2247.8664
81087,9238.5004,2607.2283
81088,9246.8903,2655.6197
81089,9251.9984,2267.0438
81090,9205.691,2011.2018
81091,9219.293,2453.5392
81092,9214.9177,2559.5663
81093,9245.3642,2583.3185
81094,9211.7118,2640.8913
81095,9227.0669,2773.3736
81096,9223.8867,2398.3672
81097,9225.264,2962.529
81098,9211.1497,2838.1686
81099,9226.7031,2610.9607
81100,9216.7105,2814.5982
81101,9204.4242,2832.6264
81102,9199.8564,2664.2029
81103,9210.3211,2640.8155
81104,9189.6127,2615.1868
81105,9203.4849,2910.7554
81106,9230.0817,2251.3317
81107,9193.5992,2147.5642
81108,9221.9983,2353.7664
81109,9203.2582,2188.1724
81110,9222.373,2658.0141
81111,9191.3019,2338.3876
81112,9183.6886,2679.4084
81113,9214.4298,2083.0714
81114,9206.4092,2395.51
81115,9179.192,2383.5793
81116,9179.2101,2574.2617
81117,9211.4874,2817.7649
81118,9180.9501,2669.99
81119,9173.1601,2209.0437
81120,9207.5751,2818.1981
81121,9180.8775,2458.5941
81122,9201.8775,2378.6693
81123,9197.1987,2782.1083
81124,9197.446,2218.392
81125,9205.0396,2321.6743
81126,9202.6498,2560.9253
81127,9198.2297,2721.5854
81128,9174.8115,2431.8073
81129,9168.9335,1863.5493
81130,9190.5482,2850.4277
81131,9161.9504,2247.0309
81132,9184.9023,2777.3555
81133,9167.5239,2317.115
81134,9191.5378,2414.2385
81135,9183.1145,2182.2545
81136,9151.1522,2140.8868
81137,9183.7017,2945.3886
81138,9172.6226,2510.3749
81139,9168.9279,2027.2326
81140,9176.0687,2584.3112
81141,9186.9971,2672.5619
81142,9178.7577,2163.2775
81143,9161.3225,2456.1106
81144,9181.7372,2149.7208
81145,9152.0139,2232.0482
81146,9152.0862,2172.1176
81147,9164.2648,2470.107
81148,9179.8849,2861.2287
81149,9170.2672,2124.7196
81150,9173.0009,2143.144
81151,9158.9239,2405.2149
81152,9132.0292,2747.2806
81153,9138.2405,2205.1331
81154,9133.2032,1932.735
81155,9160.5252,2350.9963
81156,9129.62,1968.5301
81157,9160.013,2953.8421
81158,9163.4164,2164.988
81159,9139.6855,2405.8493
81160,9135.3291,2623.4803
81161,9139.2534,2928.9519
81162,9138.6471,2619.182
81163,9118.4232,2290.3685
81164,9125.269,2551.0444
81165,9152.2795,2524.1877
81166,9154.9561,2171.7922
81167,9131.6481,2391.2423
81168,9123.1608,2849.6052
81169,9110.0318,2644.2727
81170,9107.3973,2722.4069
81171,9130.7671,2416.3431
81172,9112.0971,2921.2862
81173,9135.8317,2319.1365
81174,9106.2397,2796.7886
81175,9102.3067,2642.1884
81176,9109.8492,2080.7748
81177,9115.7508,2697.2055
81178,9117.578,2449.0669
81179,9120.2798,2743.4562
81180,9096.1779,2727.6428
81181,9098.2849,2730.6019
81182,9101.1394,2359.5169
81183,9103.6309,2733.8757
81184,9113.2485,2816.2035
81185,9093.7044,2306.0501
81186,9121.8069,2475.0152
81187,9107.1198,2690.288
81188,9091.7012,2831.0963
81189,9083.3165,2084.3205
81190,9085.1586,2855.4996
81191,9087.1629,2494.3006
81192,9107.1821,1936.4259
81193,9121.1755,2139.628
81194,9077.762,2173.6122
81195,9105.0583,1927.1239
81196,9096.9283,2052.3015
81197,9074.4985,2404.9212
81198,9111.5414,2334.1532
81199,9106.5541,2097.7476
81200,9091.203,2922.9715
81201,9070.4094,2500.0927
81202,9098.4397,2818.4222
81203,9100.5451,2133.8248
81204,9084.9586,1923.2987
81205,9073.3037,2411.2562
81206,9068.2165,2694.2706
81207,9064.6429,2778.7562
81208,9083.6877,2895.7555
81209,9086.9108,2552.9537
81210,9097.8001,2387.0722
81211,9087.7135,2799.5015
81212,9071.6526,2745.4691
81213,9084.4812,1853.4744
81214,9079.1833,1970.3635
81215,9063.9658,2603.1655
81216,9072.2122,2608.0722
81217,9088.9772,2615.8613
81218,9056.9118,1909.5331
81219,9073.3248,2969.0399
81220,9050.4716,2107.6751
81221,9046.2058,2944.0178
81222,9078.1384,2297.0394
81223,9056.3903,2917.7548
81224,9048.886,2452.1854
81225,9061.6274,2353.6614
81226,9043.1466,2626.6258
81227,9049.9961,2869.8252
81228,9046.0109,1990.0172
81229,9046.6465,2619.4291
81230,9064.5721,2590.2992
81231,9035.8505,2479.829
81232,9037.903,2913.2466
81233,9032.8378,2801.4087
81234,9034.6001,2874.3294
81235,9054.2106,2333.3839
81236,9049.7864,2605.4732
81237,9019.6913,2252.9337
81238,9054.5685,1844.9655
81239,9049.014,2240.0281
81240,9050.4147,2011.099
81241,9025.579,2541.1356
81242,9036.0994,2239.0728
81243,9053.6032,2413.9979
81244,9051.1019,2214.3084
81245,9019.0086,2915.0559
81246,9034.7886,2396.93
81247,9006.9691,2922.9043
81248,9009.2176,1976.3807
81249,9042.6947,2693.7822
81250,9030.6527,2814.164
81251,9033.9838,2311.171
81252,9035.6587,2465.7872
81253,9030.9363,2646.7268
81254,9030.0057,2422.0689
81255,9006.6232,2207.6108
81256,9034.2274,2236.6265
81257,9013.4855,2544.397
81258,8995.7591,2593.6818
81259,9020.0962,2539.6758
81260,9024.4949,2842.6468
81261,9010.0167,2016.0805
81262,9028.2595,2369.4796
81263,9007.5455,2365.619
81264,9024.6934,2824.0064
81265,9013.8965,2098.6978
81266,9019.514,2446.6357
81267,9006.5913,2337.7964
81268,9020.6264,2913.0575
81269,8998.5186,2898.104
81270,9006.7928,2918.4798
81271,8976.252,2442.7904
81272,8999.7904,2366.6251
81273,8973.2536,1930.2607
81274,9006.3707,2019.9638
81275,9008.5103,1989.1574
81276,9009.5701,2002.3246
81277,8984.9418,2375.1606
81278,8978.042,1852.3426
81279,9001.655,2500.619
81280,8987.6511,2226.0257
81281,8976.2437,2947.1499
81282,8973.9177,2442.372
81283,8997.7991,2829.281
81284,8985.4688,2874.1004
81285,8962.8993,2545.647
81286,8979.6155,2012.3118
81287,8964.9395,1897.025
81288,8953.7149,2800.9963
81289,8950.9052,2926.8914
81290,8974.1972,2542.168
81291,8954.128,2123.0436
81292,8968.1866,2896.9806
81293,8976.3104,2312.9389
81294,8983.5171,2861.2716
81295,8979.6964,2600.771
81296,8953.3801,1874.266
81297,8938.3166,2038.4575
81298,8968.0216,1909.2513
81299,8939.3226,1978.7208
81300,8965.5967,2170.5874
81301,8966.4455,1957.58
81302,8931.6828,2695.6303
81303,8953.6788,2042.2333
81304,8939.3696,1926.9636
81305,8956.0326,2052.6618
81306,8946.3069,2375.0456
81307,8927.3801,2735.7729
81308,8958.9648,2037.6053
81309,8944.3617,1992.3466
81310,8955.6871,2107.1674
81311,8924.028,2868.4389
81312,8952.9524,2130.2404
81313,8916.4867,2502.6308
81314,8934.6125,2365.2481
81315,8948.1403,2010.8174
81316,8929.6996,2053.695
81317,8954.2907,2786.9364
81318,8920.8214,2697.8946
81319,8941.6095,2667.0539
81320,8922.6773,2731.235
81321,8941.4954,1875.937
81322,8907.8077,1992.9673
81323,8904.32,1842.8573
81324,8910.6973,2294.402
81325,8923.5105,2808.5349
81326,8915.8095,2071.9272
81327,8909.9966,2857.1721
81328,8928.1026,1907.8952
81329,8894.3594,2138.1577
81330,8921.2414,2843.6069
81331,8892.8878,2426.3511
81332,8919.1628,2413.5056
81333,8887.9518,2574.3405
81334,8913.995,2686.0143
81335,8897.7224,2167.8729
81336,8924.1487,1821.6749
81337,8915.9713,2569.7487
81338,8885.8936,2661.1293
81339,8888.7387,1845.1869
81340,8902.6944,2581.2856
81341,8887.0347,2852.4524
81342,8907.0806,2247.4277
81343,8881.3039,2184.5201
81344,8877.6681,2807.9393
81345,8890.1403,2169.3073
81346,8877.5989,2150.9228
81347,8887.3797,2413.5965
81348,8869.9683,2765.1607
81349,8906.3355,2332.8819
81350,8906.1773,1986.3332
81351,8890.1168,2272.9501
81352,8896.0622,2158.9058
81353,8877.1259,2246.458
81354,8896.7167,2914.8006
81355,8880.4463,2650.8631
81356,8880.3287,2883.6366
81357,8894.7436,1872.552
81358,8852.318,1968.766
81359,8866.6188,2737.3199
81360,8857.7566,1873.5855
81361,8869.7484,2082.4645
81362,8866.6284,1873.3995
81363,8872.2729,2042.6596
81364,8867.5473,2555.4983
81365,8878.263,2875.0621
81366,8883.8635,2782.5605
81367,8859.7762,2176.7743
81368,8878.0362,2416.9944
81369,8872.8782,2764.4282
81370,8845.0544,2815.0237
81371,8865.1421,2120.6719
81372,8846.9868,2782.8715
81373,8831.6606,2722.2076
81374,8831.734,2050.9936
81375,8843.4537,2457.2699
81376,8865.5327,2744.2155
81377,8846.2635,2725.564
81378,8842.1863,2197.4898
81379,8863.7343,2867.8882
81380,8851.6991,2870.876
81381,8857.5643,2225.1215
81382,8828.1718,2705.1283
81383,8828.1347,2752.6738
81384,8852.4831,2611.8626
81385,8836.163,1898.396
81386,8830.757,2116.1215
81387,8835.3546,2891.3686
81388,8850.5065,2691.3783
81389,8831.4957,2216.991
81390,8828.8358,2542.9899
81391,8809.6369,2337.4709
81392,8842.7495,2403.8827
81393,8810.3413,2110.3468
81394,8806.4249,2459.751
81395,8830.6097,2066.1144
81396,8831.6183,2371.3028
81397,8827.8128,2669.1643
81398,8829.5128,1999.3606
81399,8828.3177,2363.3865
81400,8808.2217,2183.88
81401,8811.4302,2739.2364
81402,8832.8544,2378.2744
81403,8822.649,2476.7451
81404,8803.2144,2824.1704
81405,8792.856,2435.5138
81406,8804.244,2774.0618
81407,8824.2857,2271.3955
81408,8786.2798,2136.6449
81409,8818.8049,2028.1448
81410,8797.1086,2040.5694
81411,8808.1389,2167.0602
81412,8801.4903,2519.9858
81413,8791.4193,1958.8185
81414,8793.5671,2237.793
81415,8790.6591,2534.1752
81416,8789.0684,2739.321
81417,8776.0907,2628.6624
81418,8781.2583,2484.8619
81419,8779.7502,2807.2298
81420,8802.8217,2394.1784
81421,8788.563,2145.7811
81422,8769.9931,2035.4609
81423,8797.406,2839.4563
81424,8786.432,2466.5981
81425,8788.9827,2519.6275
81426,8792.3211,2492.2687
81427,8758.3315,2034.2784
81428,8766.5456,2625.9352
81429,8754.4596,2202.575
81430,8762.7035,2816.072
81431,8779.0224,2376.0118
81432,8774.9018,2043.6954
81433,8749.5827,2195.6513
81434,8758.3063,2860.0737
81435,8783.3502,2879.342
81436,8777.2927,2613.9812
81437,8773.0961,2027.778
81438,8773.9779,1861.4782
81439,8754.5823,2431.9601
81440,8760.3599,2857.4847
81441,8747.6306,2381.9085
81442,8745.6828,2300.6206
81443,8744.3488,2663.6005
81444,8748.006,1856.6652
81445,8759.8179,2798.3578
81446,8740.3384,2004.9894
81447,8767.7333,2475.8161
81448,8765.9375,2034.2329
81449,8728.7933,2230.1329
81450,8730.9462,2822.5805
81451,8761.843,2262.0551
81452,8724.1504,2284.7585
81453,8740.0179,2385.7436
81454,8745.9461,1846.9963
81455,8720.2704,1887.2213
81456,8720.2783,2179.7583
81457,8715.8699,2849.2269
81458,8724.4366,2498.345
81459,8720.0987,2590.4197
81460,8736.1386,2293.6434
81461,8708.2887,2776.1506
81462,8736.8198,1966.9371
81463,8724.1265,1934.1642
81464,8703.7365,2858.8928
81465,8721.3281,2791.5514
81466,8725.5065,2109.8773
81467,8733.1049,2553.2087
81468,8694.1682,2332.8236
81469,8702.9874,1917.4197
81470,8728.1686,2432.6966
81471,8696.3072,2478.7881
81472,8705.4893,2586.0119
81473,8723.9356,2143.6281
81474,8691.7031,2077.6659
81475,8724.9105,1773.8965
81476,8685.2243,2671.4721
81477,8697.3437,2379.8127
81478,8699.8653,2702.2773
81479,8719.3262,2563.126
81480,8716.0432,2505.7767
81481,8681.9356,2469.3703
81482,8690.0304,2258.0983
81483,8714.2236,2444.4306
81484,8675.977,2193.1738
81485,8677.6841,2430.2535
81486,8708.5638,2319.2357
81487,8667.6618,2473.1126
81488,8684.5467,2006.946
81489,8664.7278,1875.3435
81490,8686.457,2015.1248
81491,8702.8749,2434.9182
81492,8690.9805,2655.0499
81493,8666.4932,2040.0285
81494,8665.4152,1778.4091
81495,8679.5126,1983.7579
81496,8680.2592,2493.9414
81497,8692.6345,2543.4425
81498,8675.0166,2286.8312
81499,8690.9405,2106.1104
81500,8672.3725,2461.0262
81501,8673.7021,2173.7559
81502,8683.4321,1795.4084
81503,8686.0896,2487.565
81504,8664.3283,2095.1467
81505,8674.6177,2341.3667
81506,8647.5334,2254.9219
81507,8647.823,2590.9626
81508,8650.0107,1926.6133
81509,8658.7674,2131.1484
81510,8662.1449,2063.6756
81511,8670.86,2758.6327
81512,8648.2728,2829.4741
81513,8662.8917,2141.4008
81514,8660.5655,1912.3989
81515,8643.2702,2267.5943
81516,8631.3641,2108.8309
81517,8661.6097,2347.2929
81518,8633.7817,1946.1067
81519,8648.423,1937.9414
81520,8640.0585,2721.9836
81521,8628.9278,2050.0696
81522,8623.9206,1898.4229
81523,8640.8709,1859.01
81524,8641.8729,2806.229
81525,8651.1422,1958.3303
81526,8627.0194,2697.5409
81527,8633.0053,2167.1147
81528,8612.351,2070.6221
81529,8616.965,2092.5548
81530,8618.6129,1936.572
81531,8640.235,2105.371
81532,8611.8252,2495.4792
81533,8621.2754,2429.0284
81534,8636.8839,2243.594
81535,8598.7344,2821.9666
81536,8608.5005,2716.2804
81537,8604.209,2208.168
81538,8600.9261,2576.7085
81539,8611.1317,1881.4754
81540,8589.867,2313.3538
81541,8597.1316,2353.6139
81542,8615.2462,2149.1188
81543,8616.4576,2413.2391
81544,8623.0868,2380.3044
81545,8582.2924,2095.6787
81546,8619.7762,2351.039
81547,8587.144,2448.0404
81548,8605.3415,2810.9821
81549,8594.55,2474.381
81550,8584.955,1782.255
81551,8610.9307,1934.6041
81552,8599.2392,2053.1469
81553,8602.1092,2354.1072
81554,8601.2718,2088.5289
81555,8586.2709,2781.9941
81556,8602.3062,2289.0071
81557,8599.3756,2572.8028
81558,8579.2916,2626.7311
81559,8592.7397,2668.7523
81560,8571.8407,2815.9448
81561,8591.0019,2443.6883
81562,8564.5478,1912.4485
81563,8586.228,2185.2151
81564,8557.6112,1740.5788
81565,8577.106,2552.6961
81566,8576.5741,1854.5998
81567,8568.3533,1934.2935
81568,8572.5929,2703.8075
81569,8577.9491,2082.0657
81570,8559.4049,2226.9734
81571,8559.4793,2739.5593
81572,8555.3046,2739.3031
81573,8577.9359,2094.5614
81574,8582.1075,2118.6884
81575,8541.4823,2511.7059
81576,8538.4849,2049.3116
81577,8538.3274,2422.0447
81578,8534.1176,2007.0511
81579,8546.5583,2235.5657
81580,8568.9537,2317.1449
81581,8543.8796,2564.7745
81582,8544.0721,2072.7802
81583,8550.3881,2202.7736
81584,8535.1009,2426.1429
81585,8535.2661,2797.7789
81586,8561.8124,2063.7892
81587,8527.0546,2689.9737
81588,8555.9181,2674.9459
81589,8554.6885,2105.9976
81590,8539.9466,2047.8981
81591,8537.6899,2565.3621
81592,8533.2395,2013.082
81593,8530.8497,2654.4399
81594,8526.3329,2185.378
81595,8529.9304,2532.1126
81596,8535.6558,1896.2114
81597,8528.8381,2604.3239
81598,8530.7081,2278.795
81599,8506.7272,2453.4817
81600,8516.294,1861.9827
81601,8520.038,1771.7627
81602,8520.158,2203.3462
81603,8502.1876,2191.4589
81604,8512.003,2417.1119
81605,8516.5852,2616.2928
81606,8506.2937,2205.6708
81607,8506.136,2026.6209
81608,8491.836,1895.165
81609,8489.8524,1922.2111
81610,8525.2555,2413.2666
81611,8508.0409,2411.6928
81612,8502.691,2627.9121
81613,8515.3863,2504.5715
81614,8487.379,2040.7367
81615,8488.8947,2265.4595
81616,8517.725,2223.7902
81617,8487.1905,2650.1261
81618,8500.2124,2012.2108
81619,8504.9661,2209.1771
81620,8491.4173,2033.8678
81621,8485.3961,1993.2606
81622,8487.1811,2137.6323
81623,8506.6989,2178.1764
81624,8483.333,1862.0981
81625,8490.3333,2339.8881
81626,8468.5807,1938.1645
81627,8485.5274,2779.8586
81628,8503.6105,2641.2378
81629,8482.5983,2030.5508
81630,8464.1674,2361.608
81631,8463.7505,2434.6989
81632,8481.6924,2554.4178
81633,8455.0565,2199.5626
81634,8473.0807,2715.7235
81635,8489.3255,2590.3299
81636,8469.9957,2690.757
81637,8464.0209,2656.068
81638,8484.0708,1958.9152
81639,8458.6481,2778.6908
81640,8463.9677,2622.1412
81641,8477.67,2146.9231
81642,8472.3666,1962.434
81643,8443.7297,2727.0653
81644,8467.7824,2509.3884
81645,8476.2171,2733.5288
81646,8449.185,1784.1766
81647,8441.2332,2723.7805
81648,8459.4686,2540.4502
81649,8465.7619,2133.9676
81650,8461.8759,2764.8443
81651,8432.76,2152.9442
81652,8467.3813,2136.6108
81653,8441.4975,2487.9337
81654,8462.4602,2572.0294
81655,8456.8596,2114.537
81656,8461.247,2639.3553
81657,8439.9544,2720.774
81658,8439.8175,2365.0803
81659,8431.1494,2218.2328
81660,8431.5413,2464.2725
81661,8450.4959,2264.3527
81662,8419.4732,2281.3246
81663,8423.7461,2434.0582
81664,8440.86,2061.2532
81665,8437.8755,2769.9198
81666,8446.9848,1951.8318
81667,8419.989,1845.785
81668,8434.021,2707.9835
81669,8441.5734,1788.7124
81670,8422.4536,2348.9548
81671,8413.6838,2226.7157
81672,8419.6023,2253.8543
81673,8426.4946,2754.0472
81674,8401.7062,1887.8136
81675,8417.3378,2063.132
81676,8398.2281,2584.9178
81677,8405.2762,2478.8621
81678,8421.9897,2330.1875
81679,8397.2042,1737.7596
81680,8421.724,2408.7794
81681,8413.3803,2371.7339
81682,8390.6571,1983.2029
81683,8400.0052,2021.7736
81684,8413.2923,2582.2266
81685,8406.4057,1889.9783
81686,8407.4469,2072.0348
81687,8388.7714,2388.0441
81688,8406.9063,1827.9139
81689,8415.9533,2640.4438
81690,8375.3892,1919.9041
81691,8388.4959,1985.4433
81692,8375.8782,2323.6685
81693,8400.6123,2563.5403
81694,8398.551,2413.732
81695,8391.4269,2320.331
81696,8378.7416,2624.3247
81697,8394.7777,2734.43
81698,8389.2668,2104.6205
81699,8384.4642,1979.1569
81700,8387.3565,2506.6351
81701,8393.4221,1738.1813
81702,8378.176,2738.6605
81703,8354.9653,1699.2614
81704,8382.2784,2374.959
81705,8371.5931,2145.0968
81706,8351.3774,2526.1138
81707,8365.549,1851.4002
81708,8371.6525,2613.4676
81709,8368.526,2449.6232
81710,8382.0848,2225.8589
81711,8367.4056,1758.3228
81712,8380.0668,2343.1985
81713,8369.6076,1718.3313
81714,8355.0103,2736.5202
81715,8376.0134,2659.6251
81716,8360.8163,2078.9929
81717,8351.2094,2726.5707
81718,8369.5881,2161.4825
81719,8349.2061,2385.5515
81720,8355.8724,2126.0335
81721,8356.9066,2119.6965
81722,8358.969,2365.2872
81723,8362.3109,2509.2982
81724,8362.9367,2154.7894
81725,8338.266,1851.1711
81726,8339.3755,1706.3562
81727,8350.1274,2681.5628
81728,8342.3863,2417.7769
81729,8354.8113,2709.5005
81730,8336.8838,2684.3287
81731,8327.2366,1759.3803
81732,8342.096,2622.5392
81733,8320.5804,2108.7547
81734,8332.2862,2620.1134
81735,8339.0687,2224.5498
81736,8329.4263,1839.5053
81737,8330.0657,2619.262
81738,8337.1292,2562.8027
81739,8332.6014,1899.407
81740,8325.5422,2665.6248
81741,8329.2734,2007.1198
81742,8312.9975,2073.1159
81743,8316.9034,2392.864
81744,8310.666,2005.4721
81745,8316.1775,1907.3528
81746,8325.3851,2073.0556
81747,8302.3411,1752.7373
81748,8308.4318,2678.3636
81749,8303.485,1701.121
81750,8326.7364,2059.2431
81751,8308.4969,2300.8843
81752,8301.4479,1964.3352
81753,8297.1696,2560.2524
81754,8298.2689,2456.8231
81755,8298.571,2647.1197
81756,8293.7772,1920.9082
81757,8307.505,2059.2409
81758,8315.175,2133.3006
81759,8317.8273,2224.9798
81760,8281.6527,2382.5489
81761,8294.3525,1796.8636
81762,8295.6422,2632.0117
81763,8304.5208,2397.9645
81764,8271.5077,1722.9901
81765,8285.4574,2448.6276
81766,8284.6608,1807.2382
81767,8299.1533,2037.4806
81768,8270.5481,2562.1804
81769,8302.7601,1760.1355
81770,8302.8065,2145.1672
81771,8277.4273,2025.5961
81772,8272.9889,2218.0799
81773,8292.6974,1762.3386
81774,8257.4274,2477.8347
81775,8275.3904,1990.616
81776,8269.67,2051.38
81777,8283.099,1807.7962
81778,8280.7284,2597.1912
81779,8251.7465,2240.4764
81780,8272.79,1780.9375
81781,8275.7091,2596.6849
81782,8276.681,2470.1049
81783,8247.4314,1836.8512
81784,8255.7176,1759.7559
81785,8250.226,1930.7122
81786,8275.2022,2641.2389
81787,8275.9195,2102.8838
81788,8256.264,2453.5289
81789,8260.5127,2368.2102
81790,8252.3402,1858.1422
81791,8263.6339,1680.8902
81792,8240.3463,2236.1808
81793,8233.9986,2614.4263
81794,8248.0782,2364.4987
81795,8267.7043,1952.2232
81796,8254.7001,2318.214
81797,8256.7691,2398.6398
81798,8244.0519,2653.0824
81799,8246.4599,1790.4378
81800,8242.1926,2318.2216
81801,8235.8299,2378.8197
81802,8222.7626,2474.5462
81803,8219.6249,2302.4266
81804,8230.3151,1992.8711
81805,8245.095,1867.6864
81806,8253.6472,1904.6293
81807,8242.5565,2282.7271
81808,8227.3897,1706.4068
81809,8230.651,1928.291
81810,8224.0614,2479.3646
81811,8218.0663,2651.854
81812,8231.6538,1823.079
81813,8226.3565,1800.9414
81814,8209.2895,2201.3148
81815,8215.7659,2426.5411
81816,8209.3517,1914.2725
81817,8215.5241,2302.2572
81818,8224.0193,2013.2056
81819,8233.4205,2424.5707
81820,8220.2489,2532.4716
81821,8194.011,1811.233
81822,8211.7325,1801.1438
81823,8215.0923,1793.4777
81824,8226.8236,1921.998
81825,8196.0063,2629.0745
81826,8222.209,2279.4362
81827,8188.7831,2090.8061
81828,8209.0651,2645.0529
81829,8195.3076,2388.8142
81830,8212.3921,2283.7459
81831,8193.0856,1774.0944
81832,8215.2643,2624.1735
81833,8183.0304,1994.6232
81834,8192.0184,2244.6378
81835,8187.9203,1948.7064
81836,8193.3113,2498.7404
81837,8174.1237,2678.4569
81838,8197.0373,1741.474
81839,8182.2045,2387.3084
81840,8187.1972,1942.7869
81841,8169.9152,1681.0789
81842,8197.8209,1828.0345
81843,8167.6549,2564.4265
81844,8165.6545,2643.8917
81845,8193.9917,1897.5376
81846,8169.8436,2143.1004
81847,8182.4307,1834.4108
81848,8171.2302,2421.347
81849,8157.8705,2598.3674
81850,8195.0286,2228.1381
81851,8186.4099,1850.2434
81852,8176.8053,2024.2906
81853,8189.8179,2142.8431
81854,8169.4125,2355.1946
81855,8155.1588,2387.0082
81856,8176.2987,1864.2633
81857,8167.5053,2220.3545
81858,8177.845,2580.6731
81859,8156.3151,1781.9289
81860,8147.9525,1976.4606
81861,8172.5426,2659.5531
81862,8169.9764,2572.0686
81863,8165.4248,2114.6272
81864,8148.0117,2511.6394
81865,8140.9947,1695.6108
81866,8158.3186,1815.1119
81867,8139.3773,2602.228
81868,8161.5163,2659.9142
81869,8137.8013,1839.865
81870,8134.124,1665.1146
81871,8153.3227,1936.3065
81872,8156.2016,2119.2901
81873,8126.4647,1919.1923
81874,8148.7851,2392.2676
81875,8137.8433,1741.7096
81876,8141.547,2095.0751
81877,8134.9672,2140.9058
81878,8148.9912,2651.4628
81879,8130.5001,2375.8157
81880,8126.53,2036.2429
81881,8148.4944,1761.8824
81882,8143.0742,2647.2593
81883,8136.9869,1853.6992
81884,8126.8245,2452.6118
81885,8135.8323,2511.3854
81886,8116.2943,2523.9643
81887,8131.5963,2118.1134
81888,8138.0752,2657.8692
81889,8109.6507,2461.0049
81890,8107.6763,2364.589
81891,8129.297,2559.3387
81892,8132.4179,2093.2645
81893,8133.786,2436.9596
81894,8134.8515,2413.9862
81895,8123.1903,1921.9717
81896,8102.7883,2215.2632
81897,8116.4724,1781.099
81898,8095.7264,2439.7578
81899,8123.8992,2455.1949
81900,8114.2111,2333.0693
81901,8103.386,1935.3276
81902,8101.0069,1653.2109
81903,8091.2302,2547.5384
81904,8089.5264,1776.9516
81905,8121.7023,2201.4763
81906,8110.3157,2308.328
81907,8114.7122,2651.3905
81908,8116.4265,1853.874
81909,8119.1985,2083.1967
81910,8102.932,2435.7255
81911,8116.603,2406.2965
81912,8084.3839,1643.1493
81913,8100.5723,1842.7343
81914,8102.8988,2123.3683
81915,8103.7779,1677.885
81916,8087.4534,1937.252
81917,8106.7722,2507.4191
81918,8085.3356,2349.9794
81919,8093.9962,2267.3836
81920,8075.3447,2070.0108
81921,8098.532,2648.7348
81922,8082.6127,1815.3509
81923,8091.2722,1966.3281
81924,8063.5626,1810.769
81925,8096.0574,2058.4946
81926,8082.8251,1771.8057
81927,8057.4665,1639.3374
81928,8094.996,2312.2434
81929,8090.711,1781.7459
81930,8065.9981,2069.2647
81931,8091.5257,2609.3947
81932,8078.9976,2220.6574
81933,8064.5164,2493.5022
81934,8066.0522,2387.9325
81935,8054.6495,2147.0566
81936,8054.3324,2136.563
81937,8066.2253,2254.511
81938,8083.3097,2486.4383
81939,8050.1769,2184.3234
81940,8078.9382,1729.988
81941,8073.9724,1801.3294
81942,8062.9396,2154.7074
81943,8064.3872,2513.9579
81944,8074.5802,2342.7962
81945,8074.1127,1820.881
81946,8035.9177,2490.4741
81947,8032.8363,2555.4339
81948,8051.7913,2575.7822
81949,8033.2753,2233.7499
81950,8039.9778,1642.1242
81951,8066.3085,2336.4531
81952,8037.4262,2630.6556
81953,8054.5779,2502.3086
81954,8049.345,2002.5862
81955,8044.6896,1857.603
81956,8036.7236,1641.8702
81957,8058.9665,1820.0656
81958,8038.9809,2590.7193
81959,8044.9534,2135.8536
81960,8051.4268,2636.684
81961,8054.4203,2275.3446
81962,8046.7236,2308.096
81963,8043.0518,1946.6447
81964,8043.2501,2039.6559
81965,8016.8642,2324.0611
81966,8023.4663,2545.5436
81967,8017.633,1949.8762
81968,8009.945,1951.4931
81969,8028.4538,2281.3275
81970,8017.3972,2435.9649
81971,8042.2332,1758.1944
81972,8008.0944,1920.7949
81973,8014.7578,2103.0248
81974,8011.5592,1698.6003
81975,8027.3878,2358.1081
81976,8014.6154,1906.4537
81977,8035.5022,2203.8384
81978,8026.4552,2184.821
81979,8008.8948,2135.2561
81980,8002.5629,2562.2036
81981,8016.2277,1778.3513
81982,8019.8006,2009.6772
81983,7992.5606,2011.3639
81984,8005.7994,1762.773
81985,8004.9958,2127.3069
81986,7994.761,2034.82
81987,7998.4492,2318.5436
81988,8006.3797,1696.6999
81989,8020.6533,2116.6214
81990,8011.2398,2088.9141
81991,8008.1971,2457.6748
81992,8012.7442,2282.9732
81993,8016.9271,2333.2805
81994,7982.1908,1969.405
81995,8006.7864,2126.8028
81996,7985.4937,2218.1914
81997,7976.635,2358.3549
81998,8003.6922,1758.9588
81999,8009.0581,1719.2841
82000,7990.9781,1799.5809
82001,7974.8196,2176.4103
82002,7995.8188,2347.9696
82003,7978.5349,2500.1799
82004,8004.0337,2505.9391
82005,7978.6851,2013.3785
82006,7981.2182,2235.1319
82007,7975.4505,2053.4968
82008,7997.8203,2627.7049
82009,7974.7587,2345.5178
82010,7978.6092,2495.6364
82011,7979.2638,2300.4455
82012,7960.3563,2081.8468
82013,7961.3146,2352.5064
82014,7988.0384,1651.6022
82015,7966.6911,1774.4798
82016,7953.3095,1829.8042
82017,7953.4832,2611.8749
82018,7953.3191,2319.1738
82019,7952.6732,2102.8123
82020,7955.3791,1689.8493
82021,7957.9515,1929.0884
82022,7951.4801,2332.7986
82023,7946.9181,1984.6673
82024,7972.2398,2026.326
82025,7964.9068,2561.852
82026,7946.1545,2407.7483
82027,7958.1339,2537.6507
82028,7939.3591,1943.6228
82029,7975.2597,1764.8532
82030,7965.3128,2581.6845
82031,7934.8937,2319.3217
82032,7964.9436,2440.6173
82033,7958.2189,2497.4886
82034,7937.8719,1944.3824
82035,7938.335,1681.5025
82036,7949.4401,1873.7746
82037,7954.5898,2293.1701
82038,7936.3623,2130.3326
82039,7935.4651,2048.0777
82040,7934.7704,2258.721
82041,7930.5327,2145.0476
82042,7960.0284,2467.0443
82043,7949.0959,1930.8341
82044,7949.8687,1662.2613
82045,7918.4912,2368.0938
82046,7949.5452,2222.7704
82047,7946.0035,2554.7315
82048,7938.2823,1722.7997
82049,7917.8312,1753.8225
82050,7945.5911,2203.5495
82051,7918.1667,2154.4922
82052,7930.6302,2473.8459
82053,7935.0253,2159.9531
82054,7922.7189,2254.6055
82055,7921.4702,2386.7144
82056,7925.5434,1720.3413
82057,7919.1502,2015.2233
82058,7937.5191,2422.6575
82059,7933.6712,1741.1541
82060,7906.39,2273.6128
82061,7914.9535,2177.8629
82062,7922.0075,2272.2064
82063,7915.4828,2297.4333
82064,7924.4037,2487.1263
82065,7910.4229,2538.4198
82066,7906.2216,1616.9234
82067,7921.3827,2327.1186
82068,7929.3535,1946.1369
82069,7923.6076,2564.7128
82070,7927.5362,1632.5573
82071,7894.0701,2428.5526
82072,7887.6971,2559.8163
82073,7902.0709,1630.1321
82074,7903.777,2444.7377
82075,7920.7637,2349.2327
82076,7890.7255,1815.2918
82077,7915.7845,2591.6261
82078,7918.6449,2349.129
82079,7896.3835,1652.919
82080,7895.66,1807.8745
82081,7902.1619,2584.1501
82082,7906.9154,2597.1827
82083,7893.5012,1725.5191
82084,7904.9485,2199.5862
82085,7887.6933,2044.9548
82086,7902.7215,2044.0915
82087,7883.2525,1771.5789
82088,7887.1729,1997.3284
82089,7881.9959,2355.9362
82090,7893.0875,2504.0594
82091,7892.6538,2409.725
82092,7883.7069,1866.1943
82093,7866.4732,2337.52
82094,7869.8016,1848.8832
82095,7896.5755,2595.469
82096,7877.8836,1667.962
82097,7884.4193,2543.0954
82098,7887.6334,2364.0571
82099,7889.9266,2346.1034
82100,7885.0239,2412.9961
82101,7879.2498,1819.498
82102,7870.5407,1978.3638
82103,7861.9632,2181.6533
82104,7886.5364,2495.6329
82105,7882.5118,2436.0554
82106,7887.7307,1805.159
82107,7886.1014,2268.4731
82108,7861.8786,1951.9018
82109,7849.1822,2427.0558
82110,7873.4355,2108.4421
82111,7880.3599,2511.7236
82112,7845.2396,1646.7041
82113,7856.9736,2518.3123
82114,7857.7564,2555.3906
82115,7874.7665,2408.2345
82116,7858.7974,2402.2644
82117,7848.224,2454.0203
82118,7852.6705,1631.4476
82119,7865.7165,2420.5679
82120,7861.7178,2252.6576
82121,7846.5878,2532.2498
82122,7865.7283,1616.7581
82123,7859.5597,2477.4435
82124,7853.1704,2188.0684
82125,7848.5622,1889.4612
82126,7840.1896,2317.229
82127,7840.5415,1865.1683
82128,7828.3491,1710.6499
82129,7843.8992,2470.9225
82130,7836.6496,2150.9757
82131,7856.1749,1769.2641
82132,7822.9425,1958.9492
82133,7832.0172,1679.87
82134,7843.2276,2235.3365
82135,7829.355,2206.0837
82136,7823.6492,1927.97
82137,7854.3449,1697.0517
82138,7819.2935,1646.1388
82139,7833.3039,2553.4962
82140,7815.9357,2461.5047
82141,7837.5443,2475.0575
82142,7844.2374,2285.9773
82143,7818.608,2192.935
82144,7835.6684,2023.5688
82145,7811.764,2560.2695
82146,7844.5502,2029.998
82147,7824.9063,2400.1979
82148,7835.8983,2455.2535
82149,7829.815,1911.1883
82150,7802.4001,2412.3021
82151,7839.4336,1909.3282
82152,7837.3637,2467.7533
82153,7821.5361,2201.6584
82154,7807.4821,2451.9554
82155,7835.8489,2306.2103
82156,7831.8152,2411.0822
82157,7828.9245,1808.0777
82158,7813.898,1993.9662
82159,7806.7059,2162.2421
82160,7805.6361,1973.2012
82161,7802.9945,2294.4911
82162,7819.9828,2512.8093
82163,7825.0557,1609.5238
82164,7794.6571,2152.8808
82165,7795.6059,2241.9269
82166,7821.9558,1605.6042
82167,7805.8781,1726.1482
82168,7821.4032,2301.1905
82169,7807.4235,2464.823
82170,7786.1454,1959.6635
82171,7802.512,1863.575
82172,7811.3733,1879.2676
82173,7813.5251,2408.2874
82174,7806.3351,1963.648
82175,7792.8909,2201.5907
82176,7778.6812,1686.2469
82177,7795.4333,2319.7785
82178,7797.3329,1896.8346
82179,7776.4126,1867.844
82180,7793.7567,2152.6998
82181,7770.5334,2514.0693
82182,7794.4039,2169.9355
82183,7774.1957,2123.5046
82184,7772.225,2032.4335
82185,7786.6504,2217.8674
82186,7792.5088,2255.7998
82187,7795.0238,1952.1533
82188,7775.9357,1655.1959
82189,7778.008,1956.024
82190,7788.0792,2020.9527
82191,7761.9285,1798.0688
82192,7774.3003,2481.5196
82193,7778.2154,1748.2723
82194,7772.1218,2212.2517
82195,7772.6332,1976.5805
82196,7777.8725,1759.4929
82197,7763.3323,1980.0993
82198,7767.5974,2183.6159
82199,7757.6689,2167.291
82200,7769.1946,2094.2195
82201,7757.5414,2233.2448
82202,7760.8379,2147.0552
82203,7777.9983,1754.102
82204,7782.2384,1669.7668
82205,7781.2336,2079.745
82206,7763.5337,1784.86
82207,7744.8814,2333.8186
82208,7766.7569,2427.7615
82209,7747.6393,2062.6417
82210,7766.1339,1746.8306
82211,7763.5407,2138.9245
82212,7774.1055,2329.6391
82213,7741.1689,1668.8485
82214,7771.5897,2190.8159
82215,7751.637,2375.1365
82216,7762.7982,2055.1184
82217,7742.9558,1951.2094
82218,7734.8619,2067.6429
82219,7754.9338,2535.4138
82220,7765.9467,2015.1703
82221,7747.868,2358.6289
82222,7755.1878,2075.6886
82223,7743.2984,1700.1566
82224,7742.69,2075.8682
82225,7754.9078,2223.5702
82226,7735.2382,1795.3012
82227,7746.0148,1997.4229
82228,7740.9487,2254.1456
82229,7726.6149,2305.6985
82230,7730.2234,1802.8695
82231,7749.5312,2198.9889
82232,7738.8388,2471.1948
82233,7722.4882,2011.9919
82234,7723.6625,1764.0907
82235,7726.5681,2006.0193
82236,7741.5131,1694.2798
82237,7745.9059,2196.4069
82238,7722.4237,2160.5508
82239,7713.3966,2311.0965
82240,7735.2442,1679.7876
82241,7706.0443,1993.7255
82242,7715.9576,1948.8135
82243,7718.581,2489.6764
82244,7732.9706,2497.8581
82245,7737.4021,2491.8514
82246,7703.9584,2498.9948
82247,7717.3409,1993.6411
82248,7707.1466,2322.7506
82249,7718.9975,1605.2985
82250,7721.1891,2230.5678
82251,7708.0153,1790.5218
82252,7704.4454,1772.609
82253,7716.3453,2276.9256
82254,7719.0296,2104.6192
82255,7708.0854,2423.5727
82256,7703.1482,2148.3106
82257,7690.5017,1678.1066
82258,7707.792,1871.9203
82259,7697.1149,2314.9198
82260,7704.1807,2129.6497
82261,7716.6888,1651.4566
82262,7720.9856,2329.4952
82263,7699.0784,2526.7554
82264,7715.3629,2504.997
82265,7691.9946,1785.9215
82266,7703.3768,2019.9881
82267,7702.2207,1964.0316
82268,7695.9878,2380.4489
82269,7700.6677,1734.9869
82270,7695.6696,2261.4487
82271,7708.8959,2366.2394
82272,7691.9997,1741.3862
82273,7700.2439,2211.953
82274,7684.4155,2381.8969
82275,7707.1781,2384.7533
82276,7700.4392,2501.0881
82277,7706.7487,1955.4625
82278,7694.7045,2529.059
82279,7689.1253,2016.3953
82280,7685.2446,2358.5289
82281,7665.8174,1596.8798
82282,7684.4814,1680.5699
82283,7686.4063,2088.7291
82284,7687.2793,2024.2836
82285,7694.1565,2012.9195
82286,7688.6547,2357.9164
82287,7695.4282,2047.3592
82288,7678.4569,1887.0467
82289,7685.5432,1750.4528
82290,7680.5144,2307.7256
82291,7659.8748,2242.2961
82292,7671.5205,1823.3001
82293,7670.0317,2254.781
82294,7666.0016,2396.2073
82295,7684.6088,1906.1997
82296,7684.7978,2193.5931
82297,7681.4115,1648.6511
82298,7659.4755,1740.6625
82299,7653.6379,2232.7674
82300,7673.4466,1878.0088
82301,7655.362,2032.2295
82302,7663.6994,1744.0348
82303,7644.0056,1732.8207
82304,7670.5986,1925.6637
82305,7652.5729,2022.4229
82306,7668.7474,2237.6428
82307,7642.2048,1941.3295
82308,7656.584,1920.3739
82309,7647.3189,2146.1178
82310,7669.1715,1873.2609
82311,7648.4742,1917.2702
82312,7666.4219,2163.579
82313,7655.5952,1843.8486
82314,7649.8705,2316.0803
82315,7659.1617,2221.9891
82316,7636.2769,1814.5941
82317,7651.1622,2450.2987
82318,7638.486,2338.9861
82319,7644.6456,2452.0491
82320,7660.7412,2464.3676
82321,7652.7717,1644.877
82322,7624.1165,1704.9129
82323,7644.383,1985.4857
82324,7644.6261,2302.9168
82325,7638.2057,2392.9924
82326,7650.1133,2370.7084
82327,7621.3448,2408.9119
82328,7620.1042,2304.8112
82329,7628.6011,2350.5194
82330,7626.743,2211.5004
82331,7644.5927,1812.3333
82332,7638.968,2325.232
82333,7620.1239,2451.1941
82334,7622.1445,2220.8804
82335,7618.4972,2045.355
82336,7640.9095,1668.0175
82337,7610.3884,2236.6242
82338,7642.2284,2416.4832
82339,7623.5234,2084.5384
82340,7633.1787,2398.1176
82341,7625.5683,2395.9722
82342,7628.3532,1603.5364
82343,7607.4876,2110.0446
82344,7630.6862,2349.9392
82345,7626.2741,1811.4482
82346,7612.3757,2235.3145
82347,7603.6998,2437.2415
82348,7595.283,2319.7772
82349,7614.1418,2162.905
82350,7618.1175,1814.8497
82351,7614.0971,1877.4342
82352,7620.3254,2480.1579
82353,7603.9793,1837.8457
82354,7620.4131,2223.858
82355,7610.2578,2137.3003
82356,7619.3035,2170.8705
82357,7610.4661,2024.4831
82358,7589.7187,1776.2024
82359,7620.544,2204.5685
82360,7610.6379,1962.6806
82361,7612.8971,1749.8039
82362,7615.2603,2017.9014
82363,7595.8691,1776.9698
82364,7585.6961,1880.0041
82365,7610.871,2304.3236
82366,7585.3425,2187.8512
82367,7590.0561,2306.6343
82368,7607.7041,1814.0481
82369,7600.7674,2397.3399
82370,7592.6843,1929.8937
82371,7587.4506,2367.9663
82372,7602.4252,1867.3034
82373,7581.8209,2035.2237
82374,7605.2885,1751.7841
82375,7577.1793,1590.4663
82376,7568.9888,2109.756
82377,7596.9747,2142.1602
82378,7588.2185,2194.3633
82379,7595.2397,2472.8306
82380,7598.8882,1676.2645
82381,7592.4397,1923.4949
82382,7595.8281,2423.5421
82383,7592.9252,2127.8262
82384,7577.4364,2470.7909
82385,7578.8431,2116.4687
82386,7567.8195,2326.9843
82387,7576.8214,1851.7577
82388,7562.0954,2143.5568
82389,7581.8905,2154.2973
82390,7563.2984,1969.5541
82391,7581.3333,2216.9583
82392,7578.6156,2378.4142
82393,7579.5424,1932.6786
82394,7578.48,2271.9872
82395,7551.4834,2254.1765
82396,7552.8828,2170.6226
82397,7550.1131,2433.9792
82398,7571.7201,2048.012
82399,7553.9202,1641.0163
82400,7570.93,2426.3676
82401,7576.1178,1702.9299
82402,7574.8362,2092.3418
82403,7566.6882,2338.2123
82404,7561.5619,2348.8643
82405,7541.6382,1971.871
82406,7533.9724,1697.8525
82407,7561.1302,2379.6357
82408,7546.4653,1979.9009
82409,7542.2134,2231.6462
82410,7532.7518,1804.9394
82411,7531.1654,2331.1388
82412,7548.8583,2431.674
82413,7538.6236,1758.0352
82414,7553.7508,2440.6993
82415,7550.1447,2369.1146
82416,7545.9024,1578.8213
82417,7551.952,2378.7147
82418,7555.5192,2260.5135
82419,7533.0996,1988.5172
82420,7519.6819,1804.5908
82421,7541.1725,2413.263
82422,7552.469,2228.3974
82423,7542.5324,1709.0695
82424,7540.3648,2199.2011
82425,7545.8595,2276.1574
82426,7546.6532,2476.6236
82427,7539.3013,2296.9866
82428,7526.6975,1914.931
82429,7547.0672,1764.189
82430,7509.8214,2123.6381
82431,7521.9509,2378.5125
82432,7528.0893,2420.4456
82433,7523.0212,2009.0504
82434,7514.5162,1877.0704
82435,7507.1067,2055.8292
82436,7514.5404,2356.9307
82437,7523.4761,1962.2444
82438,7503.4212,2244.227
82439,7515.6393,1609.0627
82440,7504.1047,1942.2027
82441,7498.0635,1775.5962
82442,7510.7047,1826.5381
82443,7521.6251,2389.3584
82444,7502.1605,2357.5715
82445,7516.1408,2466.169
82446,7516.0403,2189.0897
82447,7499.1747,1600.3921
82448,7521.0755,2108.0254
82449,7492.5398,1679.7551
82450,7521.0294,2295.5219
82451,7507.9968,2029.2464
82452,7496.4793,1971.9917
82453,7501.8698,1882.9862
82454,7503.7473,2034.4715
82455,7487.5444,2370.6341
82456,7497.5635,2327.2107
82457,7491.2377,1701.2785
82458,7515.2472,1801.6374
82459,7481.6404,2438.5606
82460,7510.2497,2245.1338
82461,7482.5935,2305.9974
82462,7478.7223,2360.8074
82463,7491.5897,2359.5879
82464,7474.3911,2312
82465,7504.4445,2284.3842
82466,7498.1372,1937.187
82467,7471.9675,2150.4246
82468,7472.1483,1629.916
82469,7491.0013,2129.358
82470,7487.1003,2415.438
82471,7472.0299,2202.7604
82472,7485.5144,1618.8517
82473,7490.7566,1854.646
82474,7473.3822,2442.8475
82475,7467.8995,1988.4935
82476,7478.9218,1965.6485
82477,7491.2713,2316.1486
82478,7471.644,2385.0364
82479,7471.8035,1556.655
82480,7456.5512,1841.0538
82481,7468.9013,2181.7663
82482,7488.2627,1669.1955
82483,7485.8568,1685.5242
82484,7456.9675,2328.2429
82485,7461.6601,1535.5423
82486,7485.7031,2443.8306
82487,7466.0601,1738.0034
82488,7454.1135,2440.0657
82489,7475.9693,1555.6176
82490,7475.6144,1525.1511
82491,7458.4375,2374.345
82492,7463.2154,2102.0066
82493,7458.817,2231.8253
82494,7461.386,2019.4024
82495,7463.4722,1958.1916
82496,7440.8316,2250.2408
82497,7463.2725,2148.0088
82498,7461.4853,1915.4853
82499,7437.3934,2295.4801
82500,7442.4606,2308.9467
82501,7445.2833,1751.4526
82502,7442.0362,1781.1463
82503,7452.0495,2180.5253
82504,7466.2513,1570.1291
82505,7454.8516,1645.2571
82506,7447.755,2043.5165
82507,7441.2678,2427.664
82508,7454.0203,2353.9006
82509,7455.4574,2197.9452
82510,7457.2017,1818.8878
82511,7441.9507,1937.6405
82512,7428.9652,1608.8553
82513,7448.4378,2214.324
82514,7431.8041,2075.56
82515,7452.5026,2230.6602
82516,7445.298,1937.1474
82517,7422.52,1978.8959
82518,7425.7104,1706.7486
82519,7418.9572,2335.9934
82520,7421.6353,1757.4892
82521,7420.2579,1755.4394
82522,7411.5547,2025.7142
82523,7429.4353,1517.4061
82524,7444.2681,1721.4787
82525,7435.7218,2387.0338
82526,7425.6007,2080.2124
82527,7422.5352,2396.9364
82528,7410.9164,1579.6287
82529,7428.4634,2264.9251
82530,7413.0604,1872.5246
82531,7435.0862,2381.6253
82532,7414.4886,1583.2205
82533,7429.9185,1715.5198
82534,7406.6838,2403.0267
82535,7420.4749,1597.1722
82536,7426.622,2185.0778
82537,7426.4795,2143.448
82538,7405.2301,2208.1322
82539,7396.1732,1813.9351
82540,7405.8825,1659.9335
82541,7406.8688,2243.7764
82542,7420.0738,2078.0728
82543,7401.0872,2282.6836
82544,7409.9791,2293.4728
82545,7395.7043,1520.1028
82546,7395.4689,2357.45
82547,7409.1571,1951.4445
82548,7385.3872,1547.9537
82549,7394.3632,2057.5808
82550,7415.1266,2371.355
82551,7386.6462,2002.2895
82552,7384.3796,2084.2428
82553,7403.9621,2301.6691
82554,7381.6128,2350.4023
82555,7392.2026,1695.2913
82556,7398.0749,2282.9945
82557,7387.1681,2231.8806
82558,7387.4288,2311.0997
82559,7403.9029,2411.5205
82560,7381.8825,1587.9641
82561,7384.9038,2111.4694
82562,7394.5012,2244.1292
82563,7374.8446,2271.2154
82564,7387.1235,2358.5233
82565,7395.1267,1849.0327
82566,7369.6254,1815.1563
82567,7365.5813,1733.4105
82568,7387.5488,1821.9929
82569,7365.4392,2051.1568
82570,7362.9671,2378.8179
82571,7374.8661,1597.2916
82572,7368.1445,1929.7698
82573,7382.811,2104.9017
82574,7353.7015,2070.3414
82575,7373.7671,1814.4003
82576,7378.2495,1819.0316
82577,7348.6052,2197.5921
82578,7371.3693,2096.1054
82579,7372.813,1964.0901
82580,7380.5209,1592.4774
82581,7359.7763,2387.4816
82582,7349.5645,1964.5215
82583,7373.6937,2393.9108
82584,7370.1862,1735.4108
82585,7360.5492,2234.5647
82586,7352.7936,1916.9907
82587,7349.3026,2368.1864
82588,7356.7914,2327.2083
82589,7343.1838,1633.9998
82590,7366.244,2352.3753
82591,7349.7433,1519.4377
82592,7344.5334,2193.5659
82593,7349.0501,2009.5948
82594,7347.4873,1720.1745
82595,7328.6206,1880.7396
82596,7351.5144,2003.2628
82597,7351.1481,2244.736
82598,7356.724,2135.271
82599,7326.7642,1851.5807
82600,7346.3934,1766.6436
82601,7344.4445,2317.1449
82602,7334.6894,1967.6334
82603,7325.699,2258.6131
82604,7322.4121,1742.1752
82605,7349.9319,2154.628
82606,7325.8102,1988.5875
82607,7347.7393,2336.3147
82608,7330.1496,2012.1476
82609,7313.0446,2320.792
82610,7335.6016,1634.8358
82611,7337.0741,1518.1971
82612,7323.8643,2406.5299
82613,7309.1382,1597.8496
82614,7333.1463,2212.3473
82615,7312.8451,1769.4905
82616,7322.3207,2181.0769
82617,7327.9949,2329.5773
82618,7331.6312,1825.059
82619,7331.5616,1736.803
82620,7329.7036,2326.5894
82621,7307.9562,1939.2345
82622,7309.8312,2111.4399
82623,7310.2469,2170.0933
82624,7301.2634,2019.5732
82625,7324.7688,2029.381
82626,7327.4879,1707.6097
82627,7307.4567,1601.4385
82628,7298.2685,1986.0448
82629,7300.7191,1500.7083
82630,7300.3381,1624.0626
82631,7299.3083,1719.4926
82632,7294.5293,2085.1565
82633,7316.0628,1837.0356
82634,7312.0438,1811.2699
82635,7309.3762,2099.0538
82636,7297.1799,2158.7755
82637,7286.8865,1917.4287
82638,7279.2529,1983.0835
82639,7289.3923,1588.1032
82640,7295.3362,2349.1719
82641,7295.079,2099.4561
82642,7283.5061,2252.3181
82643,7287.9421,1796.1438
82644,7306.7325,1914.4944
82645,7300.9037,1868.4692
82646,7291.1632,1680.8603
82647,7298.6278,1961.253
82648,7291.0984,2330.9802
82649,7296.1399,2015.5535
82650,7277.0281,2173.256
82651,7286.1853,2206.3242
82652,7266.7314,1568.1249
82653,7282.0367,2230.6845
82654,7289.745,1800.2012
82655,7289.9362,2239.9736
82656,7291.5472,2351.2573
82657,7283.6591,2178.2423
82658,7267.2368,1476.7666
82659,7264.8819,1772.4683
82660,7273.7086,1937.6677
82661,7255.4975,1813.2114
82662,7265.2084,2207.7707
82663,7279.8438,1819.8669
82664,7265.4007,1989.492
82665,7253.6516,1980.8303
82666,7280.7545,1931.4347
82667,7269.7593,1935.5328
82668,7267.714,1503.4463
82669,7274.3776,1777.3771
82670,7274.2106,1944.2227
82671,7240.4497,1628.1963
82672,7265.0329,1486.5955
82673,7241.3666,1875.9828
82674,7253.5798,1690.2221
82675,7256.7049,1765.7302
82676,7242.0918,1783.1593
82677,7245.4029,1720.6757
82678,7244.8398,1806.7801
82679,7253.7753,1833.4765
82680,7250.8671,1627.6247
82681,7235.6623,1517.6891
82682,7250.8947,1840.8238
82683,7225.9918,2087.2823
82684,7244.4869,1634.5856
82685,7230.7313,2163.0458
82686,7254.8588,1904.6831
82687,7235.914,1818.0815
82688,7252.8196,1614.998
82689,7226.1821,2113.7069
82690,7246.0494,2039.9019
82691,7229.5359,1947.8409
82692,7234.8434,2231.5529
82693,7220.3691,1993.8714
82694,7230.0188,1961.8025
82695,7211.6796,1479.2407
82696,7211.2504,2011.9042
82697,7215.9749,2101.083
82698,7210.1089,1651.1479
82699,7228.3288,2177.2798
82700,7238.7653,2243.3056
82701,7219.6933,2091.0296
82702,7231.3804,1772.8611
82703,7233.2434,2205.45
82704,7231.5125,1660.6136
82705,7214.0821,2283.0753
82706,7227.6069,1675.2792
82707,7229.8007,1732.7027
82708,7228.1387,2160.9223
82709,7220.5967,2280.2485
82710,7197.6943,1688.1949
82711,7213.8091,2155.799
82712,7189.2339,1474.5686
82713,7189.6941,2358.0632
82714,7189.889,1986.549
82715,7192.8501,2044.2644
82716,7213.4617,1840.684
82717,7212.7154,1958.9531
82718,7181.3408,2098.7875
82719,7182.2874,2049.4761
82720,7178.6984,2284.0585
82721,7206.1267,1995.7239
82722,7192.5041,1529.7588
82723,7194.135,2035.5663
82724,7180.7321,1843.8355
82725,7189.6472,1754.8727
82726,7176.5588,2081.3912
82727,7175.1496,2094.8815
82728,7172.2754,1681.8422
82729,7179.2546,1807.8251
82730,7182.5854,2155.087
82731,7176.8227,1809.0361
82732,7198.1176,2215.0126
82733,7193.8022,2284.8319
82734,7174.4919,1660.0458
82735,7164.3158,1686.1974
82736,7181.8985,2159.5193
82737,7167.8818,2014.6186
82738,7179.5725,1888.7065
82739,7187.3283,1925.6405
82740,7163.067,1762.1443
82741,7177.8726,1741.2351
82742,7170.0676,2087.832
82743,7150.531,2077.6763
82744,7180.2901,2260.5513
82745,7169.816,1938.8194
82746,7167.5448,1622.8753
82747,7163.823,1492.2734
82748,7160.4615,1477.4736
82749,7144.0566,1824.6099
82750,7150.9295,1598.7613
82751,7168.2174,1630.3946
82752,7159.0371,2262.4443
82753,7159.9163,1929.435
82754,7146.0769,1506.6606
82755,7149.1489,1848.9694
82756,7161.4295,1724.1298
82757,7154.0013,2207.5529
82758,7158.3836,2103.539
82759,7129.257,2286.694
82760,7156.5517,1780.6023
82761,7148.6206,1545.0448
82762,7133.4899,2103.9487
82763,7134.9357,1809.0365
82764,7142.4735,1697.7037
82765,7139.9038,1553.5241
82766,7138.5801,2142.2481
82767,7142.6654,1870.4535
82768,7151.9844,1983.2955
82769,7139.8128,1673.2137
82770,7125.1326,2251.8132
82771,7147.0253,1915.8294
82772,7130.9454,2257.1801
82773,7128.9203,1719.1511
82774,7127.8775,1689.7001
82775,7119.5639,2317.5086
82776,7137.31,1897.8541
82777,7106.7763,2048.9775
82778,7113.4198,1530.4687
82779,7115.5652,1726.709
82780,7101.8653,2023.3758
82781,7111.9915,2290.3812
82782,7118.4931,2288.9689
82783,7129.1465,1818.3522
82784,7116.6708,2062.2089
82785,7119.6274,1891.8685
82786,7109.1321,2272.5473
82787,7127.31,1804.2557
82788,7119.0091,1776.2875
82789,7091.7081,2071.7583
82790,7115.4093,1917.8995
82791,7112.9954,2163.5176
82792,7103.0889,2271.8797
82793,7115.956,1905.8659
82794,7086.0105,1946.0086
82795,7102.6506,1700.2637
82796,7102.4306,1914.7703
82797,7111.7674,1532.7737
82798,7079.2219,1901.67
82799,7107.1765,1622.8264
82800,7102.731,1744.4834
82801,7083.3438,2197.9889
82802,7085.9685,2126.3463
82803,7096.5969,1937.6515
82804,7092.1139,2287.725
82805,7093.2219,1773.3304
82806,7096.1412,2303.3961
82807,7066.0312,1734.4139
82808,7090.6678,2080.2685
82809,7097.1142,1947.5129
82810,7064.2302,2286.9875
82811,7061.5248,1895.6467
82812,7073.6382,1500.4618
82813,7073.5238,2287.355
82814,7065.0525,1730.2348
82815,7059.7731,2175.5964
82816,7076.6401,1688.1541
82817,7083.0878,1835.7461
82818,7070.5455,2202.4537
82819,7064.9948,2221.3304
82820,7081.3265,1881.4831
82821,7064.5079,1717.5541
82822,7058.6197,2041.1942
82823,7074.1808,2207.177
82824,7053.5923,1784.4643
82825,7072.2978,2300.1074
82826,7060.1946,2249.2663
82827,7050.773,2304.2525
82828,7059.4074,1798.7779
82829,7038.1151,1952.3761
82830,7064.3804,2060.9386
82831,7047.1621,1975.6528
82832,7053.5106,1536.9776
82833,7055.9024,2145.8352
82834,7032.5032,1615.4224
82835,7043.8721,2018.6587
82836,7031.8074,1492.1352
82837,7055.0957,1729.1311
82838,7055.7274,1462.7515
82839,7053.9991,1719.304
82840,7028.1088,2031.7141
82841,7047.66,1497.1119
82842,7029.9025,1870.6342
82843,7028.323,2134.507
82844,7018.5198,1839.7737
82845,7025.2891,1688.2725
82846,7012.1574,2222.9095
82847,7015.0413,2032.6354
82848,7043.1012,1931.642
82849,7017.3832,2224.4457
82850,7023.6035,1935.159
82851,7038.5963,1885.7215
82852,7015.2569,2225.4035
82853,7006.1903,2142.3883
82854,7020.369,1753.3804
82855,7020.214,1919.615
82856,7016.4824,1676.262
82857,7006.6877,2298.6334
82858,6998.4966,2070.319
82859,7010.4628,2010.8885
82860,7022.1043,2093.1182
82861,7002.6162,1502.6856
82862,7010.3444,1779.8878
82863,7001.7033,2089.076
82864,6992.8148,2040.2041
82865,6988.6194,1896.3686
82866,6994.1422,2195.0747
82867,6992.979,1527.4505
82868,6981.7792,1590.5126
82869,6991.0538,2053.3619
82870,7004.3077,2191.5591
82871,6989.0191,1749.385
82872,7002.1427,1631.9222
82873,7007.4645,1901.4741
82874,6981.7246,2228.7858
82875,6982.3635,2268.4764
82876,7000.3256,1759.4032
82877,6972.5807,1705.653
82878,6991.0748,1993.0704
82879,6989.062,1510.9849
82880,6986.2573,1936.4161
82881,6980.9551,2092.8463
82882,6979.995,1759.1084
82883,6975.6943,2122.3188
82884,6982.6442,1577.5488
82885,6963.1381,2179.5559
82886,6954.4241,1748.8424
82887,6954.6239,2121.2585
82888,6952.9517,2282.4473
82889,6965.6953,1535.4364
82890,6965.0661,1784.3087
82891,6975.1832,1437.2657
82892,6976.9132,1450.1736
82893,6976.0325,1960.2058
82894,6960.2749,1836.8498
82895,6967.7078,1874.5465
82896,6948.7095,1790.0117
82897,6940.3281,2239.1805
82898,6950.8307,1528.5724
82899,6958.6915,2133.3137
82900,6938.4465,1527.6458
82901,6948.5061,2212.9564
82902,6945.7469,1443.7646
82903,6952.6066,1570.9157
82904,6936.5083,2092.8022
82905,6933.4415,1824.0952
82906,6940.9259,1474.6394
82907,6945.1549,2148.5255
82908,6938.2404,1634.4899
82909,6937.9978,2102.6138
82910,6925.7767,2186.6341
82911,6918.2275,1801.8334
82912,6925.4757,1864.3045
82913,6933.702,1499.7702
82914,6922.5642,1570.4189
82915,6935.9302,1624.0813
82916,6937.096,1915.9452
82917,6933.4114,1764.706
82918,6917.9705,1940.7319
82919,6908.7244,1594.4218
82920,6916.6422,1896.4655
82921,6936.077,1879.3864
82922,6906.9797,1584.7041
82923,6913.3272,1647.5404
82924,6931.5167,2122.2482
82925,6917.5632,1954.1176
82926,6922.9701,1995.0214
82927,6918.8727,1785.8229
82928,6912.8392,1901.1651
82929,6891.1065,1930.6847
82930,6894.9706,1498.4463
82931,6909.956,1672.9102
82932,6899.4739,1616.4923
82933,6917.5546,1866.4271
82934,6893.7005,1738.2309
82935,6912.4325,1989.1905
82936,6903.8978,1478.0864
82937,6906.6862,2213.7833
82938,6897.0146,1846.9479
82939,6882.8564,2191.5682
82940,6898.6967,1940.4565
82941,6903.6467,2176.6589
82942,6900.7198,2059.5825
82943,6899.7827,1638.6496
82944,6884.2869,2100.7122
82945,6874.4099,1780.0479
82946,6883.0258,1831.7736
82947,6887.2627,1819.3489
82948,6887.1017,2026.1687
82949,6878.9279,1837.0203
82950,6878.6346,1836.3983
82951,6861.6175,1800.0243
82952,6866.0184,1413.3763
82953,6872.9637,1819.9699
82954,6879.875,1742.2862
82955,6882.1592,1993.9969
82956,6880.6675,2146.6808
82957,6850.1567,1481.8717
82958,6849.3342,1730.3273
82959,6854.5533,1857.8359
82960,6867.5046,1491.4583
82961,6861.5814,1888.8579
82962,6866.6031,2111.4025
82963,6871.636,1978.4031
82964,6854.7162,2105.9965
82965,6838.4501,1421.0561
82966,6836.3533,1963.4755
82967,6866.8002,1612.3128
82968,6846.3857,2080.1268
82969,6842.7101,2003.7236
82970,6837.8631,1938.3583
82971,6832.3087,1464.715
82972,6854.7076,1966.1665
82973,6847.7919,1951.8202
82974,6851.9971,2229.0631
82975,6835.68,1689.8306
82976,6834.2122,1735.7702
82977,6846.1609,1633.5391
82978,6818.3901,1823.9665
82979,6822.6538,2054.0906
82980,6836.4451,2107.804
82981,6842.6744,1966.268
82982,6827.1191,1663.4818
82983,6821.4983,1592.9417
82984,6817.4044,2121.5366
82985,6824.1109,1563.123
82986,6832.5431,1581.1695
82987,6815.3171,1984.2624
82988,6809.0827,1836.3019
82989,6808.2763,1895.4039
82990,6807.6504,1549.9319
82991,6802.8282,1853.0795
82992,6813.1331,1688.0921
82993,6804.7696,1917.4237
82994,6796.866,1693.4562
82995,6819.0241,1612.087
82996,6795.843,2228.6013
82997,6804.1691,1876.1399
82998,6801.8171,2079.7345
82999,6793.3469,2150.1625
83000,6813.0013,1917.5487
83001,6805.8136,1405.8742
83002,6794.066,2154.6588
83003,6787.1469,1654.7479
83004,6796.5227,2139.119
83005,6790.6803,1436.885
83006,6774.3572,2053.332
83007,6805.8379,1674.7575
83008,6802.4186,1419.0712
83009,6776.7202,1912.3535
83010,6770.359,2105.8847
83011,6787.7267,1784.1645
83012,6786.3342,1402.2712
83013,6771.0352,2216.4786
83014,6794.3059,1774.0836
83015,6793.1956,2179.0868
83016,6763.4624,1996.9741
83017,6775.8466,1442.894
83018,6770.6483,2197.5714
83019,6755.9031,1701.6486
83020,6758.7238,1746.412
83021,6755.5045,2203.2689
83022,6754.2016,1543.7552
83023,6761.6448,2017.1171
83024,6774.1138,1766.6023
83025,6749.8522,1501.6519
83026,6758.2256,2209.0903
83027,6741.8079,1833.6953
83028,6767.3076,1772.1375
83029,6766.1767,1948.5675
83030,6767.991,2177.7668
83031,6738.7641,2157.5569
83032,6736.7182,1951.5579
83033,6752.7856,1557.8439
83034,6761.4477,1914.5921
83035,6731.6016,2121.5517
83036,6730.3246,2034.2312
83037,6746.151,1563.5445
83038,6739.3588,1772.7738
83039,6735.1214,1867.4179
83040,6747.3263,1733.443
83041,6725.2687,1949.5212
83042,6727.8562,1843.2163
83043,6732.8666,1375.6728
83044,6733.3268,1903.8783
83045,6728.1418,1779.3651
83046,6713.4948,2194.6833
83047,6727.2072,2164.0573
83048,6723.3726,1610.9626
83049,6736.5241,1675.3062
83050,6716.0847,1865.2374
83051,6731.8307,1924.4859
83052,6725.2372,1430.6477
83053,6722.0908,1754.0882
83054,6714.289,1841.5748
83055,6706.3311,1498.9877
83056,6703.1249,1908.3992
83057,6707.6522,1585.4029
83058,6700.034,1782.3717
83059,6710.1441,1556.1366
83060,6696.764,2099.1327
83061,6694.3908,1366.4202
83062,6687.4618,2185.7934
83063,6700.6189,1953.0751
83064,6698.4546,2127.5001
83065,6700.2192,1542.6619
83066,6687.1692,2018.7184
83067,6700.0336,1500.152
83068,6702.426,1589.3098
83069,6688.5601,1843.6234
83070,6674.1613,1742.875
83071,6676.9258,2035.6567
83072,6670.3486,1456.2412
83073,6698.5633,2064.718
83074,6689.8665,2077.6989
83075,6671.73,1482.9126
83076,6674.3884,2116.8574
83077,6686.6166,1813.88
83078,6687.618,1513.1476
83079,6664.0234,1819.3705
83080,6663.3786,2060.0592
83081,6673.7608,2112.2248
83082,6667.8145,1927.9472
83083,6682.9346,1447.9443
83084,6673.2939,1438.4101
83085,6658.6031,1692.386
83086,6678.6717,2059.2469
83087,6656.0576,1913.2149
83088,6666.0575,1882.2724
83089,6658.3942,2173.291
83090,6652.97,1515.66
83091,6658.1456,1939.3605
83092,6656.7731,2065.9308
83093,6638.6513,1704.6933
83094,6646.57,2008.3477
83095,6656.3094,1888.3178
83096,6644.0189,1891.4812
83097,6651.8524,1928.8497
83098,6647.5341,2134.1122
83099,6632.8492,1762.8298
83100,6645.2546,1426.9163
83101,6633.3317,1690.0609
83102,6633.9284,1776.2523
83103,6630.1359,1546.8434
83104,6633.1884,1972.8226
83105,6632.4943,1652.0515
83106,6637.0267,2081.3793
83107,6620.1016,1350.228
83108,6627.9258,1825.4254
83109,6636.1592,2138.1612
83110,6637.7029,1484.1082
83111,6617.5472,1633.6716
83112,6627.1919,1909.614
83113,6622.3329,1747.3086
83114,6607.7471,1737.4967
83115,6624.0559,1353.7391
83116,6612.8232,1950.1817
83117,6600.6792,2109.231
83118,6618.4671,2122.2097
83119,6600.3508,1881.5136
83120,6607.8673,2007.6207
83121,6602.9292,2040.6603
83122,6619.2761,2149.6004
83123,6606.3883,1513.5658
83124,6618.3906,2095.3236
83125,6595.1722,1982.6113
83126,6606.0548,1466.6061
83127,6601.6746,1730.1251
83128,6610.1857,2146.4438
83129,6601.6568,1760.9584
83130,6597.9755,1374.7689
83131,6588.5076,2033.0474
83132,6597.6076,1819.479
83133,6577.2851,1500.9261
83134,6571.6651,1439.4712
83135,6575.0205,1921.8465
83136,6585.4629,1517.5589
83137,6580.1573,1912.4177
83138,6580.3618,1896.6693
83139,6575.5328,1804.1738
83140,6566.3949,1990.2619
83141,6564.0042,1717.6624
83142,6571.4644,1683.9292
83143,6582.0999,1371.9616
83144,6554.8473,1375.529
83145,6566.7225,1925.7307
83146,6580.6282,1951.9355
83147,6570.4772,1580.4056
83148,6556.6472,1869.0492
83149,6551.7341,1657.4503
83150,6565.4963,1657.9128
83151,6548.3664,1436.506
83152,6546.7629,1514.9318
83153,6547.2151,1503.3563
83154,6566.8001,1814.7547
83155,6546.4555,1925.3138
83156,6556.2245,1985.7304
83157,6564.2735,2127.9687
83158,6543.4633,2032.6259
83159,6541.1486,1625.072
83160,6545.7608,1987.0559
83161,6549.8223,2036.5924
83162,6525.2677,1642.8978
83163,6537.7373,1765.2384
83164,6537.5088,1731.4988
83165,6523.247,1819.7794
83166,6519.5581,2032.03
83167,6546.3205,1903.5275
83168,6516.0994,2079.1346
83169,6515.1967,1839.8239
83170,6515.7439,1871.9167
83171,6541.0016,1679.6105
83172,6518.0828,1779.8985
83173,6523.7998,1685.0194
83174,6521.6711,2078.1853
83175,6517.3878,1848.868
83176,6532.3536,1348.8297
83177,6520.0178,1709.2733
83178,6520.5779,1841.5192
83179,6527.0247,1831.8236
83180,6517.9236,1643.3746
83181,6510.9977,1523.7962
83182,6519.9785,2051.0765
83183,6515.0121,1793.2861
83184,6510.2742,1510.8277
83185,6500.3473,2066.6277
83186,6506.3922,2014.5311
83187,6501.0627,1954.3906
83188,6498.6008,1368.1245
83189,6483.9053,1839.4484
83190,6489.6729,1867.628
83191,6476.8526,2105.2646
83192,6501.6559,1533.39
83193,6504.1187,1641.7863
83194,6475.3305,1450.2315
83195,6498.7778,1800.1883
83196,6492.8114,1654.7194
83197,6476.8293,1888.6834
83198,6469.753,1377.2478
83199,6478.0022,1904.9402
83200,6482.2672,1448.9523
83201,6490.5262,1982.1714
83202,6480.5891,1378.8779
83203,6465.5225,1537.1768
83204,6475.91,1787.9724
83205,6475.7422,1809.6559
83206,6481.7796,2078.793
83207,6471.4079,1906.7546
83208,6466.951,1950.744
83209,6464.3934,2053.6792
83210,6446.9455,1426.8715
83211,6459.4129,1322.3266
83212,6449.2361,1732.1303
83213,6470.3713,1889.2132
83214,6455.907,1973.7717
83215,6459.8476,1887.372
83216,6456.8908,2119.6541
83217,6454.8786,1671.1845
83218,6440.6404,2001.3623
83219,6459.0882,1554.3245
83220,6447.3248,1742.481
83221,6435.9395,1951.1449
83222,6442.8903,1562.4582
83223,6432.0887,2009.9818
83224,6436.7068,1677.6965
83225,6433.3179,1619.7454
83226,6420.4732,1661.7939
83227,6423.9323,1707.2435
83228,6418.9938,1911.0792
83229,6434.1597,1704.7758
83230,6438.7561,1565.8086
83231,6427.5062,1493.7941
83232,6414.537,1544.6614
83233,6433.627,1309.7549
83234,6408.0298,1782.8124
83235,6406.0983,1658.1723
83236,6403.5968,1586.3072
83237,6402.4279,1775.8072
83238,6416.1534,1399.4073
83239,6425.8826,1707.4028
83240,6395.7567,2058.7891
83241,6411.371,2086.4894
83242,6411.6182,2007.8194
83243,6419.5706,1864.5214
83244,6404.3423,1863.1059
83245,6405.6184,1839.0258
83246,6414.3674,1877.1158
83247,6409.2717,1769.6614
83248,6412.4458,1845.1085
83249,6403.7452,2028.9745
83250,6405.4274,1653.2491
83251,6376.7008,1758.4583
83252,6394.4782,1623.7817
83253,6380.7896,2065.4463
83254,6396.1516,1894.5217
83255,6374.7284,1441.3368
83256,6377.8989,2085.6358
83257,6372.0164,2059.1259
83258,6391.6556,1570.1786
83259,6373.1311,1837.8637
83260,6369.6568,1424.0921
83261,6384.4893,1617.6308
83262,6361.1448,1965.2723
83263,6372.8525,2064.0926
83264,6380.6227,1379.0355
83265,6366.8573,1819.5384
83266,6355.1587,1915.5378
83267,6355.8036,1886.5969
83268,6367.1681,1369.5823
83269,6370.6326,1834.2128
83270,6352.6872,1382.5695
83271,6350.2354,1932.2963
83272,6362.2027,2043.7307
83273,6343.9993,1880.0691
83274,6341.7574,1810.9368
83275,6338.7524,2049.3923
83276,6339.2016,1859.0521
83277,6343.6411,2074.4264
83278,6345.7477,1410.1517
83279,6355.8682,1481.914
83280,6333.9317,1404.0483
83281,6332.98,1365.7884
83282,6330.7002,1848.4585
83283,6324.4602,2024.548
83284,6331.0424,1339.3281
83285,6342.8856,1691.9049
83286,6337.697,1892.8727
83287,6344.7191,1385.0394
83288,6321.5846,1631.7455
83289,6337.4208,1993.9071
83290,6333.4448,1306.9062
83291,6321.4427,1527.3778
83292,6339.1593,1842.5441
83293,6309.1491,1801.1268
83294,6320.0123,1749.0201
83295,6319.5109,1776.7685
83296,6320.2651,1717.7483
83297,6312.2973,1715.9236
83298,6311.1207,1816.6746
83299,6326.2589,1747.2061
83300,6308.8157,1489.0978
83301,6322.5691,1930.2041
83302,6292.9045,1981.5683
83303,6302.7734,1786.7061
83304,6303.3013,1427.7395
83305,6307.7753,2039.0749
83306,6290.0781,1850.3283
83307,6297.0043,1524.3496
83308,6308.5,1712.9735
83309,6306.8696,1299.1157
83310,6290.9659,1994.9442
83311,6277.2586,1984.6292
83312,6290.4239,1981.0754
83313,6286.3777,1451.8316
83314,6278.513,1406.2586
83315,6296.2451,1531.7037
83316,6291.7636,1676.4969
83317,6283.2617,1611.1098
83318,6281.392,2040.0137
83319,6284.2555,1600.8144
83320,6283.5683,1549.0579
83321,6272.1895,1301.1001
83322,6287.6773,1898.9133
83323,6269.4293,1321.0354
83324,6283.9794,1293.971
83325,6274.6445,1793.5902
83326,6262.599,1329.1894
83327,6264.0189,1550.5057
83328,6272.6448,1838.7554
83329,6265.3544,1621.6588
83330,6268.0898,1342.9295
83331,6253.393,1395.8325
83332,6250.2472,1634.0335
83333,6256.5759,1477.334
83334,6267.451,1331.2334
83335,6250.0326,1342.7283
83336,6237.4695,1289.9658
83337,6237.0025,1605.689
83338,6246.3024,1787.3336
83339,6239.0134,2028.2626
83340,6254.1282,2017.1711
83341,6256.1251,1358.9629
83342,6236.1838,1387.8606
83343,6246.9401,1774.7808
83344,6245.9053,2029.3438
83345,6247.192,1272.1579
83346,6240.1385,1325.1098
83347,6224.2635,1435.7013
83348,6237.7587,1271.7633
83349,6240.8174,1846.8772
83350,6212.759,1763.7076
83351,6222.2707,1805.1603
83352,6210.9983,1780.5582
83353,6211.254,1669.8865
83354,6218.0443,1746.1464
83355,6205.1937,1793.7318
83356,6203.5755,1542.5162
83357,6216.829,1752.8601
83358,6213.4636,1851.8102
83359,6217.4404,1410.0377
83360,6223.5066,1851.7915
83361,6213.1416,1561.359
83362,6208.4732,1618.1049
83363,6207.4027,1586.1281
83364,6206.1191,1726.2984
83365,6196.9181,1262.2174
83366,6186.6681,1456.9539
83367,6199.4117,1748.6179
83368,6187.2023,1647.7111
83369,6189.5751,1522.9285
83370,6206.4919,1749.4641
83371,6177.6867,1318.1716
83372,6186.1947,1700.4
83373,6200.355,1527.213
83374,6200.7365,1337.7073
83375,6190.6374,1939.4331
83376,6176.409,1356.8421
83377,6167.9617,1645.4337
83378,6181.0163,1627.3643
83379,6174.3317,1507.3175
83380,6172.6278,1991.7371
83381,6179.5188,1933.8431
83382,6182.4372,1385.1036
83383,6180.7808,1989.3808
83384,6157.0806,1507.3578
83385,6175.2602,1621.651
83386,6174.1341,1933.9701
83387,6157.8077,1970.6312
83388,6156.2606,1648.5019
83389,6155.1132,1600.4581
83390,6155.2998,1698.0232
83391,6157.1812,1984.731
83392,6148.0468,1650.1026
83393,6159.3026,1597.6488
83394,6162.4499,1620.3002
83395,6149.0359,1843.8004
83396,6162.9879,1600.1324
83397,6151.5528,1904.9089
83398,6134.7681,1953.7836
83399,6143.8285,1833.7913
83400,6154.5307,1956.7624
83401,6151.2738,1469.3795
83402,6153.98,1803.4371
83403,6153.6031,1799.0388
83404,6139.6905,1801.4228
83405,6138.5482,1275.584
83406,6119.4746,1952.6008
83407,6123.4988,1595.8602
83408,6125.1166,2000.8664
83409,6132.1146,1720.3543
83410,6138.1237,1499.7979
83411,6141.008,1861.2307
83412,6127.1715,1952.6505
83413,6122.8008,1584.0338
83414,6114.8814,1510.548
83415,6105.28,1629.0399
83416,6112.8984,1454.6059
83417,6126.2226,1436.5486
83418,6112.9805,1735.838
83419,6110.5577,1481.7212
83420,6119.581,1786.5415
83421,6108.0031,1877.2357
83422,6103.3225,1713.1829
83423,6110.2458,1436.0923
83424,6107.4621,1981.9326
83425,6098.906,2001.5014
83426,6090.8326,1665.0651
83427,6088.2527,1449.3293
83428,6086.3397,1938.5712
83429,6095.3715,1382.962
83430,6086.9882,1564.09
83431,6092.9574,1948.2449
83432,6087.8466,1446.9097
83433,6099.3458,1699.8805
83434,6092.2861,1799.4236
83435,6096.4478,1721.0832
83436,6074.7766,1920.2545
83437,6082.5782,1617.1783
83438,6076.3675,1590.9969
83439,6094.1037,1250.8045
83440,6065.5686,1647.6346
83441,6061.854,1497.5109
83442,6068.1767,1949.5976
83443,6076.007,1921.4177
83444,6073.1583,1730.3584
83445,6067.4915,1516.8642
83446,6064.7552,1746.5021
83447,6072.3833,1472.5367
83448,6061.6436,1651.254
83449,6071.3583,1250.2722
83450,6072.0343,1266.5658
83451,6059.1445,1876.6251
83452,6043.9555,1630.0881
83453,6061.1441,1770.0397
83454,6053.0771,1711.5182
83455,6056.0777,1322.9222
83456,6057.5266,1671.8391
83457,6050.3745,1722.451
83458,6062.7438,1396.8496
83459,6051.1514,1779.0821
83460,6043.1515,1779.3774
83461,6050.3631,1968.3312
83462,6027.8474,1855.5413
83463,6035.0894,1694.9295
83464,6045.6733,1743.9223
83465,6049.3222,1974.6853
83466,6032.2282,1774.0119
83467,6028.042,1281.2673
83468,6020.6588,1807.3077
83469,6023.0168,1441.6936
83470,6016.5971,1646.5518
83471,6040.6699,1620.8569
83472,6028.6429,1848.0832
83473,6038.868,1767.4605
83474,6021.2107,1621.4541
83475,6035.7611,1795.0148
83476,6029.3598,1454.3199
83477,6024.7352,1772.5743
83478,6012.4038,1357.5798
83479,6006.2362,1741.5764
83480,6018.6486,1445.6743
83481,6013.946,1817.8971
83482,6009.9541,1240.1873
83483,6003.6493,1876.0503
83484,6007.4254,1870.7
83485,6003.6486,1822.3459
83486,5993.8984,1915.8168
83487,6003.0753,1527.4989
83488,5987.5199,1495.554
83489,6010.0678,1700.0183
83490,5993.9145,1968.6967
83491,6004.2174,1517.546
83492,5999.6468,1750.2725
83493,6003.065,1429.4045
83494,5984.0623,1834.5127
83495,5977.2156,1418.1726
83496,5991.5401,1712.526
83497,5976.1737,1493.6265
83498,5979.2765,1562.6412
83499,5967.8341,1366.2705
83500,5978.4445,1353.1168
83501,5973.0585,1729.0321
83502,5965.4711,1513.6242
83503,5982.2611,1656.7644
83504,5961.6537,1694.2331
83505,5964.9047,1755.7947
83506,5975.947,1308.9309
83507,5960.9456,1839.2236
83508,5969.7148,1954.5595
83509,5978.1213,1231.4896
83510,5978.1889,1706.0208
83511,5957.6518,1797.9802
83512,5950.2087,1241.8153
83513,5960.1098,1580.17
83514,5950.6516,1251.6911
83515,5955.2627,1754.3455
83516,5961.2045,1953.2217
83517,5949.7423,1894.6255
83518,5944.8093,1384.197
83519,5963.1167,1421.6139
83520,5938.0307,1572.612
83521,5933.1167,1525.44
83522,5932.7426,1685.2148
83523,5944.1813,1654.6639
83524,5939.405,1527.921
83525,5940.3842,1333.7371
83526,5936.7936,1740.2418
83527,5945.6753,1367.6217
83528,5945.1674,1359.2165
83529,5939.7858,1885.0258
83530,5921.7603,1305.3076
83531,5926.41,1676.9624
83532,5939.83,1602.2358
83533,5937.4035,1784.6467
83534,5929.5523,1414.1316
83535,5919.7604,1454.4615
83536,5933.2433,1838.9866
83537,5919.126,1387.0573
83538,5924.1355,1819.3579
83539,5926.5127,1932.6774
83540,5915.6955,1701.1345
83541,5918.3577,1622.0844
83542,5926.0669,1812.1749
83543,5900.2977,1831.2458
83544,5920.6269,1437.8673
83545,5893.2738,1848.7574
83546,5892.1594,1456.5123
83547,5898.8602,1707.7358
83548,5889.8974,1792.5707
83549,5895.3795,1651.6931
83550,5909.1599,1802.3468
83551,5905.1697,1751.8769
83552,5909.9522,1333.5071
83553,5902.4938,1423.5392
83554,5883.5426,1927.8358
83555,5880.9935,1749.2938
83556,5901.6431,1896.1981
83557,5885.9782,1799.2603
83558,5880.5658,1223.3171
83559,5885.9184,1524.1291
83560,5869.7537,1675.1867
83561,5886.9855,1284.1801
83562,5885.9376,1847.372
83563,5869.2214,1705.4533
83564,5890.1181,1622.5145
83565,5872.4997,1494.8933
83566,5883.5513,1412.7226
83567,5876.0015,1595.6225
83568,5881.7381,1431.7197
83569,5880.9822,1482.7492
83570,5865.6668,1911.8878
83571,5866.3879,1421.9357
83572,5852.5887,1564.9057
83573,5878.1866,1404.1541
83574,5849.6718,1690.9996
83575,5867.7412,1365.1662
83576,5849.995,1893.0483
83577,5860.7325,1868.2743
83578,5851.7994,1864.5514
83579,5840.9539,1222.9461
83580,5864.2178,1367.2301
83581,5854.8977,1841.5678
83582,5844.3514,1667.4695
83583,5833.9767,1841.872
83584,5839.8093,1849.8843
83585,5844.1322,1907.3464
83586,5848.3985,1394.1878
83587,5843.583,1450.5575
83588,5830.7946,1490.3895
83589,5841.1147,1913.5856
83590,5825.4053,1189.6787
83591,5828.8631,1906.2173
83592,5831.6173,1396.7843
83593,5841.2984,1397.6218
83594,5837.939,1915.8248
83595,5823.7055,1632.189
83596,5828.4747,1573.5141
83597,5820.9355,1780.2809
83598,5814.1413,1516.8358
83599,5819.5405,1512.0845
83600,5811.9128,1196.7516
83601,5814.7963,1803.41
83602,5809.9852,1746.2636
83603,5812.0306,1703.6398
83604,5806.1477,1898.089
83605,5827.3377,1855.7546
83606,5808.2549,1784.6113
83607,5800.7521,1474.789
83608,5794.3473,1324.1529
83609,5801.6496,1181.1906
83610,5810.508,1579.8441
83611,5818.4385,1481.9286
83612,5811.0253,1279.2153
83613,5793.3633,1364.8781
83614,5794.0075,1471.1726
83615,5795.2042,1193.253
83616,5793.801,1703.9689
83617,5783.6241,1474.4232
83618,5795.3903,1552.7106
83619,5783.6809,1817.3685
83620,5798.6027,1738.4188
83621,5776.5502,1201.6289
83622,5785.64,1706.5554
83623,5776.9828,1524.1971
83624,5772.7986,1345.3817
83625,5780.8018,1860.4668
83626,5780.3608,1497.0438
83627,5780.504,1744.5094
83628,5771.4676,1887.1008
83629,5773.0993,1467.7353
83630,5775.812,1825.4008
83631,5778.8307,1606.409
83632,5762.0546,1334.8155
83633,5784.2942,1723.3426
83634,5754.5334,1545.9417
83635,5768.9051,1827.8521
83636,5771.0339,1794.1573
83637,5774.357,1418.5844
83638,5770.4029,1543.2509
83639,5751.1767,1227.357
83640,5754.6203,1881.8186
83641,5760.2297,1652.6506
83642,5742.5382,1273.3064
83643,5762.2527,1496.1059
83644,5756.1331,1825.1715
83645,5747.1098,1888.9069
83646,5739.8489,1459.3281
83647,5762.3236,1171.3326
83648,5753.9887,1263
83649,5754.9787,1849.6738
83650,5730.3697,1653.4834
83651,5735.7593,1551.0554
83652,5734.1324,1743.7193
83653,5725.7777,1208.891
83654,5725.0778,1479.7396
83655,5740.9242,1838.9679
83656,5732.0257,1258.8866
83657,5744.3938,1725.6294
83658,5742.991,1813.7242
83659,5728.746,1341.0591
83660,5734.7415,1839.4777
83661,5724.688,1554.7356
83662,5724.5149,1288.2219
83663,5722.8174,1307.6535
83664,5722.0553,1493.102
83665,5730.6454,1513.816
83666,5726.907,1658.3089
83667,5724.3397,1739.781
83668,5723.787,1640.5839
83669,5715.5288,1860.6632
83670,5728.2212,1406.1962
83671,5699.6867,1381.4661
83672,5708.6591,1198.316
83673,5712.6969,1805.4188
83674,5718.5379,1668.2353
83675,5719.85,1336.1567
83676,5713.468,1851.8119
83677,5713.2078,1376.0108
83678,5705.1158,1579.1113
83679,5712.0127,1230.5639
83680,5695.9088,1688.262
83681,5688.3724,1719.2254
83682,5692.3468,1816.3304
83683,5689.5213,1438.7975
83684,5679.726,1221.7349
83685,5694.706,1486.0153
83686,5699.3274,1522.8145
83687,5683.8797,1738.0339
83688,5676.495,1599.305
83689,5689.7995,1488.1993
83690,5695.1935,1870.6022
83691,5675.2542,1279.8922
83692,5680.7432,1638.2563
83693,5691.1067,1683.3632
83694,5690.9073,1202.587
83695,5686.9965,1671.9916
83696,5689.4458,1718.6751
83697,5684.2593,1517.0594
83698,5665.6214,1476.764
83699,5664.8333,1379.1509
83700,5658.3541,1548.7483
83701,5654.7728,1401.5916
83702,5677.8424,1582.1594
83703,5657.7283,1473.9943
83704,5658.8443,1162.4937
83705,5671.2826,1520.2372
83706,5667.7152,1188.2324
83707,5665.0773,1482.5132
83708,5657.7107,1782.7622
83709,5642.383,1397.9569
83710,5652.0825,1171.898
83711,5658.056,1347.4846
83712,5655.4508,1175.6667
83713,5664.3776,1613.1272
83714,5657.5672,1268.8199
83715,5660.956,1682.5186
83716,5651.739,1626.4893
83717,5657.3027,1832.5771
83718,5655.3071,1801.7686
83719,5629.6345,1472.6392
83720,5637.5372,1803.0608
83721,5649.1662,1734.629
83722,5636.7983,1541.9839
83723,5630.7088,1751.9456
83724,5624.4423,1749.1944
83725,5626.6623,1621.8815
83726,5624.913,1476.4368
83727,5629.9041,1155.8759
83728,5638.5091,1183.0934
83729,5622.0985,1325.616
83730,5626.087,1404.0851
83731,5629.896,1183.7755
83732,5621.1034,1797.1936
83733,5616.8481,1449.5698
83734,5610.3538,1749.8674
83735,5611.2499,1622.4658
83736,5621.2377,1404.2361
83737,5614.9627,1798.4209
83738,5610.7995,1620.267
83739,5614.6191,1681.3421
83740,5622.7911,1839.8599
83741,5603.6177,1793.2341
83742,5609.2508,1722.0349
83743,5621.0263,1680.417
83744,5614.9676,1721.4238
83745,5607.8173,1808.5795
83746,5597.2125,1649.5778
83747,5611.0897,1611.453
83748,5590.4456,1578.3842
83749,5599.3311,1723.3083
83750,5601.0248,1453.0128
83751,5607.0691,1732.5702
83752,5595.0187,1145.8943
83753,5603.6516,1833.5795
83754,5589.2332,1257.5791
83755,5589.4618,1651.5268
83756,5594.5459,1613.3392
83757,5595.4222,1753.6035
83758,5590.7783,1239.5321
83759,5576.5226,1418.701
83760,5569.661,1699.7007
83761,5577.1231,1400.4654
83762,5591.6442,1469.534
83763,5589.4235,1828.5907
83764,5589.0209,1685.8115
83765,5566.3541,1651.8077
83766,5584.6229,1639.02
83767,5560.7426,1227.3926
83768,5581.6924,1600.5871
83769,5574.3231,1147.2174
83770,5571.5834,1563.348
83771,5577.5793,1581.1075
83772,5567.4761,1578.8495
83773,5552.3699,1672.5803
83774,5569.9599,1593.6977
83775,5567.3253,1654.8786
83776,5573.9168,1197.0928
83777,5570.6885,1294.8982
83778,5550.2117,1401.0125
83779,5552.2261,1185.3323
83780,5548.3692,1459.1439
83781,5563.2292,1370.9017
83782,5558.6928,1505.5787
83783,5560.9992,1457.4399
83784,5560.8158,1186.117
83785,5549.665,1507.9902
83786,5534.096,1537.4761
83787,5532.2932,1749.3905
83788,5550.0893,1409.8168
83789,5548.9993,1393.0831
83790,5540.5396,1312.8519
83791,5528.4858,1141.2608
83792,5549.3592,1308.9883
83793,5544.7025,1794.7133
83794,5544.914,1283.2521
83795,5547.6227,1522.2072
83796,5537.2799,1505.0322
83797,5540.1487,1658.5443
83798,5522.0532,1514.6051
83799,5523.263,1700.9938
83800,5536.9896,1280.9813
83801,5517.6076,1794.2934
83802,5516.1081,1157.2287
83803,5510.2611,1183.7765
83804,5527.3488,1172.3246
83805,5514.6727,1586.1664
83806,5512.5014,1363.6563
83807,5521.1534,1271.6201
83808,5507.0853,1741.3399
83809,5513.2279,1800.2831
83810,5521.0414,1620.2046
83811,5524.8562,1790.5958
83812,5498.9583,1284.31
83813,5503.2482,1728.6569
83814,5514.6695,1493.3217
83815,5499.3217,1335.0477
83816,5505.7213,1316.195
83817,5503.272,1295.0705
83818,5498.9163,1299.1118
83819,5496.2747,1625.9351
83820,5490.959,1307.3131
83821,5500.7904,1444.657
83822,5509.6249,1724.1289
83823,5498.3386,1367.7682
83824,5490.1524,1145.1931
83825,5496.1404,1473.4593
83826,5497.8411,1590.8761
83827,5489.6449,1631.5615
83828,5502.4198,1265.9915
83829,5486.0159,1771.3253
83830,5495.2615,1195.9726
83831,5472.9583,1783.5162
83832,5490.5902,1672.78
83833,5469.8533,1529.9746
83834,5468.9711,1453.8621
83835,5490.2156,1633.8431
83836,5469.9683,1569.5064
83837,5475.7226,1178.8832
83838,5474.5033,1540.3338
83839,5476.3176,1301.836
83840,5469.7846,1575.6714
83841,5459.5585,1179.2142
83842,5460.3589,1175.8521
83843,5475.3885,1624.409
83844,5476.1721,1159.6492
83845,5454.9569,1453.762
83846,5457.8697,1607.5461
83847,5456.3837,1319.9595
83848,5449.579,1284.189
83849,5461.4173,1766.6775
83850,5446.4199,1636.1674
83851,5464.8961,1442.0057
83852,5451.9452,1604.8319
83853,5465.4821,1704.7232
83854,5459.2407,1260.3428
83855,5441.7433,1215.0931
83856,5439.4342,1716.4555
83857,5439.0617,1498.0953
83858,5448.53,1626.0238
83859,5438.9854,1412.0395
83860,5455.7945,1696.2646
83861,5458.9653,1400.5378
83862,5453.2609,1256.1577
83863,5451.1753,1782.8018
83864,5448.5308,1459.102
83865,5446.2469,1764.3976
83866,5436.285,1154.3984
83867,5432.9798,1196.6204
83868,5424.8297,1388.5639
83869,5439.3834,1527.0645
83870,5441.3099,1745.6062
83871,5427.0847,1570.087
83872,5428.0042,1348.717
83873,5419.3261,1489.0919
83874,5422.2535,1649.6817
83875,5429.1916,1744.0546
83876,5417.4784,1105.3653
83877,5434.6668,1493.3415
83878,5422.4714,1246.0347
83879,5411.8176,1160.3482
83880,5421.9783,1476.9657
83881,5428.1985,1115.5226
83882,5423.785,1707.9553
83883,5408.5388,1625.2294
83884,5407.6479,1671.3343
83885,5417.7549,1487.2674
83886,5410.0349,1262.883
83887,5418.0463,1368.1305
83888,5401.0564,1292.6915
83889,5410.1928,1497.7282
83890,5412.2012,1218.6219
83891,5401.6756,1641.8228
83892,5415.6006,1527.3315
83893,5392.7943,1563.5837
83894,5394.8878,1756.0061
83895,5395.2135,1318.4978
83896,5398.3642,1755.0384
83897,5388.7959,1152.1131
83898,5390.6804,1604.253
83899,5385.7274,1221.6622
83900,5384.5233,1741.4633
83901,5393.0405,1194.6272
83902,5391.5335,1430.6856
83903,5394.9283,1540.9934
83904,5385.944,1557.2858
83905,5382.7236,1641.6729
83906,5397.8491,1566.1414
83907,5396.2205,1302.9731
83908,5385.617,1175.8826
83909,5381.9755,1748.0687
83910,5376.3135,1358.5078
83911,5371.8838,1333.8288
83912,5371.5018,1491.4031
83913,5382.1775,1630.4216
83914,5378.3914,1505.2766
83915,5386.386,1515.9894
83916,5377.7184,1501.8262
83917,5375.8118,1673.4464
83918,5380.1908,1139.9737
83919,5367.0413,1722.8606
83920,5379.6409,1491.1184
83921,5366.3786,1758.7785
83922,5365.7525,1247.7781
83923,5374.3139,1656.0571
83924,5356.9662,1374.8589
83925,5355.8651,1418.0547
83926,5373.0253,1269.6429
83927,5354.1897,1159.3836
83928,5347.6845,1423.2482
83929,5354.2941,1746.8875
83930,5368.9693,1580.1123
83931,5352.4263,1155.9529
83932,5345.0516,1741.6192
83933,5346.0435,1252.2692
83934,5356.7338,1185.9652
83935,5363.0938,1500.6885
83936,5337.1204,1511.5855
83937,5338.4797,1695.1918
83938,5357.1533,1357.8755
83939,5341.3308,1426.6374
83940,5342.7689,1140.1364
83941,5338.3817,1631.5023
83942,5334.1924,1576.2958
83943,5337.6263,1612.5608
83944,5328.7201,1445.3698
83945,5338.2078,1373.8423
83946,5334.0787,1603.6297
83947,5327.2043,1161.5134
83948,5334.9007,1680.9808
83949,5346.4517,1494.4365
83950,5330.7302,1652.445
83951,5341.1124,1691.5125
83952,5342.2507,1502.4722
83953,5322.3115,1180.1917
83954,5335.578,1523.4863
83955,5316.6411,1151.4481
83956,5335.261,1747.7119
83957,5335.4033,1728.1968
83958,5313.8136,1587.3215
83959,5311.3063,1361.3993
83960,5313.6995,1211.5122
83961,5322.9858,1165.9096
83962,5324.1839,1736.0609
83963,5326.4435,1215.4469
83964,5307.2104,1189.0738
83965,5324.4788,1456.3896
83966,5308.7518,1551.4103
83967,5304.0683,1572.1692
83968,5310.7648,1406.5008
83969,5310.6851,1510.2589
83970,5316.4487,1623.188
83971,5310.2642,1573.0323
83972,5316.1797,1279.5968
83973,5310.0639,1462.2516
83974,5296.5832,1296.9039
83975,5293.0403,1142.8716
83976,5304.778,1435.1352
83977,5300.7737,1515.2168
83978,5289.3473,1661.6505
83979,5290.7778,1481.5088
83980,5290.1018,1293.1725
83981,5286.546,1494.9247
83982,5291.265,1670.764
83983,5287.5681,1683.1061
83984,5287.069,1723.2597
83985,5286.0038,1735.5267
83986,5279.4671,1575.327
83987,5283.6879,1442.9536
83988,5278.5343,1594.0561
83989,5288.7202,1284.1777
83990,5295.0523,1603.1825
83991,5272.2106,1419.7091
83992,5282.0328,1089.6678
83993,5279.2448,1255.5129
83994,5290.1896,1422.9323
83995,5271.2212,1224.0801
83996,5287.8721,1579.1476
83997,5262.1666,1603.8341
83998,5279.9537,1594.2546
83999,5275.9964,1709.0763
84000,5280.6557,1293.176
84001,5275,1247.5464
84002,5274.0347,1118.5264
84003,5273.3866,1653.6989
84004,5260.4914,1660.5006
84005,5261.171,1635.2862
84006,5260.9357,1085.1748
84007,5275.5218,1266.8845
84008,5250.841,1284.4979
84009,5252.7841,1475.2461
84010,5262.2055,1166.8802
84011,5265.9417,1082.5105
84012,5259.836,1639.5411
84013,5252.0386,1622.8812
84014,5267.584,1138.4041
84015,5250.3811,1430.4421
84016,5242.0914,1698.1751
84017,5241.6129,1301.91
84018,5261.8061,1685.4657
84019,5254.5921,1653.3437
84020,5247.9418,1510.3906
84021,5259.3297,1448.2943
84022,5252.9692,1316.5442
84023,5253.9695,1379.4085
84024,5242.5113,1624.6007
84025,5235.8853,1155.8299
84026,5246.4823,1166.5941
84027,5233.0065,1090.6568
84028,5226.5443,1534.1986
84029,5245.2719,1548.366
84030,5237.9582,1457.3913
84031,5227.3926,1489.8391
84032,5243.5206,1622.522
84033,5225.9722,1241.7527
84034,5229.308,1612.9995
84035,5228.8317,1084.5309
84036,5217.0517,1342.7186
84037,5215.5213,1150.0381
84038,5222.0123,1190.2837
84039,5228.8636,1087.2414
84040,5214.7727,1329.4164
84041,5232.2868,1424.3805
84042,5216.6757,1587.6234
84043,5218.2816,1158.0259
84044,5218.3271,1175.6402
84045,5219.5471,1136.7634
84046,5205.8232,1255.3528
84047,5220.6091,1103.1504
84048,5213.6919,1649.4414
84049,5220.1368,1415.1625
84050,5221.9286,1449.0549
84051,5221.3867,1420.4809
84052,5219.0709,1154.8855
84053,5213.7013,1174.8608
84054,5217.9876,1323.2533
84055,5217.3321,1557.6711
84056,5203.4781,1436.7688
84057,5192.6889,1379.3231
84058,5204.4989,1470.0537
84059,5202.616,1288.4545
84060,5192.2775,1137.0631
84061,5191.7788,1589.0982
84062,5200.4276,1527.5275
84063,5207.1693,1637.1716
84064,5207.4088,1613.2147
84065,5207.6985,1367.4263
84066,5191.5433,1669.3488
84067,5205.1764,1429.4652
84068,5185.6457,1636.5262
84069,5187.0573,1241.71
84070,5193.984,1566.558
84071,5178.9009,1187.3939
84072,5190.1028,1623.2804
84073,5185.3392,1380.8627
84074,5198.1676,1361.9341
84075,5195.4194,1694.6525
84076,5194.2611,1571.2921
84077,5190.4579,1685.24
84078,5188.2172,1208.5329
84079,5175.2049,1423.21
84080,5183.7951,1459.1636
84081,5167.8706,1257.8679
84082,5165.1228,1518.0442
84083,5176.9741,1593.5795
84084,5161.548,1441.6115
84085,5176.8977,1346.2245
84086,5182.4221,1670.4546
84087,5178.4708,1575.9013
84088,5161.3214,1624.7668
84089,5174.3279,1467.4263
84090,5179.0501,1532.0476
84091,5170.5698,1294.4354
84092,5158.864,1536.5387
84093,5161.0812,1121.2338
84094,5151.9229,1356.4714
84095,5155.1814,1427.1501
84096,5156.3078,1646.6114
84097,5151.4157,1360.7364
84098,5151.3969,1368.9681
84099,5168.7977,1583.5092
84100,5154.3582,1618.9443
84101,5142.5513,1317.5091
84102,5155.4351,1313.0588
84103,5152.8037,1163.5659
84104,5156.72,1675.9373
84105,5155.4809,1428.4221
84106,5162.1309,1410.9599
84107,5144.6795,1049.1885
84108,5156.6565,1260.2144
84109,5134.3786,1469.469
84110,5139.6432,1551.5706
84111,5143.5079,1292.8345
84112,5137.637,1398.8856
84113,5139.1365,1502.3495
84114,5134.7466,1671.5324
84115,5138.5406,1154.9508
84116,5129.9945,1351.8102
84117,5136.9486,1159.8384
84118,5131.0598,1406.8437
84119,5125.267,1387.9195
84120,5138.1974,1353.1484
84121,5139.3034,1123.1025
84122,5140.7737,1153.1101
84123,5122.3288,1307.6215
84124,5131.6376,1138.2824
84125,5137.3491,1231.7406
84126,5131.126,1322.115
84127,5129.7018,1581.5631
84128,5122.6305,1421.4047
84129,5111.86,1184.2487
84130,5127.0207,1363.4703
84131,5130.369,1181.978
84132,5118.4306,1186.5782
84133,5114.2551,1638.7703
84134,5119.3295,1477.1041
84135,5116.7026,1542.1016
84136,5118.4825,1503.0325
84137,5125.1071,1210.0092
84138,5120.3334,1184.9855
84139,5109.6944,1261.9636
84140,5108.796,1532.7346
84141,5112.1392,1507.8987
84142,5112.2986,1492.4643
84143,5111.8528,1656.9921
84144,5110.6714,1139.4007
84145,5110.0492,1637.3967
84146,5105.245,1147.27
84147,5110.355,1231.2931
84148,5113.1561,1058.9511
84149,5100.3528,1103.204
84150,5108.4529,1175.3216
84151,5109.8752,1231.4365
84152,5111.5181,1175.5133
84153,5092.8148,1340.5924
84154,5094.7955,1460.1401
84155,5108.4105,1337.8081
84156,5101.6598,1409.8564
84157,5088.3541,1264.5384
84158,5099.6593,1578.6729
84159,5090.2986,1268.6955
84160,5097.5739,1523.807
84161,5086.1222,1601.9526
84162,5077.5129,1301.8723
84163,5091.2748,1052.6734
84164,5094.3361,1252.9786
84165,5079.3233,1560.4706
84166,5083.9917,1518.1774
84167,5084.9207,1111.3596
84168,5078.9656,1353.0975
84169,5082.5881,1351.9873
84170,5070.711,1152.4448
84171,5070.4727,1557.2366
84172,5074.2893,1413.7559
84173,5084.0809,1652.2358
84174,5078.3281,1381.9532
84175,5084.0676,1585.8024
84176,5079.7695,1555.2762
84177,5082.4013,1325.781
84178,5083.2919,1250.6739
84179,5077.5573,1099.2357
84180,5074.6157,1605.5807
84181,5077.2677,1502.2997
84182,5075.9934,1090.3686
84183,5059.4096,1596.4885
84184,5058.7501,1282.1024
84185,5073.7564,1607.4883
84186,5067.617,1321.5253
84187,5070.6534,1160.8784
84188,5070.4791,1292.9619
84189,5069.6974,1176.5178
84190,5067.0282,1558.5161
84191,5064.2141,1185.5795
84192,5050.2209,1564.0729
84193,5057.7803,1189.1094
84194,5044.9143,1280.9698
84195,5052.7402,1214.3617
84196,5052.3304,1242.8928
84197,5049.0982,1030.8181
84198,5042.8166,1068.3437
84199,5047.0986,1099.3475
84200,5048.7632,1117.3261
84201,5056.1475,1243.9181
84202,5054.6848,1230.5398
84203,5040.0902,1167.6255
84204,5036.8171,1399.1096
84205,5038.1682,1536.0916
84206,5043.137,1634.2164
84207,5052.9748,1643.3198
84208,5042.4112,1609.9978
84209,5049.2895,1227.14
84210,5043.0641,1025.329
84211,5043.8482,1207.4911
84212,5038.4884,1514.2354
84213,5046.9757,1297.894
84214,5038.9231,1470.6698
84215,5031.2662,1476.6286
84216,5036.4157,1359.2236
84217,5035.9151,1305.789
84218,5022.1805,1263.5565
84219,5041.0562,1474.852
84220,5035.8884,1412.6682
84221,5017.9589,1341.6976
84222,5035.2326,1329.6512
84223,5021.9489,1048.8513
84224,5026.9639,1431.709
84225,5030.1299,1486.2286
84226,5021.4162,1049.6238
84227,5026.9146,1447.5026
84228,5027.7469,1530.3387
84229,5029.1811,1337.9245
84230,5018.8475,1037.1218
84231,5005.9074,1111.4534
84232,5028.5835,1273.2392
84233,5023.8639,1595.1759
84234,5010.3097,1169.9481
84235,5011.6649,1485.5334
84236,5013.9251,1565.2739
84237,5004.6169,1256.6135
84238,5010.6922,1312.1814
84239,5010.0862,1638.1285
84240,5012.6157,1368.5394
84241,5016.3271,1181.4179
84242,5016.82,1498.2541
84243,4994.6474,1570.4106
84244,5005.6532,1367.0167
84245,5003.5588,1557.6871
84246,4997.0879,1417.9308
84247,5003.1304,1466.0856
84248,5005.1777,1366.7995
84249,4998.9694,1194.2464
84250,5002.3016,1537.3565
84251,4986.5424,1590.1074
84252,5004.6443,1429.9361
84253,4999.2615,1386.1726
84254,4995.875,1566.3524
84255,5000.6045,1617.6455
84256,4995.1949,1617.2899
84257,4997.2623,1606.5647
84258,4984.3377,1477.183
84259,4986.6948,1337.8409
84260,4997.6442,1513.4109
84261,4987.6209,1320.457
84262,4975.6816,1330.144
84263,4979.4487,1175.7486
84264,4994.7084,1162.458
84265,4982.8689,1048.058
84266,4978.5847,1348.5959
84267,4984.392,1120.4882
84268,4982.1743,1272.1952
84269,4991.501,1235.3773
84270,4975.1658,1093.5578
84271,4981.6279,1444.4255
84272,4980.9161,1550.5089
84273,4979.1613,1300.1232
84274,4984.7345,1155.2132
84275,4973.5174,1376.8066
84276,4961.6929,1349.2473
84277,4967.5794,1028.6224
84278,4981.5471,1629.3759
84279,4972.4686,1124.165
84280,4976.4232,1592.18
84281,4960.1905,1115.7379
84282,4979.3238,1286.4689
84283,4966.9421,1138.8233
84284,4972.8368,1419.3324
84285,4960.8479,1433.6302
84286,4967.779,1495.0079
84287,4955.2944,1272.2755
84288,4965.8088,1103.9197
84289,4959.7919,1218.3322
84290,4955.5227,1540.4601
84291,4949.7651,1249.2561
84292,4961.2125,1050.9601
84293,4961.651,1579.3615
84294,4963.5845,1411.1069
84295,4960.9038,1223.8009
84296,4941.7325,1098.3229
84297,4951.8419,1300.8882
84298,4947.2648,1111.3713
84299,4942.2174,1360.7854
84300,4948.3675,1144.3778
84301,4941.4323,1451.3205
84302,4956.6306,1023.7655
84303,4936.8553,1241.5021
84304,4946.3057,1313.2849
84305,4938.8086,1120.7043
84306,4932.8751,1618.3476
84307,4937.5866,1300.6089
84308,4941.7605,1126.4048
84309,4932.8888,1478.4837
84310,4941.6268,1318.1045
84311,4928.6991,1101.2127
84312,4948.9029,1202.4982
84313,4936.9142,1500.3995
84314,4940.698,1539.6002
84315,4945.2346,1536.843
84316,4925.5606,1344.8441
84317,4938.4583,1427.7458
84318,4937.4911,1315.9853
84319,4937.6581,1332.871
84320,4940.4768,1085.596
84321,4923.5567,1562.4378
84322,4937.8063,1442.8362
84323,4932.7341,1471.9236
84324,4923.5066,1574.3796
84325,4914.2238,1428.4022
84326,4917.8714,1108.5604
84327,4916.4207,1092.2874
84328,4930.5419,1428.7695
84329,4911.1464,1177.7765
84330,4915.2046,1298.0102
84331,4929.7983,1599.6406
84332,4929.9808,1413.8165
84333,4921.2764,1412.0923
84334,4922.033,1304.2594
84335,4914.1169,1400.1889
84336,4915.5411,1119.869
84337,4916.6937,1557.2499
84338,4903.7314,1230.7902
84339,4906.5453,1469.1327
84340,4909.8174,1587.5928
84341,4908.0102,1308.6829
84342,4902.5317,1000.3884
84343,4914.5907,1531.7746
84344,4918.5543,1552.1809
84345,4896.8534,1274.3429
84346,4913.1574,1188.2169
84347,4910.2146,1327.9334
84348,4909.9993,1103.5826
84349,4913.9347,1580.1913
84350,4907.0933,1070.8991
84351,4898.4183,1232.028
84352,4910.6683,1042.3859
84353,4904.8044,1568.8362
84354,4889.4932,1177.6012
84355,4898.951,1256.691
84356,4888.2129,1605.2234
84357,4884.8514,1432.5599
84358,4883.3854,1389.6088
84359,4896.7376,1488.7887
84360,4892.9433,1269.1424
84361,4897.0872,1557.0926
84362,4885.9487,1439.2094
84363,4878.4628,1221.7771
84364,4891.5039,1384.786
84365,4886.6991,1489.8948
84366,4878.3786,1133.3659
84367,4883.1493,1054.3061
84368,4887.496,1550.3104
84369,4886.1661,1198.522
84370,4872.1191,1504.5891
84371,4880.0048,1296.4994
84372,4880.0273,1044.8902
84373,4883.6151,1587.9734
84374,4873.1771,1073.7899
84375,4876.351,1164.3818
84376,4876.8824,1513.1573
84377,4868.5712,1028.1145
84378,4870.5651,1556.6691
84379,4883.5211,1033.9163
84380,4872.9906,1195.3231
84381,4871.8886,1250.9672
84382,4885.3151,1381.5417
84383,4870.1604,1213.8379
84384,4876.1025,1309.4571
84385,4865.0336,1158.7625
84386,4869.4121,997.0385
84387,4866.8301,1079.8883
84388,4857.65,1242.8767
84389,4869.6184,1124.4191
84390,4860.6388,1466.1075
84391,4873.5603,1222.8211
84392,4871.7478,1116.6095
84393,4873.7831,1504.9886
84394,4863.8962,1427.2203
84395,4851.0948,1283.4671
84396,4867.7344,1134.7454
84397,4870.5825,1248.0228
84398,4853.5365,1514.749
84399,4869.0421,1420.5416
84400,4854.1691,1500.4191
84401,4861.6371,1360.3053
84402,4864.5667,1509.1497
84403,4847.0045,1184.656
84404,4855.8108,1280.9688
84405,4841.3373,1012.34
84406,4843.4207,1533.0544
84407,4862.448,1139.5126
84408,4850.6487,1331.8429
84409,4855.972,1440.855
84410,4852.7749,1026.4531
84411,4846.6253,1304.1213
84412,4838.2644,1213.3319
84413,4857.5501,1145.7582
84414,4843.3291,1532.5885
84415,4834.3429,1172.0593
84416,4836.0315,1145.6952
84417,4851.5657,1524.6901
84418,4843.9315,1055.0381
84419,4852.3175,1468.0297
84420,4843.7147,1477.0198
84421,4835.5102,1207.0421
84422,4826.4615,1466.271
84423,4837.4852,1165.2223
84424,4830.1349,1069.0616
84425,4839.7558,1337.26
84426,4824.9949,1027.8288
84427,4831.3786,1088.9017
84428,4828.5032,1134.556
84429,4827.081,1450.7635
84430,4832.0877,1587.9204
84431,4831.2917,1244.8397
84432,4818.8791,1449.8157
84433,4819.7361,1254.7508
84434,4822.4159,1043.102
84435,4834.4606,1423.3566
84436,4813.7891,1285.9351
84437,4827.9874,1371.965
84438,4833.1502,1442.8666
84439,4811.1521,1110.8884
84440,4821.7964,1112.2327
84441,4830.5924,1575.1278
84442,4815.2319,1518.9545
84443,4827.8605,1242.5329
84444,4813.7959,1570.178
84445,4821.2848,1459.04
84446,4810.443,1438.0669
84447,4819.8434,1398.9183
84448,4817.8939,1220.662
84449,4822.0049,1534.5405
84450,4818.6453,1275.7792
84451,4803.9356,1301.9859
84452,4804.1277,1474.4457
84453,4808.6871,1557.5505
84454,4818.8065,1451.2658
84455,4798.8388,1342.0377
84456,4801.8265,1461.478
84457,4805.6883,1514.9814
84458,4811.9647,1577.3895
84459,4802.686,1143.9348
84460,4793.7759,1385.5727
84461,4805.3077,1196.3357
84462,4800.1935,1327.4314
84463,4812.6783,1438.3683
84464,4811.3486,1396.6772
84465,4793.1594,973.9783
84466,4801.9739,1001.6454
84467,4799.0507,1328.8181
84468,4791.2387,1548.7528
84469,4794.8767,1249.9561
84470,4785.5308,1213.2421
84471,4791.9162,1149.9554
84472,4784.0078,1438.1608
84473,4788.8928,1528.106
84474,4795.8212,1304.0573
84475,4785.6758,1181.7609
84476,4785.2038,1275.9226
84477,4779.4218,1364.6133
84478,4777.9392,1250.4668
84479,4798.9937,1525.8562
84480,4796.4101,1228.6042
84481,4778.3094,1510.2973
84482,4782.4582,1282.1252
84483,4776.9453,1375.2838
84484,4781.6827,1449.2183
84485,4783.7577,1412.1348
84486,4786.5675,1059.8715
84487,4793.4481,1455.798
84488,4780.5709,1137.1892
84489,4781.8802,1311.0974
84490,4785.724,1154.5847
84491,4782.7075,1433.9617
84492,4767.3632,1344.8989
84493,4768.9815,1172.9765
84494,4781.0009,1536.3707
84495,4770.1245,1097.8315
84496,4764.6292,1032.2361
84497,4771.4004,1144.3738
84498,4776.8183,1358.2371
84499,4761.4851,1385.345
84500,4777.6486,1178.3963
84501,4758.9222,1374.697
84502,4777.1515,973.4814
84503,4778.1718,1204.62
84504,4767.9473,1356.2873
84505,4766.6991,1181.1882
84506,4759.9994,1164.3624
84507,4760.183,1124.6002
84508,4773.5866,1361.1982
84509,4758.831,1539.038
84510,4752.5714,991.3242
84511,4752.8013,1256.9151
84512,4762.9031,1513.2757
84513,4749.136,1120.402
84514,4755.5045,1121.4102
84515,4759.0486,1366.3661
84516,4768.653,1427.7013
84517,4768.8321,1129.6925
84518,4754.9598,1257.9185
84519,4760.9913,1547.3047
84520,4752.1238,1098.794
84521,4748.2708,1171.7225
84522,4754.2684,1374.2435
84523,4744.6019,1314.2901
84524,4757.999,1103.0592
84525,4756.0455,1226.6623
84526,4760.6722,1224.3157
84527,4759.8186,1501.8281
84528,4750.9286,1426.3555
84529,4756.3469,1548.7194
84530,4750.0306,1440.955
84531,4735.3313,1093.1295
84532,4740.3819,1519.1194
84533,4742.5187,1135.685
84534,4737.5043,1550.6745
84535,4752.9301,1277.6374
84536,4747.8445,1070.3367
84537,4732.0108,1122.7483
84538,4736.2135,1469.4755
84539,4739.3136,1134.3339
84540,4735.5231,1030.535
84541,4744.8508,1088.7012
84542,4736.5148,1192.1617
84543,4741.5333,1389.3713
84544,4723.7345,1213.6995
84545,4744.1546,1333.9434
84546,4736.7801,1063.824
84547,4728.4319,1165.7007
84548,4739.2161,1038.0719
84549,4733.876,1209.3515
84550,4728.3635,1395.2724
84551,4719.1854,1471.9037
84552,4728.6442,1217.9491
84553,4723.0831,1279.5866
84554,4728.8853,1319.8752
84555,4737.158,1007.2907
84556,4724.3314,1443.0171
84557,4732.8782,1467.1289
84558,4719.0247,1034.6734
84559,4723.4654,988.8248
84560,4724.8752,1169.7786
84561,4730.4481,1455.1484
84562,4714.9978,1332.6151
84563,4714.8671,1507.5632
84564,4724.1094,1456.9031
84565,4723.4273,1268.9906
84566,4715.4486,1074.4824
84567,4707.3251,1217.5771
84568,4705.9524,1338.683
84569,4719.1152,1088.3899
84570,4719.5274,1436.1323
84571,4719.7381,1142.1128
84572,4720.3236,1525.6135
84573,4718.2929,1361.6804
84574,4708.7038,1032.6279
84575,4717.5638,1300.1377
84576,4703.4797,1093.8288
84577,4709.3122,1440.6394
84578,4705.449,1048.3447
84579,4717.9685,1108.461
84580,4711.954,1354.0708
84581,4701.9329,1143.1513
84582,4713.5203,1341.7675
84583,4697.6854,1321.9187
84584,4709.6021,1361.6092
84585,4709.3758,1038.8089
84586,4707.7063,1220.6806
84587,4702.6394,1332.7898
84588,4700.6182,995.9496
84589,4697.0998,1263.5186
84590,4695.3633,1296.579
84591,4705.9559,1482.0046
84592,4686.9327,1177.1986
84593,4691.2394,1521.9667
84594,4690.3842,969.1974
84595,4704.7266,1444.4017
84596,4699.8922,1489.6965
84597,4694.7845,1179.6458
84598,4698.2778,1300.9552
84599,4691.0972,1134.5032
84600,4698.2861,1536.3934
84601,4695.7177,1391.9046
84602,4692.0097,1153.2725
84603,4699.6934,1235.7372
84604,4683.4151,1037.7563
84605,4687.2893,1274.3389
84606,4678.9963,984.4045
84607,4674.8265,1082.0381
84608,4677.3509,958.5959
84609,4673.0175,1025.1323
84610,4676.2118,1112.2454
84611,4674.1184,1477.6598
84612,4690.0476,1282.224
84613,4689.1021,1057.3971
84614,4681.9321,1080.6973
84615,4683.4724,1478.2367
84616,4668.6714,1210.1514
84617,4673.396,1315.4708
84618,4674.1462,1155.2089
84619,4681.415,1209.4646
84620,4674.1837,1423.7733
84621,4666.6099,1243.4944
84622,4669.1266,1443.238
84623,4676.5185,1286.9619
84624,4673.5817,1494.6179
84625,4666.9552,1507.3328
84626,4682.2643,1283.3307
84627,4666.8507,1145.24
84628,4662.6181,1269.4281
84629,4674.3728,1080.8785
84630,4672.1855,1064.1506
84631,4665.3694,1002.7103
84632,4662.2033,1457.4935
84633,4656.372,1475.2814
84634,4663.9799,1357.4142
84635,4664.5873,1502.1367
84636,4670.5205,1281.9154
84637,4658.5754,1422.7501
84638,4665.5711,965.9429
84639,4665.7344,1259.6951
84640,4657.2805,1224.9952
84641,4652.9736,1317.6549
84642,4654.3081,1140.0646
84643,4662.1341,1443.6987
84644,4658.4196,1290.0093
84645,4648.1667,984.7841
84646,4648.1756,1236.3865
84647,4644.3881,1080.8609
84648,4650.8962,1309.7417
84649,4665.5572,1194.5851
84650,4643.6826,1028.0464
84651,4664.0255,1044.3233
84652,4660.9132,1319.868
84653,4646.8214,1280.0226
84654,4649.4567,999.297
84655,4656.8985,1527.1711
84656,4640.401,1335.9853
84657,4641.2771,1312.9963
84658,4654.4177,1195.9311
84659,4636.4118,1350.4713
84660,4637.7367,1164.1358
84661,4644.7925,1441.8146
84662,4638.5072,1303.4926
84663,4633.7104,1057.0098
84664,4651.2812,1231.2572
84665,4652.7162,1358.1532
84666,4652.1939,1486.0946
84667,4635.1464,1204.4673
84668,4637.7608,1446.0319
84669,4631.5029,1209.1059
84670,4643.7741,1072.9184
84671,4647.9862,1458.7433
84672,4639.0587,1226.2424
84673,4629.1942,1335.5232
84674,4627.7102,1347.0565
84675,4640.1916,1377.0961
84676,4638.0043,1346.4203
84677,4643.2002,1342.7582
84678,4627.3032,1372.3341
84679,4631.0596,1070.991
84680,4619.9084,1402.6463
84681,4624.9126,1206.5098
84682,4620.3371,1344.6528
84683,4634.5667,1353.135
84684,4639.2332,1292.5833
84685,4623.8863,1089.5476
84686,4626.9812,1273.2963
84687,4637.6067,1164.7033
84688,4629.7903,1045.2428
84689,4622.7002,1029.7233
84690,4614.9797,1454.0104
84691,4629.9623,1261.0528
84692,4632.7444,1074.1036
84693,4618.4999,961.4779
84694,4628.7265,1411.2891
84695,4614.0582,1346.5723
84696,4629.0601,1458.5226
84697,4614.3337,1086.5719
84698,4629.7065,1328.5715
84699,4625.8486,1049.0823
84700,4627.4614,1137.1484
84701,4607.2998,1000.5625
84702,4626.3209,972.89
84703,4607.5691,1342.2918
84704,4609.4842,979.7355
84705,4607.9441,1247.3049
84706,4603.009,1012.6362
84707,4621.0258,1166.9724
84708,4603.3744,1048.4874
84709,4607.7182,991.5656
84710,4620.7119,1337.7966
84711,4603.6306,1322.0073
84712,4607.9025,1364.7148
84713,4598.4026,1388.2428
84714,4604.3108,1365.7756
84715,4604.9234,1270.0616
84716,4603.3948,1178.0768
84717,4612.8418,1421.4941
84718,4612.2476,1440.6153
84719,4608.3638,1512.0173
84720,4598.9135,1328.6492
84721,4599.3122,1413.8194
84722,4599.9762,1381.8701
84723,4603.0462,1141.175
84724,4604.2691,1251.3287
84725,4590.2007,1254.5656
84726,4603.9494,1320.9428
84727,4606.2881,1503.4446
84728,4588.5625,1298.6606
84729,4585.3279,1492.8807
84730,4601.4963,1197.8363
84731,4598.1727,1463.3964
84732,4599.4809,973.1625
84733,4602.4729,1242.1982
84734,4585.3374,1029.0796
84735,4586.3899,1281.711
84736,4585.4878,1091.9739
84737,4585.3726,1206.4537
84738,4581.9153,955.4842
84739,4579.9502,1122.8736
84740,4586.7406,1235.5976
84741,4583.2023,1031.9894
84742,4585.7816,933.601
84743,4578.9065,1296.4283
84744,4594.3364,1413.484
84745,4577.6673,1333.4366
84746,4585.7207,1344.7979
84747,4587.7245,1421.6088
84748,4574.295,1156.8384
84749,4584.8931,1188.3012
84750,4580.8577,1007.6674
84751,4586.6111,1118.1436
84752,4591.5962,1500.4081
84753,4579.1562,1488.179
84754,4572.859,1108.8841
84755,4571.9741,1380.6331
84756,4577.2827,1196.8154
84757,4581.8049,961.4442
84758,4567.7604,954.2889
84759,4565.6876,1418.0634
84760,4576.0947,1420.4319
84761,4577.0466,1168.3558
84762,4576.0775,1402.5438
84763,4579.739,1413.4364
84764,4569.2069,1112.79
84765,4576.7229,1397.6218
84766,4575.5032,936.8247
84767,4580.3314,1419.99
84768,4562.1065,1246.175
84769,4567.447,1224.6081
84770,4571.765,1250.4936
84771,4574.4622,950.3457
84772,4566.3518,1088.2325
84773,4556.0709,960.5873
84774,4574.1155,1045.1182
84775,4555.4697,1007.3407
84776,4563.9818,1221.6982
84777,4569.6186,1359.8229
84778,4568.5323,1226.2142
84779,4572.9917,1488.8253
84780,4560.7633,1326.9413
84781,4552.5701,1164.2235
84782,4559.134,1176.3653
84783,4552.0321,1006.1025
84784,4560.4506,980.3786
84785,4546.7313,967.0018
84786,4552.9873,1142.4489
84787,4563.4749,985.6685
84788,4546.5607,960.8335
84789,4550.9765,1114.9617
84790,4559.6784,1291.878
84791,4552.7751,1099.7213
84792,4544.0639,1341.9617
84793,4554.8747,1232.9007
84794,4556.0821,1175.1885
84795,4554.1228,1261.5895
84796,4557.4949,1049.8215
84797,4556.6689,1317.7003
84798,4539.1258,1360.7614
84799,4547.6169,1265.1362
84800,4558.6394,1319.5044
84801,4539.2582,1069.3729
84802,4552.187,1391.8283
84803,4546.0037,1412.3022
84804,4554.9362,1254.4554
84805,4535.1246,1068.5033
84806,4543.9234,1457.9131
84807,4535.8717,1331.1465
84808,4542.0389,1379.574
84809,4544.1511,1407.1528
84810,4544.5875,1015.8387
84811,4538.1693,1147.2114
84812,4543.2525,1201.5424
84813,4530.4782,1348.9915
84814,4538.4195,1220.766
84815,4529.2383,1106.4417
84816,4528.2087,1156.0862
84817,4529.2945,1192.2442
84818,4528.8357,1048.0307
84819,4526.563,1445.6033
84820,4535.1905,997.4491
84821,4523.8627,924.394
84822,4523.2986,1406.3204
84823,4530.0841,1181.4695
84824,4524.1882,1107.5465
84825,4536.3224,982.4131
84826,4534.841,1393.8511
84827,4539.924,1057.2741
84828,4532.8489,1318.8451
84829,4518.7154,1254.8163
84830,4516.9979,1026.4435
84831,4526.2319,930.6675
84832,4522.7334,1296.0059
84833,4526.7793,1410.5251
84834,4530.3196,1477.7216
84835,4528.4145,1034.1811
84836,4516.6337,1362.0346
84837,4532.199,976.9686
84838,4515.4417,1052.7684
84839,4518.3304,1136.6165
84840,4531.2874,1427.9716
84841,4527.7252,1454.1391
84842,4529.4302,1357.5159
84843,4521.398,1077.9072
84844,4513.8144,1343.8213
84845,4523.5153,1121.9784
84846,4527.8044,1334.7086
84847,4508.2337,1356.8258
84848,4517.9657,1041.0501
84849,4519.2228,982.5766
84850,4515.2436,1055.7735
84851,4524.1769,1168.8306
84852,4512.6876,1395.6675
84853,4502.5256,1159.6621
84854,4510.0338,1183.036
84855,4518.297,1117.071
84856,4516.7954,1145.6715
84857,4513.6479,927.0655
84858,4519.863,1008.4567
84859,4517.2195,1252.527
84860,4506.1337,1123.4613
84861,4513.9944,1158.776
84862,4515.2294,1104.9607
84863,4502.0909,1185.5169
84864,4498.4168,1351.072
84865,4512.556,1258.4132
84866,4493.6838,1363.7734
84867,4496.6159,1020.5397
84868,4506.018,1002.0763
84869,4494.6807,929.2653
84870,4491.7597,1252.5119
84871,4496.7452,1280.8179
84872,4490.5963,1038.4321
84873,4509.999,1102.9227
84874,4491.8144,1232.8518
84875,4508.7258,1126.9837
84876,4503.1429,1166.6889
84877,4503.4457,1171.391
84878,4496.2194,1228.3738
84879,4485.9267,1277.2571
84880,4495.0335,1283.6747
84881,4489.8963,1111.2322
84882,4495.8422,965.6938
84883,4497.2935,1234.501
84884,4498.7663,914.5325
84885,4491.3617,1238.1545
84886,4489.056,1133.2332
84887,4490.2654,1407.0982
84888,4501.3418,985.311
84889,4481.0344,955.9654
84890,4485.4782,967.2946
84891,4493.304,1109.348
84892,4477.2439,1152.4963
84893,4488.7117,1117.1751
84894,4492.5846,969.8737
84895,4483.4065,1035.6307
84896,4486.4873,1172.8218
84897,4487.1365,1348.2646
84898,4485.5589,982.8753
84899,4478.1863,1056.2935
84900,4478.7539,1197.7972
84901,4478.0241,1148.9576
84902,4476.7518,1080.9079
84903,4477.1693,1183.7322
84904,4484.0163,1428.0701
84905,4478.3237,1315.6595
84906,4476.6188,1210.0143
84907,4477.9379,1351.9306
84908,4481.7991,1386.1758
84909,4470.6226,1443.6323
84910,4487.3867,979.6845
84911,4481.1906,1216.5438
84912,4465.317,1191.3912
84913,4469.4336,1289.3704
84914,4464.1068,1269.9289
84915,4482.1914,1346.4069
84916,4482.8733,1325.3279
84917,4478.7977,1003.9814
84918,4479.7801,1038.0516
84919,4474.6554,1270.4534
84920,4463.8266,1277.7944
84921,4475.4765,1013.4103
84922,4463.8694,1232.5063
84923,4479.1695,927.4463
84924,4459.7311,1417.9106
84925,4470.6039,1419.4367
84926,4467.3859,946.1191
84927,4461.3198,1170.4095
84928,4455.4842,1094.8857
84929,4470.8236,1031.432
84930,4461.3222,984.3882
84931,4466.5018,1039.5367
84932,4465.0563,1392.0359
84933,4464.9574,1084.1076
84934,4471.9926,1089.4105
84935,4466.2578,1439.7071
84936,4455.7873,1420.019
84937,4449.7651,1409.3909
84938,4451.0627,995.9729
84939,4464.4408,1084.3886
84940,4467.6196,1342.1948
84941,4449.6865,1221.7557
84942,4453.3666,1084.3074
84943,4448.5169,1169.9562
84944,4456.9183,1258.8262
84945,4462.9789,1052.4536
84946,4459.021,1189.2801
84947,4445.8376,1074.1434
84948,4452.6529,991.4564
84949,4445.0611,1445.1515
84950,4462.221,1397.343
84951,4449.3851,1361.83
84952,4442.5034,1374.8334
84953,4457.7995,1459.8254
84954,4443.7455,1370.8522
84955,4456.2452,1372.6486
84956,4459.5789,1044.2848
84957,4454.3565,951.2057
84958,4441.2961,1091.9383
84959,4438.4708,1164.9143
84960,4452.4624,947.7536
84961,4436.5461,1261.835
84962,4444.1966,1452.2599
84963,4443.7187,1237.458
84964,4438.278,950.1035
84965,4450.1365,1265.9431
84966,4448.3751,1275.3898
84967,4431.2062,1346.9082
84968,4435.6598,910.5673
84969,4447.2183,1081.0584
84970,4450.8632,1303.0421
84971,4433.7626,1266.3962
84972,4443.1974,1409.2219
84973,4449.2198,1425.6833
84974,4429.8747,1287.0842
84975,4437.3546,915.9534
84976,4437.4046,1183.7606
84977,4446.2956,1349.8609
84978,4425.7665,954.4751
84979,4430.4125,1108.7249
84980,4438.9098,1388.0344
84981,4434.5803,1451.6436
84982,4426.2019,1314.7449
84983,4439.5668,1138.5537
84984,4434.8382,912.1092
84985,4442.1812,1282.6156
84986,4421.1723,1442.5475
84987,4436.7028,1433.5953
84988,4430.1103,1391.3291
84989,4425.4005,1037.9945
84990,4433.3566,1207.3207
84991,4436.9708,1033.7299
84992,4436.4365,1255.2282
84993,4436.9011,1236.1971
84994,4430.5334,1369.3971
84995,4425.7599,1426.6448
84996,4434.4392,1188.9344
84997,4419.6645,1041.3987
84998,4416.5902,1313.3829
84999,4431.7443,1288.8711
85000,4422.2745,1307.5236
85001,4419.1504,1130.599
85002,4422.4472,1386.0952
85003,4415.5727,1434.9623
85004,4415.8573,1366.6559
85005,4424.9214,1392.1756
85006,4425.9585,927.8237
85007,4412.7537,977.996
85008,4417.9805,920.9423
85009,4424.4242,1054.7908
85010,4420.8528,921.3459
85011,4406.5669,1437.5966
85012,4410.8972,1215.3787
85013,4423.233,1087.0356
85014,4406.974,963.9591
85015,4417.7114,908.5654
85016,4415.2743,1298.2045
85017,4413.3879,1385.161
85018,4410.2844,1097.5808
85019,4408.8524,1003.0428
85020,4416.268,1395.7734
85021,4408.3797,906.4549
85022,4418.8705,1206.381
85023,4414.1914,968.6893
85024,4406.6907,1081.3285
85025,4403.8894,1036.7019
85026,4402.8962,1297.0566
85027,4405.9549,1174.258
85028,4406.793,1134.8932
85029,4404.0879,1180.9067
85030,4403.37,904.3061
85031,4400.8096,1042.5476
85032,4407.5467,1443.4587
85033,4396.3118,909.3051
85034,4407.3505,1227.71
85035,4400.398,1254.0052
85036,4399.2846,1292.5454
85037,4397.1275,907.7818
85038,4392.3587,901.4965
85039,4402.0669,1105.2907
85040,4395.9306,1325.5635
85041,4393.02,1226.8172
85042,4394.8792,1186.0313
85043,4398.9369,1268.6583
85044,4387.6695,1340.3863
85045,4385.4856,1305.1199
85046,4389.0421,1027.9939
85047,4390.6394,1173.6451
85048,4386.3948,1274.9231
85049,4398.2661,990.6599
85050,4388.1696,1272.2773
85051,4403.3993,908.9065
85052,4394.3169,979.8876
85053,4393.1028,1250.9094
85054,4384.9698,1118.7141
85055,4393.2704,1419.9372
85056,4393.3619,1368.177
85057,4397.1253,1001.7958
85058,4399.6996,1046.4468
85059,4385.8001,1271.3965
85060,4385.3682,1348.3879
85061,4382.4429,1291.2095
85062,4383.1142,897.3225
85063,4389.1853,987.5339
85064,4390.339,1103.6563
85065,4384.0666,1349.8452
85066,4378.97,1056.6272
85067,4383.6279,1279.2923
85068,4376.8241,937.9682
85069,4377.3518,1040.6038
85070,4371.2935,1395.3835
85071,4376.1407,1061.6191
85072,4390.066,1088.2388
85073,4387.5867,1103.6609
85074,4373.6083,927.0692
85075,4376.3822,1009.4925
85076,4373.0986,1381.507
85077,4385.102,1023.5769
85078,4379.7239,1197.4179
85079,4367.4607,1186.9742
85080,4372.9191,1362.3473
85081,4369.8506,923.0591
85082,4364.9064,1310.8042
85083,4381.5878,1211.7329
85084,4371.3436,1403.7573
85085,4362.7008,1089.0722
85086,4375.7099,1418.3406
85087,4366.1563,1155.1478
85088,4376.0248,1354.5095
85089,4374.1996,1032.312
85090,4376.4527,916.639
85091,4381.1994,1109.4967
85092,4363.2634,930.3132
85093,4369.7173,945.9595
85094,4368.548,1294.4799
85095,4362.825,1207.4814
85096,4365.674,1093.6454
85097,4368.2325,1054.5408
85098,4374.8332,1180.2071
85099,4368.6469,1134.3606
85100,4354.9803,1285.5253
85101,4370.1628,979.1219
85102,4369.4299,899.0147
85103,4366.1286,1249.6971
85104,4368.3747,1399.4584
85105,4351.8841,1042.5271
85106,4354.5511,1004.4153
85107,4351.4478,1049.3047
85108,4350.4296,1381.1484
85109,4357.1708,1387.4069
85110,4359.3056,1120.3363
85111,4361.3062,1199.947
85112,4360.0879,1156.8816
85113,4349.2104,887.4717
85114,4362.9247,945.2401
85115,4350.6344,1018.1819
85116,4362.3578,1217.6761
85117,4355.2429,1196.5038
85118,4366.0547,951.2696
85119,4350.5266,1411.6344
85120,4361.9807,1085.8593
85121,4358.8745,1046.0194
85122,4352.6012,1199.2782
85123,4351.8225,1074.3769
85124,4357.9162,930.8127
85125,4344.171,1403.4505
85126,4351.3781,1303.7459
85127,4344.8885,1165.4251
85128,4359.3709,1403.7473
85129,4350.1212,1190.2712
85130,4341.2827,1391.743
85131,4353.3469,1354.3279
85132,4347.1886,1303.4924
85133,4347.2206,1264.16
85134,4346.0897,1330.8698
85135,4337.8202,1219.6156
85136,4347.0634,1037.8966
85137,4343.1582,928.1474
85138,4335.1723,1424.7604
85139,4349.5194,1135.593
85140,4334.0127,891.5867
85141,4337.2675,948.5287
85142,4345.4332,1214.9612
85143,4331.0042,1391.8599
85144,4335.0755,1292.7982
85145,4332.1313,890.7682
85146,4348.6776,1410.5606
85147,4336.0093,1383.0171
85148,4331.8312,1208.3628
85149,4337.9315,1298.9928
85150,4333.6923,1256.1876
85151,4328.1395,1324.3461
85152,4346.5902,1313.6039
85153,4334.4399,896.1318
85154,4340.3145,1339.5739
85155,4337.9029,1212.0576
85156,4332.7553,1411.8765
85157,4324.2266,1127.2316
85158,4326.9068,1339.1768
85159,4333.8062,988.8817
85160,4342.6619,1185.4726
85161,4341.9595,1225.5184
85162,4335.528,1059.6129
85163,4327.8133,1205.561
85164,4323.6703,983.7469
85165,4326.3255,1091.628
85166,4325.5511,1031.4254
85167,4325.1349,1412.4178
85168,4326.8369,1382.6422
85169,4323.8691,1052.1196
85170,4317.326,1196.4409
85171,4318.5679,1414.6995
85172,4322.2861,984.9507
85173,4334.7686,1149.9555
85174,4328.0737,893.4152
85175,4331.7846,1115.3568
85176,4319.8784,1326.1167
85177,4320.225,999.4298
85178,4332.6366,1362.1144
85179,4314.6552,1356.0412
85180,4319.6265,1222.2782
85181,4321.5566,1345.2717
85182,4328.2306,1180.8074
85183,4312.0936,916.0843
85184,4317.6048,1057.0281
85185,4313.8905,1273.9128
85186,4323.8619,1314.8127
85187,4315.5004,1317.9999
85188,4314.3645,1146.4183
85189,4307.8627,1408.8497
85190,4322.3265,1000.7902
85191,4306.9319,1214.7476
85192,4316.7972,1283.3804
85193,4308.415,957.6103
85194,4321.8254,1305.6921
85195,4312.0877,1041.9375
85196,4323.4491,1348.403
85197,4310.6766,1127.9414
85198,4322.6126,1315.1629
85199,4314.8319,911.1238
85200,4319.4216,975.1501
85201,4304.2125,970.735
85202,4314.1664,1316.1525
85203,4308.2741,1061.3771
85204,4299.0322,1131.9818
85205,4316.9339,1159.0684
85206,4309.6761,1191.654
85207,4308.1868,1223.0686
85208,4312.418,1225.0459
85209,4297.8329,1274.7326
85210,4306.401,1124.1045
85211,4310.9414,885.4082
85212,4303.5472,952.3342
85213,4309.3785,1251.5954
85214,4303.3825,1197.8107
85215,4309.3937,981.6509
85216,4302.0828,1107.2092
85217,4297.8021,1000.5633
85218,4295.3608,1100.7811
85219,4303.3282,1224.3934
85220,4297.9856,942.6397
85221,4297.212,1353.0183
85222,4290.8768,1130.0761
85223,4303.7624,1291.6136
85224,4301.7442,1216.5111
85225,4301.2758,1354.9032
85226,4301.8472,1031.1188
85227,4300.483,1363.2325
85228,4290.523,1271.8601
85229,4292.6473,1214.2832
85230,4293.164,1239.0948
85231,4295.8711,1176.6515
85232,4284.4033,1060.1206
85233,4289.1063,1185.2313
85234,4297.3471,1148.9183
85235,4291.8833,997.8313
85236,4290.2081,938.8865
85237,4285.3604,1280.3992
85238,4294.2764,1295.4336
85239,4296.0749,1329.0392
85240,4291.6212,1340.3107
85241,4283.5165,1263.3609
85242,4278.8682,970.1873
85243,4288.0163,1154.113
85244,4278.067,1213.324
85245,4294.5091,1002.7147
85246,4290.8362,1069.1365
85247,4291.4717,1069.4088
85248,4286.7383,919.1362
85249,4291.8012,999.6725
85250,4286.0108,1335.7481
85251,4291.5484,1092.3368
85252,4276.6846,1065.2336
85253,4286.8841,1234.719
85254,4288.1415,1077.971
85255,4283.4108,963.6061
85256,4274.6785,1264.096
85257,4275.125,1221.3872
85258,4283.4806,1044.3631
85259,4284.4789,1248.2623
85260,4275.6852,1145.6238
85261,4281.4666,990.1506
85262,4276.2595,1084.9105
85263,4286.9651,1312.6695
85264,4273.9648,947.7349
85265,4271.533,918.555
85266,4268.0922,1127.5684
85267,4272.652,1027.6202
85268,4277.04,1120.2988
85269,4279.1383,1259.0579
85270,4282.4727,1056.1285
85271,4274.4494,870.0674
85272,4268.629,920.8329
85273,4273.613,1282.4107
85274,4274.1,1133.1355
85275,4265.663,978.3057
85276,4267.4789,1149.0543
85277,4280.3151,1192.6919
85278,4269.0891,1156.5383
85279,4267.756,1131.4771
85280,4273.7454,1132.7375
85281,4267.4734,934.3027
85282,4263.8388,1152.7965
85283,4267.9378,1253.2558
85284,4260.0592,1011.9511
85285,4265.0571,1144.3936
85286,4260.4877,1116.5897
85287,4264.7145,1068.0076
85288,4259.7748,1001.5832
85289,4257.751,1166.9817
85290,4258.6091,1221.5162
85291,4272.8642,1033.3016
85292,4267.6124,1158.5625
85293,4271.1261,1368.9039
85294,4269.0878,1313.6056
85295,4252.5813,1164.6861
85296,4271.6621,1096.1361
85297,4263.6917,1125.2581
85298,4266.0601,976.9064
85299,4268.6299,1066.201
85300,4255.9502,897.0991
85301,4260.8116,1158.6696
85302,4248.9998,1316.4163
85303,4252.7514,1312.8429
85304,4263.9983,1207.616
85305,4248.7594,981.6808
85306,4257.0007,1395.2105
85307,4254.4126,1093.5722
85308,4260.3438,1333.8436
85309,4263.9836,1297.4351
85310,4257.2671,1233.2048
85311,4259.5032,1157.6065
85312,4261.3557,1099.1954
85313,4244.2496,1393.562
85314,4252.0722,1078.5332
85315,4251.7961,1244.6018
85316,4248.0603,1123.5115
85317,4252.5463,1277.7532
85318,4260.7394,1123.9704
85319,4248.9886,888.6656
85320,4243.1782,1064.6743
85321,4243.2426,1356.4729
85322,4249.9634,975.864
85323,4252.2154,1332.4038
85324,4250.5825,973.4658
85325,4242.0838,1185.4594
85326,4256.0436,1010.521
85327,4243.6492,1234.6943
85328,4249.2625,1346.8808
85329,4251.8242,1133.5375
85330,4254.3255,916.965
85331,4250.1751,1011.7276
85332,4254.4955,1205.458
85333,4232.917,934.3126
85334,4247.8934,1067.097
85335,4249.0544,1287.2363
85336,4238.9058,873.7882
85337,4247.9036,1011.8828
85338,4237.5122,1092.7315
85339,4238.8853,1350.8499
85340,4239.3236,885.5878
85341,4239.8469,1358.3219
85342,4237.5044,1384.2672
85343,4233.5882,1048.6138
85344,4242.8688,1014.0766
85345,4238.1777,1114.6818
85346,4235.7484,1183.4634
85347,4238.1796,865.9768
85348,4236.8747,1179.2247
85349,4228.0154,1272.39
85350,4240.7751,1364.4613
85351,4236.2426,995.6074
85352,4231.9219,1387.3091
85353,4239.9656,1075.3722
85354,4227.6368,1279.9706
85355,4238.4788,869.302
85356,4233.384,1384.5649
85357,4236.8379,1106.1708
85358,4237.9727,1357.2366
85359,4233.115,1188.8216
85360,4228.1973,1365.1072
85361,4226.0133,985.8186
85362,4239.152,989.3566
85363,4234.3476,997.7561
85364,4237.3705,1161.999
85365,4232.1011,1035.5321
85366,4233.0726,1024.6609
85367,4221.2831,1146.2964
85368,4219.0167,1258.1801
85369,4223.4091,1065.2277
85370,4222.4595,1259.5014
85371,4229.4429,1224.017
85372,4220.2342,966.8025
85373,4222.3494,1386.9798
85374,4228.1042,1202.8377
85375,4217.6635,1286.4247
85376,4219.9329,1359.2777
85377,4213.5225,1076.6211
85378,4228.378,921.9687
85379,4222.0039,1065.3495
85380,4212.9231,1070.3078
85381,4223.5744,1336.2592
85382,4216.0062,1342.3667
85383,4211.2182,1151.4444
85384,4211.0125,1287.6555
85385,4225.3075,1387.449
85386,4227.6135,1217.1686
85387,4219.8116,1159.7617
85388,4221.0079,910.3704
85389,4219.7495,1367.0807
85390,4214.1552,1078.6343
85391,4212.8395,1372.6539
85392,4204.1868,1297.8212
85393,4220.1757,1298.5319
85394,4221.1638,904.3036
85395,4214.5781,1041.7864
85396,4216.9473,1217.7671
85397,4217.6018,1257.9255
85398,4217.6496,1050.5197
85399,4204.0903,935.0478
85400,4212.3388,860.5343
85401,4218.7786,1281.8435
85402,4213.9567,866.209
85403,4218.909,1140.3013
85404,4215.5219,944.5978
85405,4214.7804,1362.6056
85406,4202.521,1085.5188
85407,4216.8032,1219.1186
85408,4203.2409,1256.3389
85409,4209.7878,1291.0515
85410,4209.7029,1269.6502
85411,4202.88,1206.7897
85412,4204.9939,920.7296
85413,4202.5989,1298.5992
85414,4214.3863,918.806
85415,4209.8966,1151.9213
85416,4203.1648,919.3058
85417,4196.2811,1069.627
85418,4195.7152,908.5862
85419,4193.2971,915.5179
85420,4192.9605,1271.8306
85421,4192.5021,1034.4094
85422,4198.7049,856.4301
85423,4197.8985,1089.6588
85424,4203.7867,889.4463
85425,4195.226,944.0431
85426,4202.2259,1178.3378
85427,4201.7713,1095.2309
85428,4200.8398,1319.9179
85429,4197.3388,1282.1639
85430,4206.6308,1054.6484
85431,4200.1822,1224.5566
85432,4199.9264,1022.7186
85433,4193.8523,955.0145
85434,4196.8279,891.9727
85435,4193.1341,913.3936
85436,4183.747,1119.988
85437,4190.3005,1004.4021
85438,4194.089,1152.8489
85439,4186.8625,901.5661
85440,4190.6424,1360.3309
85441,4196.0901,1093.7616
85442,4196.8092,1239.9058
85443,4191.0883,1368.605
85444,4198.4482,1191.6065
85445,4183.7572,1129.3655
85446,4183.4848,1229.9919
85447,4192.0255,1184.269
85448,4192.0002,1042.4327
85449,4180.6724,1163.5577
85450,4197.1339,958.6543
85451,4193.9765,1318.8071
85452,4180.0681,1224.3672
85453,4195.3781,1081.3628
85454,4190.0825,1045.786
85455,4187.8721,1359.9722
85456,4188.6503,982.8149
85457,4191.4249,1363.7639
85458,4183.0571,1172.9139
85459,4174.1557,1341.504
85460,4173.9108,1016.8908
85461,4182.6044,1262.567
85462,4179.8476,1199.2201
85463,4170.7979,1331.9442
85464,4185.1235,1200.2591
85465,4180.7395,1304.0385
85466,4179.9475,882.453
85467,4182.9459,954.8191
85468,4180.1437,939.0753
85469,4176.2485,1196.7228
85470,4182.4189,975.2451
85471,4174.573,1165.9993
85472,4185.5125,899.787
85473,4171.2121,1288.0358
85474,4182.1463,1055.1541
85475,4166.1429,1216.2167
85476,4181.8841,1106.8769
85477,4166.1713,1129.2003
85478,4175.084,1307.3049
85479,4182.5955,1063.9785
85480,4173.803,1168.0883
85481,4179.9138,912.7729
85482,4176.3749,1097.5258
85483,4164.7994,1158.3247
85484,4170.5133,1022.8454
85485,4168.9908,1017.6039
85486,4159.6064,954.4015
85487,4164.4126,1110.8651
85488,4170.8904,1006.6023
85489,4160.1214,973.1994
85490,4160.1889,1234.6219
85491,4157.7696,904.4882
85492,4163.8864,871.3812
85493,4171.7385,1003.1272
85494,4175.1482,1333.3774
85495,4165.5672,1351.1528
85496,4157.5068,1303.1822
85497,4164.7757,1049.7698
85498,4164.2522,953.2784
85499,4165.3467,1166.2085
85500,4172.5227,1169.9281
85501,4163.2509,1058.6265
85502,4153.7651,875.0795
85503,4169.7923,916.624
85504,4150.9922,857.9421
85505,4164.2939,997.498
85506,4164.6886,1166.8321
85507,4153.4165,867.016
85508,4158.584,1252.1926
85509,4162.0408,1197.896
85510,4159.9284,1130.4885
85511,4154.2015,1050.2454
85512,4158.3712,1008.4259
85513,4148.0926,1262.7399
85514,4157.063,1262.6545
85515,4155.5082,916.4133
85516,4156.225,1084.862
85517,4147.8412,1332.1845
85518,4163.5279,1030.402
85519,4161.8476,1197.3331
85520,4159.6687,1043.2493
85521,4147.5728,870.5318
85522,4142.5718,1353.1199
85523,4156.7314,1151.0778
85524,4160.7936,1142.4307
85525,4147.3448,1272.2922
85526,4156.3023,857.0291
85527,4157.1278,1062.6963
85528,4145.3764,1143.1483
85529,4155.0771,923.8379
85530,4142.3466,1338.4718
85531,4139.8471,1177.361
85532,4138.8927,1123.4798
85533,4138.5615,861.1974
85534,4139.1142,846.6533
85535,4155.5521,859.0924
85536,4147.7953,844.296
85537,4139.7736,1183.9362
85538,4146.424,856.5613
85539,4145.3639,1145.9763
85540,4144.8462,1071.5544
85541,4152.5379,874.6589
85542,4148.8952,1322.1295
85543,4150.1402,1088.1913
85544,4140.9811,1133.5
85545,4139.8789,999.073
85546,4135.6618,1165.499
85547,4133.6727,1329.8439
85548,4140.6606,870.0024
85549,4144.6421,1240.6372
85550,4137.9071,1105.3239
85551,4147.8567,974.5823
85552,4128.6258,1283.8559
85553,4143.1544,1299.1461
85554,4147.7983,855.3354
85555,4144.7828,1065.1159
85556,4127.7946,1180.846
85557,4131.533,1091.9094
85558,4126.2054,1180.3321
85559,4126.7147,1108.397
85560,4135.146,1231.0031
85561,4129.8476,1257.2614
85562,4124.1981,953.2189
85563,4130.2303,916.6939
85564,4138.5619,1351.0745
85565,4139.219,1107.3926
85566,4134.2123,1165.0948
85567,4125.4108,1239.4132
85568,4130.0076,961.4145
85569,4139.2217,1048.1067
85570,4129.4214,1312.5532
85571,4131.178,1304.2933
85572,4123.3044,990.0306
85573,4135.3958,858.9565
85574,4137.0929,1083.9973
85575,4137.5462,1015.2881
85576,4124.5688,896.231
85577,4124.8825,989.3773
85578,4122.4641,1155.9523
85579,4122.3469,1156.0781
85580,4125.993,1313.6059
85581,4127.217,1289.9337
85582,4122.9496,985.5874
85583,4131.4988,895.7372
85584,4128.3904,1008.6318
85585,4128.2164,1043.2654
85586,4131.4032,839.1179
85587,4130.6153,887.6795
85588,4126.6014,1340.4855
85589,4118.4726,1311.6751
85590,4126.1677,1188.3468
85591,4126.8572,921.0085
85592,4117.6266,899.1284
85593,4111.0214,1022.4838
85594,4117.6567,1201.1521
85595,4125.2637,1216.7016
85596,4127.7553,1118.1847
85597,4121.1997,932.6433
85598,4127.4304,1215.7692
85599,4110.0991,1043.6101
85600,4108.542,1006.8263
85601,4123.6353,1176.1631
85602,4112.3181,1257.472
85603,4108.3768,1225.5744
85604,4104.9121,1136.2777
85605,4122.1533,1181.8996
85606,4114.5763,847.8988
85607,4120.5832,1001.5201
85608,4106.6069,927.2376
85609,4106.0372,1271.6154
85610,4104.8535,1203.9848
85611,4102.9337,1229.2016
85612,4108.6493,1042.2752
85613,4100.3611,1205.6773
85614,4113.2287,1344.7459
85615,4107.9571,1280.5964
85616,4110.9752,1031.237
85617,4103.742,1277.676
85618,4100.6655,1282.1362
85619,4100.5925,861.7996
85620,4109.6466,1122.5825
85621,4106.2956,1177.5827
85622,4106.4838,952.6283
85623,4101.6616,1311
85624,4100.5749,1317.6235
85625,4107.3601,1274.5004
85626,4106.0392,1024.257
85627,4094.2676,851.6487
85628,4108.3245,951.3542
85629,4095.004,1087.8432
85630,4103.3497,1228.5285
85631,4110.068,1118.7625
85632,4099.4688,1212.3931
85633,4108.5164,1176.4119
85634,4099.0417,1305.5052
85635,4106.1917,1058.9709
85636,4104.5893,1132.3799
85637,4093.5829,1282.434
85638,4090.8564,1277.3982
85639,4098.6619,947.6731
85640,4093.3219,864.8604
85641,4106.0109,1207.4972
85642,4095.6345,891.2442
85643,4091.1434,1212.2879
85644,4099.9619,1232.4209
85645,4093.1939,1120.1254
85646,4103.3474,1253.0497
85647,4098.1627,1326.3113
85648,4100.6765,977.8254
85649,4084.6877,1065.0075
85650,4098.8872,1078.9896
85651,4086.1538,1191.0794
85652,4084.1737,1209.1434
85653,4098.0418,1251.59
85654,4084.4308,1091.3141
85655,4084.8114,1335.4919
85656,4082.4562,1215.147
85657,4087.5833,992.6542
85658,4098.7853,1058.0379
85659,4093.4117,1073.1058
85660,4081.3027,959.9327
85661,4087.8541,1307.9234
85662,4097.5558,1061.6056
85663,4087.235,1309.0497
85664,4091.7129,834.5541
85665,4085.4717,1276.6509
85666,4082.2163,1226.9367
85667,4087.5823,1321.5122
85668,4085.6167,1021.7077
85669,4077.6363,875.0206
85670,4092.417,1050.2707
85671,4076.9056,919.6981
85672,4085.9215,1002.131
85673,4085.5452,1338.5264
85674,4083.5663,1217.3398
85675,4091.7154,977.6234
85676,4075.0519,876.2259
85677,4079.9083,1332.7718
85678,4089.944,845.0142
85679,4074.3353,828.3664
85680,4076.7874,922.8672
85681,4069.4165,924.7421
85682,4085.5217,1158.3766
85683,4068.6837,904.083
85684,4081.3894,847.857
85685,4079.7181,893.3219
85686,4081.9645,1018.6734
85687,4079.9782,1319.7352
85688,4073.7328,876.7376
85689,4066.7518,1170.9849
85690,4079.6675,1210.6591
85691,4076.2753,1007.5303
85692,4079.1931,1308.5301
85693,4070.4239,905.9025
85694,4076.3535,1034.0344
85695,4072.2107,1247.7095
85696,4066.2014,1160.0633
85697,4076.7772,1221.5717
85698,4071.893,1253.9379
85699,4069.1383,982.0836
85700,4061.5782,1153.5823
85701,4068.5653,1127.4832
85702,4078.7622,1325.2587
85703,4079.2073,1068.6248
85704,4064.2328,1170.6192
85705,4076.3082,1006.7023
85706,4069.6006,968.7361
85707,4064.3588,1210.1075
85708,4069.674,835.1548
85709,4072.8331,1039.5525
85710,4056.8374,868.669
85711,4074.1533,949.8609
85712,4063.8059,859.6748
85713,4062.9775,839.4073
85714,4068.2011,1194.8627
85715,4057.1472,1163.52
85716,4072.8132,1235.9995
85717,4065.3475,922.2903
85718,4068.4088,1241.0779
85719,4069.2322,1122.0942
85720,4056.5026,923.4992
85721,4064.6122,885.5425
85722,4052.8376,1047.1827
85723,4056.1605,1075.0739
85724,4058.3989,986.662
85725,4058.1476,1286.6896
85726,4060.853,1023.5067
85727,4056.6397,940.3005
85728,4048.9629,879.7231
85729,4066.7668,891.4374
85730,4065.217,1261.4863
85731,4055.5627,1280.9804
85732,4063.8557,1212.9118
85733,4045.6743,1272.2886
85734,4059.4805,1059.3809
85735,4064.2864,992.6349
85736,4052.2053,1218.5411
85737,4059.0654,997.7924
85738,4044.7035,912.8347
85739,4057.5503,1228.0002
85740,4059.4617,1132.5557
85741,4057.8731,1277.3026
85742,4046.708,1129.7905
85743,4046.3101,897.8034
85744,4041.0571,1027.1409
85745,4043.5659,918.419
85746,4040.7102,874.7456
85747,4039.0628,1189.3781
85748,4045.1216,914.3831
85749,4047.8084,1175.2735
85750,4040.4803,928.4953
85751,4052.3995,948.7691
85752,4043.4341,1267.0638
85753,4055.0126,907.6797
85754,4048.0789,1014.0756
85755,4047.3554,1064.1104
85756,4036.2279,1116.4742
85757,4047.2637,910.4499
85758,4051.7358,936.5884
85759,4044.8964,977.3389
85760,4033.2915,976.6521
85761,4040.7519,1202.5652
85762,4032.2702,890.7949
85763,4048.9418,858.1915
85764,4037.3148,835.2165
85765,4048.7672,1265.2246
85766,4046.7879,929.3843
85767,4048.4107,1001.4315
85768,4045.9126,1012.0871
85769,4036.0296,1256.7819
85770,4036.1723,1231.1097
85771,4043.6403,1177.9371
85772,4039.8807,1238.7768
85773,4047.0862,1215.2522
85774,4030.1387,972.8669
85775,4036.6901,1098.9636
85776,4029.6307,997.1473
85777,4033.9778,1279.1214
85778,4037.4341,1107.4759
85779,4043.9426,1010.4558
85780,4030.2058,1041.3366
85781,4038.9114,1129.6493
85782,4025.5612,1157.4313
85783,4042.121,1088.0392
85784,4032.4813,1253.1826
85785,4040.7601,1045.5402
85786,4023.7217,1177.8234
85787,4026.9502,1263.8781
85788,4037.4649,1204.7664
85789,4027.4081,1020.4313
85790,4021.2447,1176.1351
85791,4021.4759,1148.9493
85792,4020.0572,955.6702
85793,4030.7474,980.9543
85794,4027.5337,1191.9421
85795,4030.6441,863.5537
85796,4032.1016,1257.6754
85797,4025.1741,953.8119
85798,4034.8616,976.2486
85799,4028.6464,1215.2624
85800,4020.8977,1266.1378
85801,4021.851,1074.9373
85802,4018.4539,1284.9706
85803,4027.1983,1289.9308
85804,4015.546,880.8113
85805,4019.8157,1062.3128
85806,4021.8139,916.3889
85807,4021.8647,942.4352
85808,4011.3376,936.4181
85809,4026.0395,1161.4036
85810,4020.6495,944.3789
85811,4029.1864,1184.0679
85812,4018.1979,1129.274
85813,4022.8471,1146.5876
85814,4018.0383,1173.008
85815,4008.51,1133.0063
85816,4021.6594,980.6881
85817,4014.0327,1055.4969
85818,4012.1717,1066.9
85819,4023.0848,969.9966
85820,4018.7338,890.1269
85821,4022.6766,1231.8345
85822,4018.1022,1258.2694
85823,4020.0769,988.3051
85824,4013.4159,931.7435
85825,4006.8061,1169.5609
85826,4014.3999,1202.5911
85827,4007.5168,1299.7112
85828,4006.6464,983.0126
85829,4013.6729,1015.8071
85830,4007.6147,1295.1167
85831,4013.3162,831.0934
85832,4007.2475,930.9215
85833,4013.6137,1167.7104
85834,4000.3401,843.285
85835,4015.6448,834.2292
85836,4003.2255,1284.2476
85837,4014.8598,878.2672
85838,4005.6914,1239.7212
85839,4008.283,1233.6183
85840,3996.7673,1256.3431
85841,4011.1849,1268.5171
85842,3995.6051,1012.6189
85843,4002.2289,1311.1222
85844,4005.7829,1081.9956
85845,3999.4473,1148.3344
85846,4007.2527,1256.1753
85847,3995.7432,1196.4131
85848,3999.2991,1171.3889
85849,4005.5632,1077.6602
85850,4005.6396,1312.0519
85851,4003.6214,1190.3129
85852,4002.1831,1082.6796
85853,3998.6744,1016.4334
85854,4002.0334,1218.9036
85855,3989.3848,928.3362
85856,4000.649,1114.3452
85857,4000.705,877.4165
85858,4005.2535,1064.998
85859,3987.891,842.104
85860,3997.145,1138.5469
85861,3994.7075,1049.26
85862,3990.3869,1087.8915
85863,3990.5147,1018.5998
85864,4003.7942,1313.4834
85865,3986.8436,1239.8291
85866,4000.1712,1200.9617
85867,3993.0638,851.6467
85868,3997.0039,1222.532
85869,3991.285,982.6372
85870,4000.8944,887.0012
85871,3989.4728,1063.0285
85872,3986.8587,829.5337
85873,3990.8074,1148.0213
85874,3988.4626,1154.778
85875,3994.7816,1207.5833
85876,3996.9464,1303.3855
85877,3984.3408,877.2029
85878,3988.8845,1027.4907
85879,3978.666,959.2629
85880,3980.5861,1269.3197
85881,3990.5076,1202.9314
85882,3993.8936,1027.4093
85883,3984.3838,815.7329
85884,3988.9725,1207.9606
85885,3989.0695,1289.3902
85886,3986.8229,893.0438
85887,3976.1497,1018.0056
85888,3982.5774,1094.3691
85889,3983.6301,1266.5428
85890,3984.4984,1132.1563
85891,3984.7391,1185.9143
85892,3982.488,1174.1549
85893,3984.7307,897.915
85894,3991.0559,1069.6982
85895,3973.4686,826.5281
85896,3977.587,1037.9834
85897,3986.1913,1165.382
85898,3983.3197,940.5926
85899,3976.2093,1169.5739
85900,3979.5095,1217.4962
85901,3970.0702,1072.8524
85902,3979.1407,1244.2388
85903,3979.1355,921.2903
85904,3968.3469,1263.4815
85905,3976.9053,1222.0815
85906,3979.0048,894.8781
85907,3969.3002,1122.0786
85908,3972.2984,1204.3213
85909,3983.1181,1158.2172
85910,3982.2964,1111.8562
85911,3975.549,882.4572
85912,3965.8724,848.8869
85913,3964.4123,850.7338
85914,3966.3382,1189.5892
85915,3980.7887,1207.2129
85916,3961.3923,997.511
85917,3967.0414,1273.6579
85918,3964.3019,1002.165
85919,3978.9732,901.5502
85920,3972.8321,973.0818
85921,3969.2844,1249.366
85922,3967.9774,1058.1639
85923,3960.6124,1118.4719
85924,3959.5447,1110.6037
85925,3963.5316,1141.792
85926,3963.0131,909.4749
85927,3965.8314,1233.5831
85928,3972.394,998.8906
85929,3970.5364,915.6067
85930,3954.6094,904.8401
85931,3972.6191,831.2569
85932,3961.6407,919.8263
85933,3955.7093,911.3263
85934,3962.1046,1171.5232
85935,3957.246,841.5499
85936,3961.1599,905.2218
85937,3960.0605,1120.9119
85938,3969.9075,1121.4405
85939,3968.8785,1109.7705
85940,3954.0201,946.4313
85941,3955.0887,1224.5593
85942,3953.3278,1177.0699
85943,3959.8054,857.195
85944,3959.4537,1295.5034
85945,3953.1499,1235.1494
85946,3956.8024,1037.1243
85947,3964.0149,1050.6649
85948,3963.6407,890.3308
85949,3962.3292,858.9888
85950,3958.8253,1238.2749
85951,3961.7905,988.077
85952,3954.5733,1007.2506
85953,3950.6396,823.2306
85954,3948.9758,1039.1374
85955,3944.9406,1162.3287
85956,3947.6249,1064.0283
85957,3950.9853,853.581
85958,3958.4061,1190.9907
85959,3951.9265,1095.1326
85960,3960.2421,817.6181
85961,3947.4342,1297.1653
85962,3948.571,926.6824
85963,3954.6569,1111.2182
85964,3941.345,856.2139
85965,3952.1548,869.0118
85966,3943.7331,1022.0271
85967,3947.8483,930.0955
85968,3942.0918,1275.2792
85969,3950.1354,1202.8613
85970,3946.2066,1161.0557
85971,3944.3441,1176.9781
85972,3941.8971,1156.8942
85973,3942.2709,881.5997
85974,3944.1629,947.5959
85975,3945.3539,1046.5755
85976,3934.456,897.975
85977,3951.6716,910.7302
85978,3942.1683,822.0693
85979,3947.1643,1076.6436
85980,3936.0591,973.608
85981,3948.4082,1087.8084
85982,3946.3933,1092.2063
85983,3944.5454,1169.3019
85984,3936.5992,1267.769
85985,3934.8652,860.0336
85986,3935.8167,869.6564
85987,3943.7488,1089.1649
85988,3931.5365,1021.0206
85989,3938.5514,1177.039
85990,3932.7025,1026.3904
85991,3936.4976,883.4339
85992,3931.8779,843.8144
85993,3941.0225,970.1656
85994,3925.2411,1158.0413
85995,3933.9632,977.7359
85996,3941.0572,1098.6821
85997,3925.9123,1169.82
85998,3938.5041,968.1346
85999,3923.5106,1090.7539
86000,3931.0152,958.033
86001,3921.3291,1265.3164
86002,3923.9658,931.9949
86003,3939.6072,1075.2082
86004,3928.1033,1104.8645
86005,3936.2582,924.9482
86006,3935.4073,1264.2117
86007,3927.8339,976.1343
86008,3931.1116,978.4304
86009,3917.7142,1158.442
86010,3925.8258,852.9665
86011,3918.758,1096.3263
86012,3919.2997,858.0058
86013,3916.28,1206.7023
86014,3916.7838,1143.2958
86015,3918.5289,1001.4127
86016,3932.2079,1242.4304
86017,3932.1573,822.6815
86018,3921.8098,802.9903
86019,3917.1299,907.2321
86020,3926.7042,841.671
86021,3924.548,1163.1829
86022,3930.4541,1016.2455
86023,3914.5958,1075.6116
86024,3923.7979,917.8503
86025,3927.701,869.1414
86026,3927.4272,1251.703
86027,3927.7463,1175.0758
86028,3919.0888,798.141
86029,3925.882,1168.741
86030,3909.7128,1162.6978
86031,3908.1305,1110.798
86032,3912.4944,1038.6271
86033,3913.4458,1264.315
86034,3908.9432,1281.4699
86035,3921.5994,1265.2937
86036,3904.7995,1270.8485
86037,3909.2811,797.0594
86038,3920.9365,1038.96
86039,3908.8561,1265.5785
86040,3906.6745,1099.6692
86041,3906.6734,1062.9245
86042,3905.4748,964.9051
86043,3905.7124,1171.3138
86044,3907.6051,1141.1111
86045,3915.0485,1136.6343
86046,3915.1776,862.6348
86047,3911.5504,900.7162
86048,3912.2025,996.2524
86049,3907.6252,949.8344
86050,3916.3371,1254.7195
86051,3910.1647,1135.2714
86052,3906.1859,832.478
86053,3909.9904,961.409
86054,3908.3939,1050.3333
86055,3914.6186,1082.5153
86056,3905.7737,1249.9831
86057,3903.0357,1073.6396
86058,3893.8355,833.2929
86059,3902.5172,1140.2901
86060,3903.4083,1055.0674
86061,3906.5295,996.1405
86062,3896.2984,1156.8196
86063,3910.6112,1121.0102
86064,3901.9079,1050.4074
86065,3897.504,1179.3566
86066,3908.882,830.9332
86067,3895.8824,798.003
86068,3890.7097,1255.531
86069,3903.8978,840.8762
86070,3890.083,1149.6991
86071,3891.0072,870.8001
86072,3896.3037,838.3896
86073,3894.2467,1168.3373
86074,3888.7418,868.554
86075,3901.4879,1082.3471
86076,3892.4102,891.8279
86077,3900.2695,1131.603
86078,3892.0517,1262.2796
86079,3886.1184,952.982
86080,3902.537,855.9784
86081,3899.636,1115.5619
86082,3892.6712,990.4757
86083,3884.1732,1084.742
86084,3887.8246,1183.292
86085,3883.8903,990.9919
86086,3890.5834,1167.5754
86087,3888.2886,1131.179
86088,3884.8131,880.5993
86089,3883.6581,873.3252
86090,3880.753,1238.2124
86091,3896.052,825.9776
86092,3881.6435,1061.5389
86093,3883.1173,1244.5038
86094,3879.7017,1268.4254
86095,3877.7023,1180.064
86096,3889.44,849.7266
86097,3893.0626,1214.2498
86098,3880.7915,1041.0329
86099,3883.7566,1116.2263
86100,3880.0806,1164.6682
86101,3887.0896,872.5425
86102,3878.216,978.3203
86103,3876.7222,1093.6524
86104,3872.683,857.7554
86105,3886.5272,908.2512
86106,3878.2373,1110.0556
86107,3884.5785,1041.5967
86108,3877.0066,1256.3286
86109,3885.5783,1169.7308
86110,3884.493,1270.1835
86111,3873.5738,1250.8999
86112,3871.9344,1035.6
86113,3878.955,1183.1538
86114,3885.2117,1261.5627
86115,3885.0783,1261.8474
86116,3876.2685,1126.055
86117,3868.5691,1123.9012
86118,3878.5491,1215.22
86119,3876.0216,847.519
86120,3869.7516,1046.2164
86121,3877.2521,915.1946
86122,3880.0585,948.8296
86123,3872.2888,1086.3981
86124,3871.1371,979.789
86125,3879.8847,871.5882
86126,3863.3386,1249.3921
86127,3860.2715,920.0932
86128,3877.1282,1255.2446
86129,3875.4785,923.5403
86130,3873.5208,990.6443
86131,3870.8937,1228.9258
86132,3859.9758,882.072
86133,3866.1955,992.933
86134,3875.051,890.657
86135,3871.9207,1137.1722
86136,3869.1255,866.8129
86137,3857.2212,1152.7003
86138,3864.6047,787.7278
86139,3860.1636,827.4183
86140,3860.1406,1255.5662
86141,3861.2333,1152.1865
86142,3853.1849,790.2675
86143,3853.6542,1243.9894
86144,3863.1773,923.4574
86145,3859.2956,969.3592
86146,3853.6258,1234.0276
86147,3858.517,1253.6671
86148,3863.3678,998.2206
86149,3862.7795,1052.0797
86150,3849.1834,1263.3934
86151,3862.447,1144.2565
86152,3865.9349,1136.8462
86153,3850.6957,995.5812
86154,3861.0542,1083.0475
86155,3846.0832,787.3989
86156,3847.0286,1216.4105
86157,3848.1573,1043.9071
86158,3845.6891,972.5424
86159,3852.6723,808.9853
86160,3849.4429,1123.7142
86161,3851.239,1256.8254
86162,3860.6634,1056.095
86163,3854.9693,1100.0509
86164,3848.5763,916.1107
86165,3849.6432,1042.0985
86166,3856.4225,995.1549
86167,3842.6542,878.2807
86168,3857.0311,953.2194
86169,3847.957,1015.5109
86170,3840.9327,1073.5113
86171,3846.9066,985.2909
86172,3837.8439,957.6982
86173,3850.0062,1035.8786
86174,3854.8542,1131.1595
86175,3838.824,815.3911
86176,3853.6269,906.9135
86177,3842.5754,1082.1221
86178,3845.0305,1004.1947
86179,3842.2199,1178.3504
86180,3850.2341,978.1526
86181,3851.3994,1237.3621
86182,3841.8473,1075.6645
86183,3834.8479,1258.094
86184,3837.4053,1187.4299
86185,3838.287,921.5734
86186,3839.807,1186.4659
86187,3838.9761,1253.8279
86188,3831.2288,1099.0361
86189,3840.1654,1172.7566
86190,3832.0379,880.2384
86191,3830.6999,1110.1319
86192,3840.7096,1127.6511
86193,3827.1479,1214.7841
86194,3827.3385,1239.4028
86195,3829.5967,1229.9792
86196,3825.683,815.161
86197,3826.3529,938.2396
86198,3832.2241,1201.7349
86199,3824.6465,1231.7305
86200,3828.1974,929.5951
86201,3837.5381,1227.4942
86202,3828.4208,945.9966
86203,3833.826,797.492
86204,3825.6496,1225.2992
86205,3838.5333,940.3662
86206,3829.5192,885.886
86207,3825.7012,1243.4358
86208,3832.7188,970.3867
86209,3825.5361,1035.7521
86210,3831.8534,1060.0353
86211,3826.5426,922.0203
86212,3825.1448,948.0239
86213,3832.6678,1172.4722
86214,3818.3063,1142.8279
86215,3824.7275,1057.285
86216,3833.9532,1247.6992
86217,3817.0425,849.1051
86218,3830.5655,821.9852
86219,3829.724,885.1543
86220,3819.8086,1000.8773
86221,3818.371,872.3398
86222,3816.9595,1067.1535
86223,3815.7642,1243.1964
86224,3812.5704,955.6637
86225,3816.3,1155.3072
86226,3823.5067,990.444
86227,3812.0727,1170.6774
86228,3812.4241,779.3239
86229,3822.3727,1192.2975
86230,3825.0599,1088.1753
86231,3810.4646,1249.6841
86232,3808.1835,1050.2684
86233,3814.637,1219.3612
86234,3814.4803,819.2627
86235,3823.9553,1053.413
86236,3820.493,797.5859
86237,3818.3551,964.0199
86238,3820.9979,931.6439
86239,3808.8379,1051.5362
86240,3803.7385,952.5326
86241,3815.3449,908.3525
86242,3815.158,1195.2691
86243,3807.9593,820.4624
86244,3803.5762,1084.6833
86245,3806.6135,1239.8115
86246,3806.8045,1225.637
86247,3808.3985,1016.461
86248,3816.6194,835.992
86249,3809.8572,1034.9773
86250,3797.6031,836.8635
86251,3797.6749,771.2046
86252,3802.2203,900.174
86253,3800.1823,1135.482
86254,3809.2516,994.1455
86255,3810.9628,1030.1759
86256,3812.1386,996.9074
86257,3804.3912,1110.6229
86258,3800.5253,951.4262
86259,3801.7019,1016.2598
86260,3810.1794,1109.0024
86261,3805.432,1170.6066
86262,3791.4447,1185.8851
86263,3794.4805,867.2922
86264,3804.9318,998.411
86265,3797.3216,854.0842
86266,3795.0324,790.9851
86267,3792.2707,1161.3416
86268,3792.4421,1163.3574
86269,3798.9532,962.0595
86270,3794.6034,1024.7336
86271,3798.2375,1002.2312
86272,3796.9876,892.9815
86273,3785.7674,1070.8557
86274,3795.2898,1169.3007
86275,3793.3262,824.6374
86276,3795.1777,880.9811
86277,3795.4964,1127.3101
86278,3797.7928,1103.1879
86279,3795.5122,1239.14
86280,3795.1126,951.3389
86281,3781.8266,824.3811
86282,3797.0516,855.9708
86283,3797.2075,993.6238
86284,3786.0224,881.7264
86285,3786.3767,1034.6912
86286,3782.8075,769.9986
86287,3790.4865,785.1559
86288,3783.4221,863.1049
86289,3793.5756,1182.2337
86290,3782.4845,836.1716
86291,3782.4312,1142.665
86292,3779.0648,926.403
86293,3774.6826,1235.7395
86294,3783.0068,999.4002
86295,3785.3528,993.3941
86296,3779.3406,1029.4467
86297,3786.242,1121.5887
86298,3785.3918,1107.5274
86299,3779.0748,1183.405
86300,3782.5592,1044.4513
86301,3783.6452,1087.2113
86302,3787.96,1120.4352
86303,3783.646,1128.6051
86304,3779.7578,870.6177
86305,3785.3931,973.8727
86306,3769.1385,1231.63
86307,3781.6447,1119.0433
86308,3779.6686,1120.3479
86309,3771.8435,1195.1983
86310,3780.8862,926.2833
86311,3772.9172,958.047
86312,3778.1487,1186.7358
86313,3780.011,1179.7223
86314,3773.1732,1075.9908
86315,3763.1005,1077.6772
86316,3776.5376,1138.5827
86317,3772.3809,1106.6617
86318,3777.035,1073.6731
86319,3778.4149,1138.6451
86320,3759.958,947.0018
86321,3772.659,911.6122
86322,3760.4611,925.2557
86323,3765.5914,1016.2049
86324,3760.3407,863.649
86325,3768.4814,1204.127
86326,3768.2792,837.3001
86327,3769.0452,1137.1234
86328,3759.4877,1183.9156
86329,3762.1291,820.4815
86330,3763.0793,1061.3684
86331,3765.9596,988.2768
86332,3764.6677,1123.3141
86333,3769.9925,916.0859
86334,3758.0511,1071.8865
86335,3767.9973,856.5835
86336,3759.5996,917.5366
86337,3764.3861,1162.2153
86338,3757.3465,879.8299
86339,3758.192,944.64
86340,3753.5897,1102.0895
86341,3760.4593,828.256
86342,3753.5394,890.1696
86343,3755.4395,1162.8005
86344,3760.1738,793.2098
86345,3747.6422,1135.3116
86346,3747.1042,1093.5762
86347,3757.7629,897.0351
86348,3763.324,946.5606
86349,3759.2259,1078.2842
86350,3746.7032,1030.0362
86351,3753.1134,814.8359
86352,3742.9686,1122.6877
86353,3743.6517,834.859
86354,3752.1488,1138.0144
86355,3758.8291,889.197
86356,3755.8439,1031.7104
86357,3742.0481,1074.4725
86358,3755.2719,1077.1456
86359,3749.9371,1193.0601
86360,3752.1792,782.7306
86361,3752.8574,819.5519
86362,3746.031,1229.861
86363,3753.5581,1134.2579
86364,3748.369,952.6505
86365,3748.7539,951.852
86366,3738.5388,1160.8362
86367,3748.1503,1125.5698
86368,3736.9281,1095.2842
86369,3735.1086,913.4451
86370,3748.9775,870.9722
86371,3749.9271,1159.5879
86372,3746.5618,797.955
86373,3735.6014,814.189
86374,3731.2954,852.6949
86375,3730.8727,930.9633
86376,3735.1053,973.5157
86377,3731.6835,1142.4027
86378,3742.0615,786.7738
86379,3738.8611,1141.8327
86380,3734.8273,955.6669
86381,3738.1859,873.595
86382,3734.4109,1141.741
86383,3738.9581,996.7973
86384,3730.3798,760.1154
86385,3729.0636,1145.4681
86386,3741.1865,967.273
86387,3736.0436,1203.857
86388,3736.9956,806.0505
86389,3730.3364,1060.3868
86390,3723.8067,1120.4165
86391,3738.9638,977.1512
86392,3720.461,818.3543
86393,3735.9499,779.575
86394,3735.1985,1103.2945
86395,3724.0369,772.8107
86396,3734.9623,847.1312
86397,3726.2164,777.926
86398,3726.1526,1019.2558
86399,3732.1976,881.836
